0
1290.8705000000004
1538.3214999999998
1656.0515000000014
1756.3548333333322
1537.5698333333344
1563.2708333333348
1460.319833333333
909.8196666666665
953.1628666666674
1596.428333333334
1588.893833333333
1626.948500000001
922.4203333333332
1847.1346666666673
652.1576666666667
900.5731666666672
1868.152
1672.8824999999997
1559.150500000001
1594.1616666666673
1660.8311666666675
1543.5365000000013
931.3535
1835.2748333333323
1515.3798333333334
661.6139999999999
774.2336666666667
1830.9763333333342
1538.8421000000005
1527.9086666666667
298.17716666666666
1021.5601666666661
1912.9195000000007
1760.0389999999998
1748.7356666666678
1844.5059999999987
381.8318333333333
1173.7198333333333
1881.6618333333336
677.2568333333331
924.3260000000006
1503.5014166666674
1592.8003333333338
1783.7606666666668
1807.0974999999996
1595.3265000000001
934.9013333333336
1828.1759166666689
1015.384
1754.1001666666682
1774.5624999999973
1584.285166666667
1172.7225000000003
2061.765666666668
2017.3845000000003
1721.9114999999997
1629.1776666666665
1845.0995000000005
1812.9811666666674
1585.8223333333317
1691.2910000000006
1732.2359999999999
1752.4454999999987
1375.5451666666652
1527.7726666666658
1592.0956666666664
1632.472833333334
1640.9405999999994
1682.9623333333336
1813.6623333333334
1616.4766666666674
1658.4141666666649
1675.685666666667
1906.5310000000004
1575.9848333333352
1614.9261666666669
1659.2358333333345
1630.6769999999997
1607.299166666667
479.0066666666666
1903.3235000000009
1048.8690833333337
1781.2661666666681
1725.6515000000018
1498.5510000000004
1742.6821666666674
1148.551
1926.2676666666655
1926.079166666667
1064.3563333333334
1680.0341666666666
1551.759249999999
882.4065000000005
1797.0023333333338
1572.9935000000005
1679.499833333333
1457.1541666666665
490.47416666666663
1741.3665833333334
1583.2026666666673
1646.0509166666677
435.22900000000004
1863.4998333333322
1689.662166666666
1707.2243333333333
1716.9823333333336
1578.3878333333332
1604.4988333333333
1612.615833333334
1973.9651666666675
1697.1906666666657
1840.3783333333329
1529.8383333333338
1573.469666666667
785.6529999999999
790.2159999999997
1725.1926666666664
1623.6171666666673
1199.1153333333334
1782.9274999999993
1078.5290000000005
595.7586666666665
1245.5766666666664
519.8153333333335
865.3441666666666
1606.749000000001
2291.082000000002
1857.715333333334
1805.0131666666666
1601.6166666666657
1130.2215000000008
1682.5831666666663
625.5000000000002
1721.213499999999
1691.6490000000006
720.9368333333335
510.4331666666665
1895.1871666666675
1702.077166666666
1522.4961666666672
1806.937833333334
1832.2110000000014
1680.6790000000021
1963.045749999999
1589.2433333333345
1926.6207499999994
1579.8570000000009
2016.8416666666662
1587.6085000000012
1652.0229999999995
1613.4233333333336
1379.8261666666672
1794.2665000000002
1525.6819999999993
1722.1528333333329
713.5858333333333
1706.4926666666665
1690.7369999999994
2062.6379999999995
1719.6403333333346
1929.5909999999988
1748.7273333333342
1640.7413333333327
1940.9715
1738.5806666666674
1817.5070000000014
1003.142
2105.2675000000013
1548.9849999999997
1503.2140000000015
1849.8713333333328
1878.0338333333314
1717.2621666666676
1858.6732499999996
1842.0199999999995
778.476666666667
1647.254366666667
2071.8103333333343
1659.4978333333331
735.8286666666667
1559.1601666666672
1775.7349999999994
1757.4803333333334
2032.8093333333331
1421.7580000000003
1813.5703333333347
1569.0333333333324
1217.612666666667
1778.8865
1903.9141666666671
579.9801666666668
1597.9051666666664
1659.7864333333343
1436.5415833333325
1751.247166666664
1722.5604999999991
1590.3989999999983
1694.6314999999997
1583.718833333334
1746.222166666667
1923.3601666666675
1833.6341666666667
653.0669999999998
1581.1173333333315
1679.0536666666662
252.98450000000005
1772.1499999999992
1612.4174333333326
1622.455333333333
624.3068333333331
1539.715333333334
1916.423833333335
1667.2834999999989
1835.2129999999993
1972.3299999999983
1638.9040000000014
1605.7183333333335
1678.4580000000005
1917.3453333333327
1532.7645000000016
679.4529999999999
1723.6511666666665
1668.111166666667
1771.8515000000014
1882.897333333335
1560.710000000001
1799.476999999999
1438.287333333333
1174.2173333333333
1687.5846666666669
1709.8963333333327
1528.0126666666674
1780.0783333333325
1636.3563333333336
1748.0751666666672
1751.4211666666665
1811.7948333333322
2163.9998333333347
660.1950000000002
1813.0394999999994
1916.4679999999985
666.9531666666669
1648.4205000000009
479.31766666666664
1840.2506666666661
1868.3205000000012
1919.2664999999984
1615.6225000000004
1834.1776666666653
662.7860000000001
1809.7246666666665
1442.5056666666665
1784.9220000000005
813.1434999999999
1918.4531666666676
1652.502499999999
1887.6306666666674
1841.7566666666671
1292.6608333333336
1589.4339999999993
1009.3931666666667
1682.2246666666672
1939.8011666666653
1642.4590000000019
1791.9196666666674
1662.1599999999994
1776.2928333333327
1668.9885000000013
1773.1500000000008
1947.7461666666682
1375.423166666667
1827.7620000000004
1530.2054999999996
1676.756500000001
2002.1643333333327
1781.3530000000005
1866.4263333333338
1499.3626666666676
1962.6983333333333
1636.6755000000003
1690.3130000000015
1823.1171666666662
1929.085166666667
1024.8815000000004
1736.7955000000009
1672.9361333333338
1850.5365000000013
1719.7163333333358
522.3513333333333
1991.7556666666662
1615.5436666666667
2095.574
1859.9853333333326
1467.976666666667
1722.0971666666665
2085.5316666666663
1522.5826666666676
1679.0783333333325
1080.9793333333332
615.7558333333335
378.1278333333334
1788.279
1885.8866666666656
1822.2478333333343
1775.2525000000016
1870.6880000000008
764.1981666666669
1684.4903333333348
1700.1878333333334
1513.0685
2028.1744999999985
1668.864666666666
596.1956666666667
1133.0178333333338
576.3003333333332
1851.0240333333325
1733.3683333333336
1694.588333333334
1607.2576666666673
1720.9365
1089.1483333333338
1678.6850000000013
1929.7018000000014
1708.5710000000004
1661.1129999999982
1627.4905000000008
1804.7355000000011
1767.968499999999
1679.4206666666685
1654.7901666666662
1673.1081666666655
1677.172166666667
498.65966666666674
1757.328833333334
1747.712833333335
1942.6851666666676
1614.484666666667
1757.3168333333322
1754.6151666666663
1504.4269999999983
1645.7209166666667
1522.967
1765.410833333334
1629.8796666666674
1679.0454999999995
1782.0348333333334
2324.1451666666667
615.7023333333334
1621.142833333334
1753.0798666666662
1405.1050000000002
1692.4418333333338
1631.0915000000014
636.3114999999999
1660.695833333333
1958.2981666666656
1706.9214999999995
1862.3231666666666
217.31333333333336
1888.2304999999997
1895.9671666666657
750.4340000000002
578.1383333333334
499.2388333333333
1740.3065000000006
1745.902666666666
1758.8753333333334
1822.330166666666
612.0946666666667
915.2629999999999
1767.439333333332
1788.4693333333337
1590.6658333333335
1631.1524999999988
1831.698666666668
1664.4346666666675
1615.3996666666667
1792.2470000000005
1534.7478333333333
1811.2685000000015
1500.8331666666666
1705.378333333332
1626.3774999999996
1486.2090000000005
1828.2389999999998
1773.4060000000006
1937.3826666666682
1592.3520000000021
1730.3893333333344
1509.6481666666664
1648.69
1031.1115000000002
1848.4889999999991
863.6176666666665
1919.6428333333336
1427.1964999999996
2031.6186666666663
1719.8111666666673
2070.661
2044.5188333333335
1817.2168333333314
1948.4836666666658
2289.192333333332
858.6243333333338
919.0724999999998
1633.099666666666
471.01316666666673
1214.2185000000006
1986.272999999999
669.7250000000001
1328.200999999999
1754.818833333334
638.3728333333337
1338.5823333333344
1664.8309999999988
2056.060333333334
1934.8294999999985
1529.316833333333
1749.268000000001
1598.783333333334
1048.5510000000002
1873.7306666666673
1649.7600000000002
1722.0983333333331
1511.837666666666
1646.2121666666671
1572.4299999999996
1796.7444999999993
735.7313333333329
1500.0488333333333
1652.3328333333338
1567.7511666666653
875.1588333333332
1511.1296666666663
1679.8325666666667
2013.8731666666672
1839.8903333333335
326.18166666666673
946.6963333333335
1670.2895000000003
1747.0048333333334
2050.1308333333345
1647.5071666666672
1536.4493333333342
1519.5264333333346
981.8288333333338
1953.440000000002
1735.0458333333345
1682.096166666666
1728.912499999999
532.6546666666667
2031.6316666666673
378.882
561.0311666666665
1866.5588333333337
2077.755666666666
538.3438333333334
1742.4438333333333
1315.3531666666656
884.0226666666667
746.6793333333338
982.7391666666665
2014.9419999999998
1801.5609999999988
1900.4558333333343
1792.7171666666684
683.9571666666667
1639.609333333332
1500.4498333333331
1536.6154999999987
1821.5743333333335
1799.441250000001
996.7545
1370.4165000000005
1793.2994999999996
1901.153333333335
1317.9571666666666
958.282
1260.814
1970.1714999999995
1470.8031666666675
772.5486666666667
753.6426666666665
1493.866833333333
507.7287499999998
687.9978333333336
1597.7264999999998
473.5778333333335
1860.9820000000007
1750.648999999999
1516.8581666666662
1386.3591666666666
1769.1845000000008
1472.3975000000012
1508.8343333333346
1881.5313333333324
1795.549166666666
1666.3188333333321
1750.145666666665
1616.5711666666675
528.8735833333334
1512.9172833333334
1808.5039999999992
424.9613333333334
1469.4810833333333
1942.939833333334
795.9011666666668
1515.2893333333332
590.9150000000001
748.9486666666667
1680.8744999999997
1999.7450000000008
1688.370833333334
1967.2711666666687
1634.8386666666668
300.582
1863.218833333333
739.9046666666669
584.1224999999998
671.7653333333334
507.06766666666675
1826.228166666667
865.0844999999999
1810.1786666666662
1773.313999999999
461.8304999999999
1711.1320333333322
795.0656666666667
1467.1711666666667
1241.1788333333332
940.1928333333335
1726.7470000000005
1120.7933333333328
1804.5381666666658
1263.1833333333325
703.8406666666671
844.9273333333334
312.94483333333335
906.3584999999999
562.4089999999999
362.72149999999993
1410.1721666666676
481.46333333333325
1616.6490000000008
1883.6746666666675
1835.4993333333337
1994.2233333333343
1031.5249999999999
448.07883333333336
1831.2178333333343
1953.1478333333334
704.6893333333331
1654.6610000000016
1201.8059999999998
367.32633333333337
680.4583333333334
1444.0313333333331
1956.8325000000007
1834.0573333333327
1821.3111666666673
986.3448333333331
633.221166666667
1656.6414999999997
435.7901666666665
1646.132166666666
1720.7478333333315
446.6900000000001
1870.9820000000004
1952.9431666666674
267.5441666666667
1596.8958333333342
1164.5563333333337
601.9641666666668
1644.5471666666667
1823.4893333333346
706.6005
1727.2218333333328
1775.640666666666
493.3938333333334
1900.0526666666656
738.4676666666669
1823.2181666666663
1123.0877999999996
2046.4340000000013
1064.6690000000006
988.5589999999996
459.4453333333335
2130.188333333334
1248.9503333333325
1982.0016666666666
1708.6519999999994
897.4705833333329
468.43400000000014
719.5113333333334
1481.6809999999996
1814.1371666666673
865.7766666666666
657.2415000000003
1034.042833333333
916.4883333333336
1387.5920000000003
633.1778333333335
1270.803333333333
1823.1508333333336
1004.9592499999999
1128.4669999999999
1873.101500000001
1874.5295000000017
1847.4991666666679
1580.1823333333332
2241.7699999999986
1517.1438333333324
1879.7343333333347
1685.433000000001
445.74150000000003
380.64333333333343
1879.1038333333331
748.6704999999998
2038.962333333336
1624.0706666666672
1338.9250000000002
1243.7391666666672
1841.2038000000002
794.5536666666668
2040.426666666667
1034.7214999999994
1534.4088333333343
289.47883333333334
1948.685333333333
1779.8368333333324
727.2006666666667
591.7008333333333
1773.327000000001
2019.8626666666687
806.52
1861.4332166666672
505.2195
545.6251666666665
243.9438333333334
1609.1663333333336
376.37149999999997
881.6476666666667
614.1003333333334
850.7878333333335
459.28950000000015
1664.9633333333331
491.1591666666666
562.6146666666666
490.50316666666663
1688.1267166666655
786.1204999999998
738.5470000000003
2160.6265000000008
1812.4168333333341
564.4638333333337
1961.0363333333332
1708.1324000000004
251.4135
1441.398333333334
1131.2561666666656
1721.4824999999998
1926.9913333333332
1858.7269999999996
292.6758333333333
2081.319000000001
1325.1026666666667
201.7211666666667
1423.410166666667
1414.0789999999995
744.7953333333334
2163.7645
2094.6745000000014
1947.7616666666656
1815.3485000000003
1928.4679166666656
1804.287833333335
1060.3719999999996
1970.1666666666658
1572.6537500000015
2002.5303333333309
1295.0800000000004
1143.671166666667
565.6493333333334
1196.0240000000008
1637.5088333333317
657.2161666666668
1881.2753333333337
457.33300000000014
2021.8796666666663
1776.9435000000021
2044.8113333333333
1717.1323333333337
662.2741666666667
1133.8873333333327
1690.8264166666665
1119.3167499999995
1964.9928333333337
1012.8661666666666
1213.3334166666664
2030.179666666665
2314.4286666666667
2021.6389999999997
1717.379750000001
1670.9352500000007
1952.7268333333327
1785.9017833333335
1952.6796666666683
1747.2864999999993
1238.5513333333333
1931.6463333333354
666.1068333333333
1619.475333333332
584.4888333333334
675.3245000000002
962.8989999999999
1726.204166666669
1501.3111666666666
1772.1540000000011
1844.8666666666663
979.6953333333332
1868.8736666666668
1909.4200000000008
755.0685
1207.4034999999994
1817.183166666667
1845.8356666666666
1743.945833333334
1700.9623333333332
1921.958666666667
1838.9209166666658
1796.1187500000017
1806.8739499999995
1247.2819999999997
1824.0963333333323
1803.473833333334
1695.7883333333325
517.1650000000001
1548.1190000000004
1417.3785000000005
1824.4225000000006
1809.7421666666658
1547.8256666666684
2185.651666666666
1690.8015000000012
2017.6124999999997
1911.844333333334
1208.7886666666668
1088.3745000000001
2164.900166666665
2191.7325000000005
1980.2920000000001
1776.7535000000007
370.7209999999999
1201.6175
1717.2996666666672
2034.2658333333343
1985.7479999999994
1444.7835000000005
1959.978166666665
936.4100000000003
1786.7173333333344
1722.7388333333333
1921.1201666666657
1801.2501666666658
1676.6190000000015
2002.8381666666664
1839.0536666666667
1822.689499999999
755.4771666666668
1843.8573333333334
1729.7945000000013
1690.8846666666664
1786.8606666666665
360.91583333333324
1765.1605
1858.3316666666663
1932.4268333333357
670.0803333333332
1119.8290833333328
2000.3145000000002
1657.6306666666653
1197.510166666666
1880.3703333333358
1982.2943333333342
952.3606666666668
1406.114666666667
1791.8521666666675
1215.6336666666662
519.5928333333335
1942.2289999999994
1611.4081666666675
320.1414999999999
1213.8379999999997
1834.8210000000001
1653.6495000000011
1823.5858333333329
714.3653333333331
746.2578333333333
1807.1395
1679.5878333333326
338.8618333333334
2086.7670000000003
1793.5978333333328
1835.1468333333335
2138.824
1784.29725
2010.6926666666661
2091.1566666666668
1745.357333333333
1669.709666666666
1800.2283333333316
1870.4116666666685
1852.4664166666657
1457.7768333333331
1606.994333333334
1876.2766666666646
1767.75775
1141.8989999999992
2017.0308333333323
1203.1318333333331
504.0768333333334
1678.7584166666668
1683.755833333334
1314.7038333333342
1705.480833333332
1741.4021666666663
1209.8546666666662
1819.6326666666662
856.6194999999996
2099.956166666665
1996.2393333333316
1817.5228333333337
630.6641666666668
1069.4022500000003
2167.5422500000013
2014.628833333333
1087.1333333333328
1252.0659999999998
1886.0998333333325
1893.7366666666685
1992.598666666667
325.76466666666676
867.0256666666667
1323.2703333333334
1946.6894999999981
1923.8581666666657
1646.6073499999998
1846.0419999999997
1459.8595833333334
1942.7103333333334
1729.7005
937.3875000000003
1644.4681666666663
365.5996666666666
1969.6796666666678
878.593166666667
870.0383333333331
516.1401000000002
749.3728333333332
1614.4305000000002
2072.9518333333344
1968.2403333333336
367.49549999999994
1267.7084999999997
1499.5776666666668
1728.9928333333335
1052.0986666666665
577.3045000000002
556.5246666666668
1984.758333333333
1039.760333333333
1923.5449999999987
1745.1358333333353
1213.6435000000004
706.0355000000001
1772.650000000001
1829.5700000000013
1741.1041666666677
2011.9970000000012
1664.792416666667
1814.3500000000006
531.2306666666667
1793.0478333333322
1560.8510000000006
1756.6038333333345
1732.635666666667
1701.0133833333327
1891.2975000000008
1601.7729999999988
1658.8770833333342
1143.9691666666668
791.8570000000001
1637.9548333333332
1632.977333333332
720.4028333333334
1679.5331666666657
1017.6553333333334
654.2418333333331
1870.1936666666672
808.8186666666664
564.3448333333334
1921.4378333333327
903.0851666666669
1593.321166666668
1862.8119166666665
605.8780000000003
1610.0676666666675
1597.0164999999988
1067.3388333333337
1073.8031666666668
491.9581666666668
566.1225
1699.8954999999996
2047.0076666666669
1900.656833333333
1645.6329999999994
470.46499999999986
1770.4691666666656
559.0008333333333
1289.5418333333344
1804.3103333333331
2051.437833333334
1569.5098333333333
1804.2738333333323
1691.9865000000007
373.2451666666667
948.3321666666662
1827.2366666666676
1542.946333333333
884.7644999999999
880.2611666666676
1822.5735000000004
2088.116166666668
326.78466666666674
444.39850000000007
1577.576499999999
1694.6856666666672
1266.1616666666662
1935.6051666666651
780.471333333333
1816.5059999999999
910.0261666666663
1822.0454999999995
2063.2335
1794.9463333333329
1391.8816666666667
1150.0679999999998
1580.2556666666662
1622.7230000000015
677.9213333333333
1380.8067499999997
1973.1375000000003
1811.174333333335
1312.5663333333334
970.228166666667
1774.3818333333336
1619.5926666666664
1654.051999999999
1649.3821666666665
1896.5783333333338
2181.511
1703.8210000000017
1852.802666666667
1778.4080000000006
1637.9549999999995
1034.5125000000003
1046.2561666666663
1771.7211666666667
2007.1128333333338
1255.024416666666
1699.124833333333
2080.0973333333336
1657.5553333333344
1098.9056666666665
1334.8665000000012
1749.1073333333336
865.2146666666671
1773.9438333333314
2059.778666666667
1461.9790000000005
1587.3913333333346
1562.9376666666683
772.1341666666668
1823.270166666668
1842.401166666667
1846.8654999999992
1834.6128333333336
2157.073666666666
716.4103333333331
682.8013333333337
2085.953500000001
1790.1496666666665
1551.0495500000009
1778.902800000001
1832.100166666667
378.91283333333325
1831.219500000001
1818.3451666666679
1478.7699999999988
1725.576
689.1236666666666
2112.7305000000006
593.8080000000002
1628.4734999999991
318.64983333333333
2053.3715000000007
1790.9293333333328
1951.3276666666677
950.2664999999998
2094.226
463.5843333333334
296.23333333333335
1959.1644999999994
1482.071333333333
862.3493333333334
920.7055000000001
1758.6136666666657
1210.5311666666669
631.8287500000002
2166.6591666666677
943.6228333333337
2051.554666666667
2087.8124999999995
2303.620000000002
1432.3226666666671
1901.1658333333323
2029.5581666666678
1680.4951666666675
1930.7466666666685
1019.7643333333336
1801.0001666666674
1814.3740000000005
1160.6765833333332
1960.3394999999991
1952.440333333332
422.93550000000016
1721.8413333333333
1098.9636666666665
1721.7068333333327
2114.197833333334
1525.012833333333
428.4674999999999
1703.3686666666672
848.0888500000003
1913.3515000000011
335.4901666666667
1999.9729999999997
1856.9001666666668
897.2743333333333
832.3636666666667
2000.523666666668
1290.5425
849.0043333333334
2000.8758333333344
1193.5218333333328
1466.7364999999986
381.5986666666667
1229.1374999999994
1956.3893333333326
1314.7400000000007
1923.5308333333344
1024.09
775.5148333333331
1786.41
1100.175166666667
668.6921666666667
1849.153166666667
1915.6194999999998
625.7994999999999
2072.6456666666677
1783.9645
1824.1898333333343
348.3483333333333
1823.5923166666669
480.48583333333323
1838.0819999999992
548.3474999999995
1843.3320000000003
2063.351333333334
1699.1525833333346
1854.9743333333327
1835.231500000001
1213.599333333333
2044.6098333333346
1949.3780000000008
1924.207999999998
1992.122833333333
878.4318333333337
662.9040000000001
1768.2673333333332
289.0191666666666
578.3184999999997
1829.0815000000007
1838.155833333335
756.3906666666669
1847.5193333333339
1850.1308333333325
1962.3354999999992
239.791
1824.792999999999
1132.7293333333337
348.68266666666676
917.2333333333336
875.8654999999998
892.786233333333
1096.0453333333332
2166.5676666666673
661.5998333333332
283.59100000000007
690.1798333333338
1017.7413333333337
539.19
934.8335000000004
2035.5703333333342
1403.5511666666664
306.85883333333334
1416.2435000000003
1946.1461666666669
1831.987666666668
935.026833333333
1812.6123333333342
1423.5496666666675
1890.5425
1087.913833333333
1830.1685666666651
1779.9061666666664
1804.6630000000014
1721.6836666666682
1836.7460833333319
732.2471666666667
1734.6016666666662
1964.374333333333
885.5846666666665
945.6864999999996
2357.5403333333343
1767.0506666666654
1859.8204999999991
1821.3156666666675
1133.059666666667
352.6038333333334
1700.634
1972.0438333333348
1371.8943333333336
1928.8323333333308
1747.7116666666652
719.0363333333332
1135.196166666666
1360.9208333333345
1845.2161666666657
1902.3184999999996
698.2136666666664
1278.194666666668
848.6935000000001
726.7023333333332
1435.3296666666683
1963.423999999999
1657.1568333333328
2024.9543333333315
1653.762833333334
333.7173333333335
1129.1999666666673
2000.9635833333323
1878.4928333333344
1902.0601666666669
724.5816666666665
1696.341333333333
1543.1033333333328
1100.6053333333332
2012.4134999999994
2176.422
1850.6623333333332
593.1391666666668
1904.9103333333326
2086.2943333333337
1819.1126666666662
1392.1905
1607.536833333334
2062.8111666666673
2089.885666666666
1893.485999999999
1855.9936666666658
1793.896333333334
757.9556666666671
1221.5711666666666
1362.3205000000003
50.77900000000001
1728.8378333333324
1915.9999999999993
531.5768333333332
1962.3936666666675
2017.4363333333336
252.75000000000003
356.0991666666667
1869.1919999999993
2082.060666666667
1851.9220000000005
1407.0173333333332
700.5140000000001
1838.9993333333325
1717.6186666666658
1514.2695000000008
2276.4130000000005
1029.6018333333332
1869.7755000000009
432.4493333333333
342.89066666666673
1042.4254999999998
1565.8778333333325
2248.439583333334
1988.2325000000003
1834.4134999999987
2080.0826666666653
1397.0278333333345
1176.5831333333338
1838.6601666666654
1545.9670000000003
1832.8120000000024
1688.1483333333335
1763.3135000000013
1644.7653333333355
1349.4581666666668
832.1761666666666
1833.9661666666666
1082.0083333333328
1666.1481666666657
1935.4764999999989
476.42249999999996
1824.2293333333325
1904.2581666666656
307.5728333333334
2208.6796666666687
1709.5025000000003
1916.296833333334
1918.2881666666683
1916.6480000000001
303.1488333333333
1500.130666666666
1859.3548333333342
2103.8073333333323
1884.9645000000007
589.2401666666668
284.7286666666667
2299.5073333333344
1799.3557499999993
1849.3345000000002
2116.6543333333343
1411.7531666666673
1686.998166666668
1243.0410000000008
634.9741666666671
1765.5918333333327
1018.2713333333331
2010.0075000000004
708.7790000000003
2167.960833333333
2104.1410000000005
844.2104999999999
519.766
866.2301666666667
1098.1631666666665
505.8856666666667
1894.7225000000014
1399.729866666667
2078.683166666667
416.1116666666668
1589.2491666666672
1913.171333333333
330.81983333333335
639.098666666667
976.3534999999997
1426.4759999999994
591.6623333333331
1198.568
2274.3316666666665
1782.588999999999
954.4868333333334
1159.8293333333331
651.0221666666667
1023.4933333333331
1849.7833333333347
1129.680333333334
1710.7766666666648
1939.5059999999996
1412.3875000000003
1874.1268333333335
1967.1863333333347
1815.7434999999996
1850.8038333333327
737.2786666666667
1853.4923333333325
654.3048333333335
1335.2335
720.1996666666666
1716.3180000000007
1218.9854999999993
475.6013333333332
1282.1048333333333
1256.7040833333324
795.4416666666671
1811.5243333333337
379.3569999999999
1886.0900000000006
1296.176266666667
1161.4076333333335
1978.7414666666666
1688.6568333333337
2338.0008333333335
2045.3603333333324
2143.584833333332
1583.003166666665
1598.110999999999
828.6885000000003
362.58133333333336
947.353
1803.188999999999
2095.3165
1901.1744166666658
1035.861166666667
709.0316666666668
745.973833333333
795.1093333333334
1945.5134999999984
514.606
1965.2334999999998
462.0261666666667
529.303
1564.6268333333335
534.3873333333331
734.5628333333333
1812.7523333333334
705.7298333333333
2142.586333333334
1098.1653333333334
580.1871666666666
906.6928333333335
715.3844166666667
1077.8668333333337
1384.6256666666668
1244.3413333333335
382.26800000000014
736.3875
1843.4476666666658
505.82000000000016
985.4699999999997
1173.1238333333338
461.9302500000001
523.9926666666668
896.1388333333333
1343.9658333333336
2285.752000000001
937.657
2063.7899166666666
1856.9419999999993
1652.9797500000016
2214.5938333333343
824.2234999999998
899.8915000000005
1812.771166666667
1021.7411666666671
1119.1086666666665
1844.2721666666657
1533.9451666666662
1213.4509999999996
867.6333333333336
316.5968333333333
986.5811666666665
921.5660000000003
735.934
1954.3979999999992
869.3146666666668
529.5300000000002
1915.358000000001
807.1995000000002
738.6506666666664
1789.932333333334
1830.0477500000009
1966.3558333333342
2041.5853333333353
1895.2518333333346
1021.9831666666668
2013.6742999999985
637.3224999999999
1852.7139999999997
504.5886666666666
1722.8783333333338
1820.6415000000022
1787.4071666666664
1820.5123333333343
1997.4326666666675
1629.5236666666667
549.6433333333334
1725.8196666666677
912.2535
2168.1579999999994
485.71849999999995
1009.2266666666667
632.0178333333331
1701.07
1982.614
1715.8291666666664
2171.1783333333324
1793.6199999999992
1405.8643333333343
548.1693333333333
181.08800000000008
1656.5121666666666
624.5083333333331
1819.0364999999988
1847.7034666666664
2051.8421666666663
1713.8896666666672
791.7341666666667
1832.3719999999994
2164.978833333333
1975.6483333333338
723.3450000000001
743.6580000000002
641.9488333333333
2009.3761666666662
2128.309999999999
1162.3176666666664
1973.2595000000003
1920.1566666666658
689.0354999999998
1048.279666666667
874.1935833333334
327.6721666666667
651.5761666666671
1564.2813333333331
414.4904999999998
681.5414000000002
1026.8003333333334
1503.6035000000002
672.0180000000004
1646.7666666666692
2042.1165000000003
1263.0203333333338
1931.9605833333305
1817.522833333334
1943.2168333333307
1240.2921666666666
1704.1846666666668
1540.2808333333353
1040.990166666667
1774.7848333333336
1521.7460000000003
2070.9931666666685
635.8965
1040.8015
1859.1516666666682
1053.7654999999995
1472.6025000000009
367.6120000000001
1624.9525000000008
1668.2930000000001
1883.959166666667
1401.3646666666673
1935.967833333332
2127.739999999999
1904.4898333333326
949.9556666666667
1630.2096666666653
1141.9452499999989
597.8181666666667
2178.8849999999984
317.18249999999995
1000.6781666666666
1842.7751666666659
1343.5760000000016
1549.6871666666668
1009.1955000000006
436.61033333333336
550.2950000000001
764.7673333333333
727.3009999999997
1732.7916666666663
1521.5464999999986
2450.656166666667
1916.40783333333
1925.1106666666649
1544.699666666667
1456.555166666666
2025.3469166666678
453.9493333333334
1906.2073000000012
781.6667499999999
1303.0225000000003
1866.3191666666664
1594.2908333333335
1371.2416666666666
726.3545
665.6955000000002
478.81083333333333
2035.7096666666666
368.9055
1843.850666666666
285.6356666666667
1981.411000000001
1851.8489999999997
2395.5554999999995
1425.0588333333321
1591.6199999999994
2012.0675499999984
1248.769166666667
1989.6528333333335
684.6428333333336
1943.8756666666682
2010.6846666666668
2032.0518333333337
2122.860499999998
599.7561666666664
970.427333333333
1946.082833333333
595.2703333333334
2323.1492214285713
1148.9440000000004
1140.0670000000002
1658.9598333333333
424.0266666666668
1963.1970000000013
906.0993333333334
1430.337833333334
1520.2371666666656
369.83400000000006
1003.4355000000002
1361.2739999999994
2073.9166666666665
1357.5955000000006
937.2128333333334
1935.090499999999
2063.1941666666685
2047.271666666666
1804.964833333333
1090.1038333333343
871.7579999999999
276.4413333333334
1189.264333333333
2055.839333333336
1880.6711666666677
1680.6060000000007
1509.1598333333325
1916.9176666666672
569.3848333333335
602.1941666666669
1862.2676666666678
1548.5571666666665
1978.9483333333326
1630.6970000000008
1936.070333333334
2093.0914999999995
1933.407833333333
1390.1921666666665
1434.2916666666663
1152.9091666666664
2003.8216666666656
1055.5013333333334
1449.6534999999997
1865.0978333333342
398.2113333333333
350.07166666666666
1538.6936666666677
1993.6053333333332
1529.5596666666665
1812.4775000000002
1994.8448333333322
1532.416333333333
2193.594000000002
2034.1380000000013
902.2508333333332
355.4355000000001
1412.8364666666666
351.6958333333333
741.5766666666666
935.2004999999998
659.9861666666669
1141.3467499999995
2032.9694999999995
417.43983333333335
595.2751666666669
1458.7947000000006
919.5561666666666
1061.1543333333336
921.2445000000004
493.1530000000001
2117.3428333333327
580.4575000000001
2203.4814999999994
629.8388333333334
582.5978333333334
1880.5798333333312
1679.1563333333334
2048.92
1867.0214999999998
1804.4743333333336
467.45500000000004
1834.4983333333341
1799.2720000000013
430.7641666666667
1670.9341666666664
2147.644333333334
1304.9183333333335
1269.593166666667
2219.3208333333337
688.5286666666666
1914.9814999999999
1732.756500000002
1526.4758333333334
1732.4551666666669
1874.0075000000006
1637.8666666666672
2292.8091666666646
779.5107857142859
1822.8876666666677
723.587833333333
1869.1948333333344
1329.9993333333325
910.2188333333334
1500.477333333333
2010.5006666666673
2014.3130333333347
938.2203333333333
1196.932166666667
1610.714499999999
778.5883333333337
1905.0331714285708
1175.2903333333327
635.9448333333331
1342.5151666666673
299.93100000000004
1412.0230000000006
1509.9102500000004
1283.9865
423.5055
331.76350000000014
601.1321666666665
640.3631666666664
765.6725000000006
1936.8355000000015
676.6016666666667
691.8218333333334
1008.8433333333336
576.528
1890.9286666666653
309.54550000000023
1213.0056833333333
2281.265166666667
1363.1354999999994
2125.702999999999
1915.916666666667
1983.361833333335
1737.8909999999996
546.918
1619.2133333333318
1108.260333333333
1894.0013333333334
1658.341333333333
741.5798333333333
639.0358333333332
975.125333333334
586.1668333333333
1265.1804000000002
2070.8291666666682
1920.2638333333343
1693.2866666666662
1289.308166666666
1516.1679999999994
528.6429999999999
621.4978333333336
1848.5244999999989
604.0228333333338
1770.823166666667
1443.6735000000006
1748.5901666666657
1981.9453333333327
1923.1663333333327
1611.241
1335.9958333333343
1776.9290000000017
1736.734333333334
2002.8670000000013
2370.6105000000002
461.3934714285714
1958.3921666666674
1365.113833333334
1854.8521666666657
847.0923333333336
1653.0678333333333
1445.876333333333
997.3846666666668
2086.0721666666677
657.2865000000003
727.0831666666664
467.8301666666667
1153.705666666667
1801.7579999999994
1915.1659000000004
1731.4361666666668
1633.7232333333336
1867.1453333333347
1864.9856666666644
1910.4608333333342
934.9560000000002
558.2596666666667
1867.0131666666668
790.7565000000002
335.28583333333336
1572.6501666666668
1814.9151666666664
896.9403333333336
1688.088999999999
530.7004999999999
1693.6113333333333
531.4361666666667
519.0514999999999
1139.988333333333
1015.7415000000004
1682.898666666667
561.0533333333333
1689.4936666666663
2216.758833333333
1028.059
1109.221166666667
1629.2006666666673
1129.6956666666674
484.06250000000006
1334.4635000000003
576.7880999999999
1894.524
367.6765
1736.1061666666662
1354.4941666666664
1020.6099999999999
309.49833333333345
1998.3040000000008
1615.4909999999998
660.1203333333333
617.9135000000001
1064.1875833333331
1314.786666666667
729.2161666666667
890.0741666666671
1731.3186666666659
1947.9964999999995
571.9303333333332
1036.558833333333
417.90349999999995
1906.346333333333
1876.8653333333325
1750.7710000000002
949.3718333333334
304.78783333333337
1891.3770000000002
830.8898333333331
592.8093333333331
1247.9826666666656
1982.8623333333346
1858.3246666666687
1915.1923333333336
1096.6406666666667
1751.4574999999973
1824.1717500000009
688.4810000000001
1150.8496666666663
606.8808333333337
1375.6244999999997
1500.049333333334
782.1869999999999
693.0921666666665
1883.8013333333333
626.5746666666669
669.813
760.0431666666669
395.1276666666667
1915.4084666666674
623.8660000000002
1495.3535833333337
2106.190666666667
1844.0399999999997
1397.984666666667
692.7701666666665
1957.1964999999989
1300.0295833333337
984.660333333334
539.6635000000002
679.8559999999997
952.307833333333
2518.011166666665
1999.6343333333339
728.4603333333334
984.9674999999999
933.2474833333332
871.3390000000002
857.6535000000001
1406.315166666666
1730.493
692.2058333333334
551.14
1222.4165000000003
420.38233333333335
1162.0100833333333
783.7526666666665
882.922833333333
339.3175
1861.8328333333318
495.4533333333335
412.62250000000006
449.89170000000007
857.0051666666666
1678.1055000000006
2220.1238333333326
1540.0030000000004
1947.5236666666658
1592.1510000000003
268.98666666666674
1890.6501666666686
2155.757166666667
912.8203333333337
903.9010000000003
573.9071666666669
1941.3988333333332
1867.526499999999
1733.832666666668
821.2274999999998
1438.4326666666673
1928.4928333333335
1929.0444999999993
2153.1843333333313
529.2486666666668
1488.6784999999993
1951.9626666666659
764.0596666666665
1331.6028333333336
593.8943333333333
1519.968400000002
2005.6135000000008
620.8465000000003
1836.3183333333334
958.6654999999998
865.0283333333335
2014.6740000000013
1426.3051666666663
652.1916666666671
1895.228333333335
573.3304666666667
1750.4191666666654
1866.5053333333321
1779.6871666666675
875.5018333333329
2408.507833333334
1907.2300000000014
1885.6638333333344
2006.4299999999992
1137.6774999999998
1728.7485
2128.1234999999997
1752.5861666666656
1625.4664999999998
527.9003333333332
1622.133000000001
1067.051
1778.3398333333325
1865.6568333333319
841.3109999999999
635.1911666666667
1531.682166666667
1710.8843333333334
1965.6091666666657
736.1343333333332
833.0178333333332
1739.0710000000004
982.2268333333332
592.6666666666665
781.2724999999998
1616.582166666666
2145.0568333333335
2017.5263333333332
1362.3560000000004
1605.8066666666666
1127.8914999999995
1276.5201666666671
1178.905833333334
842.6484999999999
1604.3426666666664
1858.7466666666664
1876.376833333334
1810.7426666666674
1001.3303333333333
1740.3581666666664
1751.8228333333323
2037.2611666666676
1892.4383333333324
487.5110000000001
1824.0773333333314
1626.3653333333332
2473.7833333333333
2121.831000000001
1441.5213333333347
1022.1058333333335
2139.6829999999973
1854.8264999999992
1845.673666666666
1213.4993333333334
626.0441666666667
1574.788500000001
2336.363999999999
1696.8898333333325
1099.1855
2069.006833333334
1615.2093333333316
2033.6743333333343
1684.5239999999983
814.8308333333335
674.7421666666669
2181.0054999999998
2159.888833333333
1241.577999999999
2107.9956666666676
1849.3033333333335
1026.1509999999994
1202.7908666666667
1755.195999999999
2104.4918333333344
1521.5598333333337
1908.536666666667
1333.2558333333336
1948.9616666666675
973.9646666666667
1776.6736666666663
779.4723333333332
781.9673333333334
2030.4880833333332
423.78566666666666
1567.8556666666664
1753.6482500000009
985.2460000000004
1855.7579999999987
375.53966666666673
1871.1671666666673
1822.5666666666677
1595.8348333333333
2086.8808333333327
1819.7178333333338
952.6044999999998
785.5346666666669
1001.9330000000006
1934.712666666668
600.3045
734.420333333333
788.6278333333333
2158.9908333333346
2123.641
1638.2515000000012
651.9541666666668
540.1483333333333
855.6326666666674
1137.3746666666661
1083.5501666666667
270.8301666666667
370.7483333333334
1260.3451666666667
1919.0836666666657
1272.1298333333336
2143.8941666666674
895.8869166666665
2419.849000000001
2082.3311666666673
1083.331666666667
1300.855966666667
1836.7056666666679
784.5375000000001
2090.1578333333337
1796.3301666666682
922.7378333333332
1920.6589166666686
761.2126666666666
1048.3266666666664
1813.5881666666678
854.4898333333335
899.3151666666665
1453.754833333332
464.72966666666673
490.90233333333333
1472.3715000000004
1873.414666666667
1813.3011666666685
1621.1304999999993
1901.1531666666665
2110.819999999999
1112.0919999999996
2131.706000000002
1795.5068333333343
448.7816666666668
2159.1276666666654
1743.409833333333
795.7398333333332
2273.586833333333
1807.5115666666668
1039.9958333333334
1420.7724999999996
1905.9931666666666
786.463333333333
907.8206666666663
1952.965
1053.5029999999997
1927.2286666666678
1201.8978333333343
1904.8970833333337
1706.458833333333
1469.8809999999994
716.3623333333334
690.6934999999999
1210.5569999999996
770.0351666666669
444.5131666666665
2092.143833333333
2052.1151666666674
870.0531666666666
2135.8803333333326
1459.7450833333328
2034.5179999999998
1266.6241666666672
528.5286666666666
2124.486333333334
1500.8816666666678
999.825
2071.987166666668
1232.06
1849.2741666666682
1114.631333333333
626.1863333333331
1800.2472500000015
2072.8629999999994
1973.7758333333334
2006.4934999999994
1833.8473333333347
2049.510833333334
1812.7827499999992
1542.7648333333357
1501.8595000000003
1872.323000000001
2120.2364999999995
1625.702333333335
1847.8579999999988
2383.9313333333344
2181.0251666666672
1329.3190000000006
604.2748333333333
982.4938333333333
834.8093333333331
1358.3673333333327
1205.067833333333
246.60166666666674
423.3709999999999
317.5825
989.9751666666666
2433.0485
409.3269999999998
1979.6033333333323
751.2165000000006
1092.3351666666672
359.55366666666674
682.2164999999999
1727.8926666666662
1383.744666666667
891.7359999999996
629.2901666666668
918.1593333333334
2456.472999999999
1290.9728333333337
850.7400000000001
2129.7994333333336
1388.9413333333325
1737.4526666666663
1049.5705
1312.8744999999997
1745.5410833333328
2307.161000000002
1439.270666666667
1686.8200000000008
320.12033333333335
1537.6151666666676
1923.9805500000002
902.6969999999995
2324.069333333333
578.0486666666667
784.2516666666669
1453.7548666666667
742.842166666666
1048.7454999999998
1646.3478333333333
963.5676666666664
1640.3086666666672
698.6803333333331
864.3753333333333
660.2578333333333
1981.417500000002
489.15700000000015
2266.5184999999997
1741.4571666666684
593.3816666666668
635.7423333333335
751.4831666666665
1875.2636666666656
1297.4843333333336
206.624
1996.170333333333
1550.5674999999987
2064.7681666666663
2142.9366666666665
1416.7294999999997
1916.1313333333326
467.1316666666668
765.9536666666671
2336.077000000001
2317.478916666667
434.32566666666673
2038.635500000001
524.6850000000002
709.2433333333332
755.0263333333334
388.5563333333333
555.2658333333333
2246.213833333331
719.0361666666668
1390.2760000000003
2024.3411666666657
1016.51
449.80350000000004
1758.7490833333343
2316.645899999999
2034.1570000000022
1315.9991666666667
1966.6770000000013
654.9273333333335
1919.827333333333
2165.1434999999997
2142.9945000000016
762.6984999999999
1999.007349999999
2178.581866666665
380.04749999999996
1162.5646666666662
1553.3635000000008
1081.153833333334
527.162
938.8084999999998
1903.0445000000002
2016.1783333333308
1979.2763333333326
1457.4311666666665
1094.7001666666667
792.5636666666669
587.2610000000002
799.0933333333332
1406.921
1492.0299999999995
2104.8206666666674
2294.8588333333355
1968.0648333333331
2019.4321666666672
2331.662833333334
370.75150000000014
1931.735166666668
1994.5191666666672
1176.6033333333326
797.2743333333335
765.8295000000005
1477.124833333333
1577.8470000000002
304.7075
2023.257000000001
2103.069500000001
534.2869166666666
545.0733333333333
880.8926666666664
337.8321666666666
242.52700000000002
2179.7809999999995
1017.839916666667
2157.150166666668
1873.6631666666674
1847.2554999999988
2074.5688333333333
1448.4166666666667
1884.1176666666656
1626.9136666666668
1346.9681666666677
1740.5323333333336
2177.8306666666663
1943.6631666666665
2010.456333333333
2055.4351666666653
1879.386083333333
1053.7518333333335
1461.7533333333324
1903.2430000000004
841.067
2404.4021666666677
848.1916666666673
2028.8046666666671
1979.8866666666672
2443.5766666666673
1933.3358333333315
2120.7819999999992
2265.5101666666674
1407.6290000000001
2393.3174166666663
257.53849999999994
1800.648166666667
1337.0934999999995
1703.1999999999996
1056.4365000000003
981.3751666666672
1930.3670000000006
1408.178499999999
791.4408333333334
2263.431666666666
412.3770000000001
1994.4763333333335
1148.2546666666667
1542.1723333333325
2163.7835000000014
553.5223333333334
2073.8138333333336
1893.7068333333325
1465.3846666666655
747.7826666666666
1524.7273333333328
1893.934333333333
1584.7521666666667
1343.2698333333335
1656.4406666666669
1834.8525000000002
1984.7180000000003
2100.343
898.2615
1939.644499999999
1699.950833333333
2035.768666666668
1385.6743333333332
453.7416666666667
693.2898333333335
1184.098666666668
1996.8431666666668
1778.7618333333332
2056.8723333333337
1412.1621666666676
1935.987166666666
2170.1929999999998
1989.3759999999995
1833.1827500000002
2410.2483333333357
1832.3503333333329
2160.779999999999
479.6331666666668
2447.5855000000006
1068.6325000000004
581.6673333333333
317.2991666666667
1860.1739999999988
2001.4791666666656
1256.601916666667
922.3009999999999
1938.0350000000014
377.1778333333334
797.170333333333
1959.6033333333332
770.8303333333332
1179.785166666667
857.2036666666672
1015.6923333333334
531.4096666666666
825.3603333333335
1752.7333333333327
1020.657
2422.4336666666645
2133.2006666666675
881.2971666666667
576.5723333333335
931.7058333333333
916.8746666666672
1487.736666666667
1634.586333333334
2193.958000000001
2142.1608333333324
2068.4373333333338
1352.935166666667
1989.087499999998
1388.0328333333332
2108.994166666668
1995.5490000000011
2075.934166666668
1515.8803333333333
2106.242166666667
1094.7468333333325
1833.6238333333336
1015.4276666666668
690.9991666666666
1666.6063333333332
1172.1331666666667
1785.6339999999984
894.7003333333332
2406.6145
1068.116833333333
792.0133333333334
1535.545499999999
1342.4346666666668
506.757
2036.7300000000002
1584.9168333333334
1532.7780000000002
2257.0463333333323
2058.260166666667
716.5356666666669
981.9116666666669
1174.6215000000009
2330.947666666667
1723.1306666666667
745.881
1973.179333333332
1955.982833333334
1964.5716666666656
709.0335
475.8939999999999
556.1671666666667
1875.080166666666
1958.5416666666656
1244.3795000000005
1438.1286666666667
2096.006166666666
2054.7061666666687
1558.8633333333337
1263.571500000001
1895.8391666666682
2097.0441666666666
1887.8886666666679
2005.6946666666647
1851.611000000001
371.50516666666675
1107.5566666666666
2158.049000000001
1036.8688333333332
1795.7490000000005
2253.399166666667
465.38499999999993
703.6109999999999
2123.2776666666655
1846.3116666666683
2150.263166666667
620.339166666667
1332.4438333333333
2283.079833333333
2092.838583333333
1231.6689166666667
1946.516166666668
1594.695666666666
251.06666666666663
2259.7278333333343
1868.034999999999
1794.8551666666683
1735.0374999999985
1642.7718333333337
1519.190999999999
1798.4809166666669
327.42650000000003
1933.3801666666675
1437.7770000000012
1701.5256666666671
1928.7506666666666
1100.9641666666664
1477.7348333333332
1694.334000000001
2085.4251666666664
2090.6418333333327
2134.874833333332
335.06449999999995
485.3383333333333
2071.011499999999
628.2471666666668
2426.904500000002
2273.522000000001
1271.1956666666672
2197.8725000000004
1357.8433333333328
433.88550000000004
2063.6921666666667
1545.0318333333328
298.83050000000003
1792.6734999999992
1836.175499999998
1839.6268333333346
1663.1396666666676
1175.5134999999998
1312.3508333333332
1845.4355000000012
2123.3918333333327
375.4986666666669
1742.885166666668
2081.190833333335
905.9074999999999
1922.893333333333
1031.4866666666665
2157.997166666669
1758.4058333333332
1698.8123333333338
1851.825666666665
2241.2526666666677
1799.7884999999999
1205.7298333333335
1422.4381666666677
2056.965833333333
1209.2056666666679
1692.4674999999995
1226.9550000000008
2014.269
1910.9501666666667
2277.065
728.8899999999999
1868.7579166666674
618.5866666666666
2001.334166666666
2208.224000000001
2214.117166666667
1989.961833333333
1936.377499999998
981.9954166666664
576.3658333333335
2060.026999999999
1862.7046666666668
1823.1778333333325
1245.1584999999995
956.4715
2266.748833333334
406.3054999999999
1145.9596666666664
1640.4621666666656
1932.3211666666657
2015.7801666666658
2246.625666666666
2070.492166666668
2113.3833333333337
1177.4855
1797.9101666666675
1831.510833333333
777.2860000000003
1871.2530000000006
1822.5354999999995
1816.2624999999996
504.51283333333345
1945.5148333333334
2208.521166666668
778.8136666666671
515.0590000000001
746.2573333333332
598.5333333333334
615.1780000000001
2054.4038333333347
1853.7258333333343
1616.9979999999996
805.4445
1994.9359999999997
646.1286666666667
1246.2349999999994
1901.3771000000002
1602.0860000000005
685.982333333333
1984.6566666666656
851.7039999999997
372.68833333333333
1185.4054999999996
1845.7068333333334
1692.620333333333
1018.907166666667
1529.7408333333337
1887.1880000000003
1951.9390000000008
1987.8964999999998
1157.4383333333342
2165.7503333333334
845.0268333333335
1904.0455833333338
2112.834666666669
1145.2935
732.0698333333332
2023.4040000000014
1709.1738333333335
1496.9948333333336
1375.4951666666666
2112.1319999999996
906.0826666666668
605.483
473.84733333333344
2114.5878333333335
1848.5171666666665
2218.153833333334
2162.662499999998
1227.4416666666666
1835.2598333333315
637.9375
1098.0392000000002
416.4164999999999
2117.6415
914.6128333333331
303.1168333333333
378.22841666666665
577.1134999999999
426.24949999999995
1947.265666666666
238.2763333333333
1024.2141666666669
2314.2136666666675
2098.4380000000006
1583.242666666667
336.8745
1857.8323333333324
1856.2608333333326
1598.093166666666
1971.6625000000001
1708.735
777.6281666666665
2033.1891666666672
251.4411666666667
1589.915083333334
438.60066666666677
544.9651666666667
1891.2821666666662
2060.873
2131.8396666666677
306.81983333333335
709.5803333333334
1945.9376666666667
2000.0940000000005
2077.036833333334
1954.5833333333323
2111.940666666665
1727.3654999999994
1954.893333333333
1734.33
1828.544500000001
602.1613333333336
937.8106666666665
2294.2910000000024
888.8443333333335
1995.351500000001
2077.6381666666675
723.7873333333335
1271.9906666666664
706.1955
1103.7986666666663
2077.8538333333336
1068.1898333333336
1972.859
569.7935000000001
583.7023333333331
716.1753333333332
769.5431666666663
1888.1591666666677
924.6911666666666
1461.8970000000008
918.2603333333333
958.7193333333336
1938.2753333333335
546.4531666666669
2158.6635000000006
2052.8383333333345
2089.220000000002
2160.044000000001
451.59550000000013
1920.3073333333352
450.49116666666663
1687.6018333333318
2236.8595000000023
725.7538333333334
1128.5411666666666
1510.3251666666674
766.8765000000004
663.1458333333329
2247.6655
504.03400000000005
644.7275000000001
1837.712333333333
1214.4230833333345
817.2020000000001
692.7378333333332
405.93433333333326
601.9931666666668
2305.9026666666664
1809.02
1456.3271666666658
2524.329166666664
1831.5934999999995
342.71383333333335
785.2811666666669
705.3061666666667
860.6426666666671
1437.4983333333332
594.9373333333334
615.5693333333336
2454.459666666667
441.38500000000005
1098.3998333333334
1950.4788333333336
304.3141666666668
1669.6444999999994
744.2908333333337
2314.517833333331
1469.8208333333341
950.3196666666672
872.4503333333339
507.72050000000013
1391.1106666666672
1811.7758333333338
850.6765
633.1460000000001
626.4918333333331
682.4328333333331
664.4621666666665
1869.338666666668
2160.3508333333343
1138.2493333333337
295.718
605.2303333333332
1250.3696666666663
2050.0698999999995
622.6655000000001
786.6196666666672
1528.8763333333327
1761.3163333333348
468.8771666666668
1654.3451666666667
1463.591333333334
2088.6516666666666
901.5003333333336
430.52950000000016
1914.2104999999997
2153.6130000000007
1494.161166666667
387.86783333333335
2115.610666666667
1734.184166666667
570.2003333333334
797.9890000000003
587.0010000000001
825.5595000000004
920.7521666666668
295.8611666666666
2029.8098333333355
2046.6761666666653
1734.658666666666
696.6405000000001
2186.818499999999
1997.5076666666678
721.8466666666666
2224.7628333333337
401.57133333333337
1846.7559999999985
2224.887916666666
2007.224833333333
722.4633333333333
828.3386666666667
2244.566833333333
1631.2613333333334
1912.4919999999997
1627.3186666666663
1903.4356666666674
1949.2253333333344
660.0371666666665
2150.693666666668
329.49496666666664
2229.3191666666667
545.7125
1860.773833333334
1843.530333333335
1415.560833333334
2175.425833333334
996.862166666667
1733.0528333333327
1943.8879999999997
1762.8671666666692
315.866
1739.3025000000023
1466.1948333333337
415.9766666666667
1476.1633333333325
1054.1149999999998
1178.4736666666674
1169.1345000000001
642.9686666666668
2209.719833333335
