0
11700
17300
21200
18700
21300
19300
15400
6900
8000
17300
18700
21100
3900
16100
3800
7600
17900
18800
10600
19200
19500
18500
8600
14800
15800
2800
4600
19800
13000
16800
200
7700
17500
22900
21100
19600
1500
9400
16900
3700
9100
16800
18600
20000
18200
21600
6100
18600
6400
17100
21300
20300
12600
21400
22300
17100
20800
18000
21600
21800
18100
19100
21000
16100
20900
17100
18700
21600
19800
19900
19400
22600
17900
19200
17200
17000
19400
20400
18000
1900
19100
5200
22300
19100
15200
18700
6500
19300
21600
10400
21400
15900
6400
16300
19700
17000
13400
1300
22000
17900
20400
2200
22300
17300
13200
21200
17200
18300
19200
16500
17600
20200
19600
18500
4700
7500
17900
19900
14200
25400
6700
5100
8600
2100
5700
20200
13800
21300
21500
18300
9400
23300
4200
21200
22400
2600
2300
20500
20400
20600
20100
20400
21900
13900
12800
20600
20600
19600
15100
18000
12300
14400
18100
14200
16000
3400
18100
18900
19800
18900
19100
15000
20600
17700
15000
17500
4700
21600
15500
17600
17400
11100
20800
20000
20300
7700
19900
20400
20900
3300
21500
15700
21700
20500
10300
19100
18700
10000
23700
17400
3300
22000
17200
10700
18700
19500
21700
16900
22500
18200
24300
21100
2800
21900
23000
-300
18500
16800
18800
1400
16100
17100
18800
19100
18200
21100
15900
19300
22100
18200
6000
23400
18300
19600
20200
19700
19100
13700
6100
23200
23500
12800
15200
21300
18700
19700
16100
18400
5400
20700
16200
4100
18900
2700
20400
15000
18600
17200
22400
3000
16800
15100
19000
6500
15600
22500
16900
24400
13200
20100
11200
16900
19300
18000
23200
20700
23800
21100
19000
20300
11100
25000
17300
20200
20100
17700
20800
14300
18600
20800
21300
25400
19200
6200
18300
18200
20300
22900
2000
18600
19900
17600
19400
14800
19800
15700
16900
19900
8900
2100
1700
21100
19800
18400
19000
20300
6600
20700
16300
15500
20700
17600
4900
8300
2700
18100
17000
18800
19300
17600
7900
15700
23200
19600
20700
20600
21000
20200
20100
19800
21500
21800
1500
23600
23200
21700
18400
16200
14300
18800
18000
14700
17900
19300
17900
21300
17400
2700
18500
19200
7900
21900
13700
4800
14900
19100
22200
19100
-400
21800
21400
5700
1200
1500
21800
23400
19700
18600
5200
6800
15200
21600
20000
19300
16700
17700
18600
21700
16400
18500
18900
12500
19800
19000
15300
19800
21100
20300
20000
13900
18600
8300
17700
9100
20600
16300
19300
19600
15900
20500
22800
18500
17700
5000
5400
17100
2100
11100
21200
3200
5900
21000
1600
7700
22400
19400
16900
17000
17900
19300
7100
17000
19700
17400
10600
16600
19400
20000
4500
19100
14300
16300
6700
17100
18500
20300
19300
1400
4500
18800
19900
19900
17300
18100
17300
4100
20500
14000
16500
20500
1300
21600
2000
3700
22600
17900
2900
12600
12900
7100
4000
5600
19200
19100
20900
17900
3300
22200
17700
18000
18500
16400
7900
10200
17400
17100
8300
5600
8900
23000
14300
2900
4800
16700
1300
2400
11100
1700
18700
22000
15100
13700
20300
15800
19300
18800
23100
20500
19700
19800
1700
15500
19800
2000
9700
19500
8000
15000
4700
3400
14500
20600
21700
22600
19400
100
16800
3000
5100
3800
1200
20900
7500
21500
20800
2400
18200
4100
13900
13100
4500
20300
11200
20600
12300
1900
5700
-100
5500
1400
700
10700
3000
17200
12900
20300
18300
7000
400
16400
16200
5100
10400
8000
500
3000
19800
23200
19500
19500
8500
5300
19600
2000
15500
23400
3000
17300
13500
-200
15500
12500
6000
21500
23800
5700
20800
22000
1600
20100
6600
20500
7800
18600
10100
7400
2200
19900
9700
19900
19100
5900
900
3000
8500
14100
6600
3700
9600
3500
17200
3800
9900
18900
6600
9300
22900
22700
21200
17600
18800
15200
19900
23300
800
1400
20700
2600
25900
18500
14200
9900
14400
5500
16000
7800
14900
0
21300
17300
2300
4200
21300
16600
7900
21800
1400
2900
0
9600
1000
6200
3200
8000
4200
18900
1600
1200
2700
18900
2900
6800
24000
23600
4900
18900
17800
-200
12000
10400
20500
20800
20200
500
22400
9900
-400
15100
13800
3400
21500
14500
21800
13500
21000
18700
11000
19900
13800
16900
10800
9700
2800
10500
12000
5700
21000
600
17600
21200
19600
20400
5300
6400
17100
9400
20400
7700
6000
16600
17200
20900
20300
20200
18700
15300
18600
20200
13700
19000
6000
15800
2800
4700
7000
18400
17700
20500
16700
5700
20200
19500
5300
7500
19100
21200
22000
18500
23600
19300
25200
17200
8000
16800
22300
17100
2000
7900
9200
22900
21900
11900
16300
23200
19900
18100
10400
6800
20500
14900
20900
15900
100
11300
25300
17700
18600
16400
22400
4100
19000
19500
15100
22300
19900
23600
16600
16300
3600
14100
16200
22300
16900
500
21300
17700
19400
4000
7800
19800
19700
5000
17400
22000
6500
8800
19100
12600
1200
17600
20900
0
10800
19000
18800
18600
3200
5200
21900
22600
1200
17900
20700
19200
18800
18100
21000
22200
19100
16800
19000
18200
21400
8900
19600
18200
17600
7800
20700
10200
1900
20200
22300
9900
23200
22800
8100
19200
6800
18900
22600
21600
2900
5700
15600
17400
7900
6900
18600
20300
15900
300
4900
9000
16800
20700
12300
17800
9200
20200
17200
7000
21200
300
18800
7600
7100
2300
5600
16900
17900
21900
300
11900
17900
15600
6600
1900
1000
16000
4900
19200
19000
5200
2600
19000
22600
18500
19300
19000
12000
2500
19200
21000
21500
18100
17200
14600
20400
15000
6800
3700
21200
18800
3800
15800
4700
3000
19100
4100
800
18400
7200
22700
17900
3000
19000
21700
8500
9900
2800
4000
23600
24500
22300
19300
1100
21900
1700
13000
16100
21600
14700
20500
19300
700
7600
21600
14400
7700
7400
21500
17900
-200
700
21500
19300
12000
17400
2900
24500
7600
21400
19100
20700
9100
12800
19600
16700
4700
10000
19900
18900
9300
9100
20200
11800
20000
22600
22000
15100
23000
17600
19300
16500
7100
9300
22100
22800
11500
19200
19400
19900
8700
11800
19300
4700
16300
19800
17600
17800
17300
5400
21900
15400
19400
24600
21100
5400
5300
17900
18700
10100
18800
22800
400
21600
17100
12900
20700
3800
17900
4300
17400
100
21300
17700
17600
8700
19800
1300
-100
23700
16000
7800
4500
14300
12900
1600
16600
5400
21000
17200
20600
8700
21100
21400
14000
19000
8000
20400
21100
8800
14900
17000
1400
19600
7400
22700
13300
19100
1600
21600
7300
21800
1200
20700
25300
3800
7300
21700
11200
10200
15400
10600
12600
400
14000
17800
6500
19500
5100
4200
19600
13300
4400
19700
18700
1600
17800
20000
20900
700
24300
1200
24700
2300
24000
22900
16100
20100
21800
9900
18200
18100
22000
21400
6100
4100
18300
0
4300
23100
15800
4200
16800
13000
21800
-100
19700
9100
500
7100
3300
6000
7400
18200
4600
-100
2400
6600
4300
10900
20100
11200
1000
13000
19600
22700
7600
19700
11700
20900
10800
21100
17100
19000
21600
22700
4100
20900
18500
10600
6500
16900
21300
13500
14800
11200
0
15100
21000
11000
23400
14700
6300
8600
9900
22700
19500
2700
9500
6100
5100
16200
17500
10800
25100
19600
200
6900
14600
20900
24600
2400
20200
16600
6700
24600
13200
19100
3300
20300
18200
19500
12400
20300
17800
23000
22500
20000
19600
6500
11600
13600
-500
17200
11600
1300
18000
22200
-300
600
22200
20100
19300
10800
3100
19000
22400
7100
19400
8600
20900
400
500
7300
10400
18700
19800
20200
19400
11400
9900
19100
16300
27100
22300
21600
20400
14200
6300
23300
6500
15800
21500
1300
17700
23000
800
18200
23000
21600
19100
21300
1100
11400
20400
19800
19100
3000
-100
19200
15600
24200
16000
14800
17900
9800
3500
21800
5300
24700
5900
21500
19600
4700
1300
8800
10000
2100
24000
14700
19300
500
19700
21300
400
4000
3600
11100
2400
8300
17300
17900
8600
10300
2500
7800
19300
14400
15000
21800
14500
19100
23700
24100
21900
4500
23900
2100
12000
2600
21800
6800
3100
9100
10200
4600
24100
200
17800
12200
11500
18300
12400
19100
15300
22100
20600
11600
4900
300
7000
14700
18300
24200
4700
3500
2800
7800
24100
1900
23000
2700
2300
15200
4300
3900
14200
6300
18600
9400
1800
8200
4600
9200
11800
11200
1500
6900
16800
3800
5500
8300
1000
1200
6100
9800
18400
10500
17800
22100
21700
13200
5000
8100
14700
9600
12500
23400
16700
8000
9000
200
6900
7800
3200
23200
4100
1000
18100
3400
5000
22400
24400
26300
21200
18100
6700
19400
1900
22800
1200
18800
22200
20300
20400
20400
21100
3500
19900
9000
18400
1500
7500
2900
17100
25800
21800
19000
23400
11900
3600
-400
10000
5200
20400
19200
23100
18800
4000
20600
18800
17100
2600
3100
4400
19000
18700
12700
19800
22200
4500
5500
4300
600
2400
13600
1900
5300
9700
17300
2400
21600
20100
7400
20700
22500
24000
13000
14500
17900
11000
21700
13300
17700
3900
8800
20400
11000
6700
2700
13600
15400
25600
6300
19500
20000
22600
10600
11900
9600
5200
18000
-200
4100
18700
9400
14200
5000
1000
4000
3700
5400
23700
16500
13500
24000
20000
15500
11500
17900
2400
15400
6300
9700
21400
17800
8200
5200
3000
700
23300
800
22300
800
19200
19300
19200
15600
10800
18700
11500
22200
4200
24900
25500
20200
24600
3500
4400
10200
1400
14500
9800
10300
12400
600
18200
3600
11500
9400
800
6000
12200
19500
13000
7900
20300
17800
17500
23300
11800
4300
500
8300
22300
13800
9400
13300
14100
2100
3200
20400
15700
21000
15900
22100
14900
17800
7300
13600
7100
21800
8800
14100
23400
700
600
15900
17300
12500
21000
22800
14800
17400
15900
5100
1300
10200
600
2000
6200
5400
8800
18500
800
4600
16500
7200
6200
7000
2700
15800
2200
16900
3100
4500
19300
19900
20400
19000
17900
1700
18100
16400
900
23100
20700
11200
6200
17000
6400
22600
19100
10300
18800
18000
12500
18400
5900
21600
4200
20700
12700
6200
12700
14900
20900
5000
12000
9300
3100
16800
8200
4200
12700
400
7100
14400
7300
1300
600
4000
3400
3400
16400
2900
4200
5400
2900
19100
-100
10100
15400
10700
18400
16700
18700
22400
1300
14200
9300
16800
19700
4300
4000
12400
1400
6100
18700
17900
16000
7400
18900
3200
2200
20300
4000
21000
7900
17100
21400
16000
11600
7500
17500
22600
18700
22500
2100
19000
10900
23800
4400
21900
14900
5200
21800
3800
4900
3300
11000
21700
21400
12500
13100
19000
18100
22800
4100
4800
17700
5800
0
16900
20100
3000
21000
1600
9600
1500
1400
9900
9700
18700
2600
18500
14600
7300
9100
11700
7700
900
13900
3200
19900
1900
11800
12700
10900
600
14900
9200
1900
1800
11300
11700
3900
8600
21000
21900
3500
7300
400
20800
20100
18700
8100
100
21800
4200
3600
11300
19400
15700
16400
10300
22900
13400
3700
5200
3500
10500
15300
3400
4200
20300
4200
2300
4400
800
17100
2400
10200
19500
22200
10900
3700
17000
8600
5200
2200
3600
4500
17800
17300
5000
9200
5100
4500
6800
11900
12600
3000
2700
6800
1500
12000
6200
7000
100
23400
1200
800
1000
5600
20300
17500
14000
23700
9600
-100
20700
16000
7400
4700
3000
24400
12700
21600
5600
13800
20900
20500
17400
3000
11800
21700
3400
9700
2900
17400
19500
5000
16500
7800
3800
20000
11900
5300
20400
3200
19000
18500
20000
5700
17700
17800
16000
15700
6900
12800
16200
23900
10100
2500
19000
9900
20400
19300
7900
4800
9300
13400
20900
4400
7800
19700
7100
2300
2300
15600
16900
20900
14700
13100
9300
7400
7200
8500
14500
21400
18900
22200
4600
24500
18300
16800
21200
1400
18400
22100
13200
18900
15300
10300
18200
19100
17300
8700
2600
11000
16100
18000
8800
22200
13400
20100
15400
4000
4900
14500
19800
15000
22200
21300
4900
10200
12000
13500
14800
16800
9700
19700
9300
14100
3900
6800
17300
500
17000
15100
7000
14200
500
16000
23300
8900
18000
19900
6300
5200
7800
23400
1800
1900
7200
24600
11300
12800
2500
1800
3800
9600
5000
-100
-100
9400
18200
9000
17900
5900
10700
12500
10400
10900
15000
2700
21100
20600
6000
20500
5600
11200
20200
2900
5200
15600
2500
3300
17400
18800
23100
16900
16100
20100
5300
21800
18900
2300
21800
15700
7000
21600
18200
7300
12500
13100
2700
8800
20100
6900
21300
10500
16000
15500
15500
2400
5600
10500
5400
2100
20900
20800
5800
11800
7300
23000
7800
4100
16800
11600
4300
16300
6200
17900
5400
1700
16600
13200
21300
22700
20000
17500
22800
17000
9300
16900
15800
14600
18900
17700
17100
8800
2500
8700
3600
7600
11800
-400
500
500
4800
15000
1800
15700
2500
8900
400
2800
20200
9100
7400
3900
3800
14400
11300
3300
20000
5700
16000
9800
6500
19700
20300
9300
15300
100
14900
15200
3500
13100
2300
3800
12600
5600
6300
13800
5200
12300
2000
5900
4900
18500
2200
19900
11800
2900
3800
4100
19400
5400
-500
16700
13000
15500
19600
11400
16400
900
7500
16900
17100
3400
21200
3300
3800
3200
1800
2700
17500
2100
9400
17700
6100
1800
17800
14400
19700
13700
17800
1800
14200
18000
17100
4800
19800
19700
700
8600
12500
7000
1700
6200
10600
17200
13500
11000
6200
2900
3400
2700
12700
13400
19400
16500
13800
18600
18400
1000
22000
20400
9500
2200
5200
10600
15700
400
14400
18900
3100
2100
6700
600
-400
21800
8400
19900
23500
19500
16900
9200
17300
16900
9500
20400
16200
16800
20700
19300
16200
9500
10100
21500
3700
19300
4000
17000
24200
17700
12200
16800
16800
10200
16700
-200
10800
9000
11500
7300
6800
18600
8800
4200
14300
500
11900
8800
17000
15200
1200
20300
16600
10000
3800
11800
23300
12800
12600
14700
17300
18700
19100
3900
18600
17400
21000
13100
1500
4400
10600
20000
20300
20000
7900
20100
19200
17500
19200
17700
20900
12300
800
18800
5200
2100
100
14600
23000
11200
3500
17200
500
4300
22000
3200
9100
8900
3800
1200
5800
14300
10200
19500
24400
4600
1700
8100
4100
14300
16000
21600
19200
15900
8600
24400
11400
17500
18700
23400
8300
18400
8500
21600
5000
4000
13400
13100
23100
5400
14200
7200
4200
13700
11600
1100
21000
9400
13300
21500
20300
3600
9000
5900
14400
18400
4900
21000
21100
20600
3500
1500
5100
24000
19600
11500
16300
14300
19000
13000
9600
17700
22700
21900
17700
24300
300
9600
14400
3800
19400
17800
900
3900
19600
17400
24300
1300
9200
21400
18400
6000
20800
8500
-300
14800
18000
20600
21100
18000
12900
20000
1000
21700
11600
17200
20700
8700
12500
16300
16900
17600
16400
300
900
21300
3100
15600
19400
6400
18900
9200
700
11000
15500
0
21300
20800
16100
13400
9200
5900
20200
17100
400
21100
19200
6800
20400
8300
17500
22300
17700
17500
14100
24800
8900
10000
21100
12400
19000
6700
20000
18000
17700
3400
22500
5100
12300
19700
17800
21000
21800
5800
3800
19100
18000
23100
5800
6100
18100
1300
7800
16900
20600
19300
17100
20400
21000
14300
22300
20100
8100
21600
21000
23500
1700
22300
20600
6200
4400
6100
2000
2800
26000
18500
11600
6000
18500
3300
9100
17100
21400
2200
24300
3500
1500
8200
15100
19300
8900
12700
21300
18200
16000
5400
19900
8100
16500
20000
4400
5100
15100
21600
11600
13800
18100
3600
2200
800
19400
21000
20700
23900
12100
23200
5300
6100
600
16300
3000
1100
1900
1800
600
26300
-300
6500
14200
24000
12000
200
18300
22700
13900
22300
14800
3800
19000
-200
17300
2300
2400
18200
19200
20200
-100
3100
8900
22800
20300
16700
16200
20000
16900
17900
21100
6100
3600
20900
3000
18700
17200
4100
8800
5500
6300
20600
7300
21600
1200
5000
4000
3700
22900
7000
16600
4200
5400
20700
3000
22200
15600
22900
20600
1400
16000
1100
10200
16000
6000
6700
11500
2700
2400
17200
1700
2800
20800
11100
5700
2200
600
1500
19400
9900
9000
15500
14200
600
5900
3300
5000
8200
2700
3000
16100
1000
8300
22600
300
20700
3700
14300
17300
6200
7200
1200
12500
20400
3800
4000
2000
3200
1800
20900
17900
5900
400
2700
6000
19400
2300
4600
9000
19100
2300
15800
13000
18700
6700
600
15800
15400
15200
200
20200
20900
3900
3500
3400
4700
5700
500
18700
12800
16100
3300
16600
15200
3000
16100
1700
10000
15100
24100
6200
2600
19900
11800
21500
14200
18100
19400
5600
14300
200
18800
1700
15300
14600
10900
17200
8400
11700
22300
20800
-200
19500
13700
1600
8400
6800
8500
7100
2000
18900
