0
-0.88612
-0.91207
-0.8181799999999999
-0.73482
-0.77865
-0.84409
-0.7718499999999999
-0.75006
-0.7705
-0.8001
-0.87264
-0.86922
-0.88028
-0.81428
-0.88661
-0.85046
-0.84218
-0.8851100000000001
-0.85295
-0.8781
-0.87661
-0.83485
-0.90787
-0.84262
-0.85407
-0.89365
-0.89029
-0.85251
-0.8807
-0.87375
-0.9088499999999999
-0.84727
-0.8017799999999999
-0.8701
-0.91105
-0.8525499999999999
-0.85648
-0.87975
-0.89034
-0.86214
-0.87129
-0.86337
-0.84583
-0.88451
-0.88249
-0.86729
-0.87096
-0.87852
-0.90689
-0.8768
-0.89037
-0.89299
-0.89304
-0.87967
-0.85792
-0.85071
-0.9138
-0.879
-0.86666
-0.84217
-0.8439
-0.88527
-0.90284
-0.87344
-0.88038
-0.8686400000000001
-0.87758
-0.85528
-0.9074
-0.8581799999999999
-0.85858
-0.8374699999999999
-0.9086799999999999
-0.8886499999999999
-0.88873
-0.83104
-0.90308
-0.8702300000000001
-0.89701
-0.8947799999999999
-0.86785
-0.85566
-0.85829
-0.85949
-0.88964
-0.84693
-0.87707
-0.8065
-0.88622
-0.8367800000000001
-0.89865
-0.86616
-0.8685700000000001
-0.8436100000000001
-0.89296
-0.86946
-0.8649
-0.86156
-0.85373
-0.84216
