0
-6823.0
-6575.0
-6230.0
-5937.0
-7191.0
-6230.0
-6224.0
-7076.0
-6691.0
-6425.0
-6839.0
-6763.0
-6569.0
-6577.0
-7491.0
-6449.0
-6460.0
-6327.0
-6706.0
-6976.0
-6862.0
-6717.0
-6877.0
-6600.0
-6700.0
-5674.0
-5806.0
-6577.0
-6776.0
-6480.0
-7002.0
-5850.0
-6481.0
-6254.0
-6342.0
-6551.0
-6291.0
-6078.0
-6294.0
-6292.0
-5959.0
-5924.0
-6514.0
-6331.0
-6528.0
-6373.0
-6450.0
-6259.0
-6257.0
-6466.0
-6807.0
-6506.0
-6655.0
-6633.0
-6407.0
-6598.0
-6635.0
-6840.0
-6340.0
-5807.0
-6249.0
-6310.0
-6888.0
-6203.0
-6294.0
-6291.0
-6404.0
-6135.0
-6194.0
-6282.0
-6596.0
-6306.0
-6208.0
-6035.0
-6481.0
-6108.0
-6479.0
-6232.0
-6129.0
-6785.0
-6306.0
-6343.0
-6719.0
-6641.0
-6540.0
-6112.0
-5930.0
-6260.0
-6722.0
-6191.0
-6814.0
-6836.0
-6695.0
-6690.0
-6321.0
-6909.0
-6912.0
-6606.0
-6740.0
-6558.0
-6366.0
-7158.0
-6389.0
-6564.0
-6191.0
-6657.0
-6178.0
-6892.0
-6847.0
-6384.0
-6231.0
-6737.0
-6356.0
-6888.0
-6601.0
-6603.0
-6653.0
-6556.0
-6731.0
-7029.0
-6407.0
-7103.0
-6179.0
-6395.0
-6414.0
-6807.0
