0
-500
-500
-500
-500
-500
-500
-400
-400
0
-500
-200
-500
-300
-500
-200
-500
-500
-100
-300
-100
-400
-500
-200
-300
100
200
100
-500
-200
-500
-300
-400
-400
-400
-400
-300
-500
-300
-300
0
100
-300
-400
-100
-400
-100
-500
300
0
400
-500
-500
0
-300
-300
-200
-500
-300
-400
-400
-500
-400
-400
-200
100
400
-200
-400
-500
-300
-300
-400
100
-200
-500
100
200
-400
-500
-100
-300
100
400
-400
-500
-200
-100
-400
-200
0
-500
-400
0
-400
-500
-400
-300
-100
-500
-200
-400
-400
200
-400
-400
-500
-400
-500
-200
-400
100
-300
-200
-300
-200
-400
-200
0
-100
-500
-400
-300
-400
-300
-200
-100
