0
-2705.0
-1978.0
-1981.0
-1598.0
-1491.0
-2362.0
-1359.0
-2057.0
-2122.0
-1525.0
-1766.0
-1730.0
-2997.0
-2317.0
-2092.0
-2029.0
-1504.0
-1992.0
-2225.0
-1969.0
-1248.0
-1730.0
-2156.0
-1713.0
-2219.0
-1811.0
-1629.0
-1714.0
-2556.0
-2095.0
-2249.0
-1974.0
-2526.0
-2490.0
-2204.0
-1468.0
-1865.0
-1924.0
-1921.0
-2764.0
-1830.0
-1905.0
-1650.0
-1397.0
-1719.0
-1837.98
-2453.0
-1506.0
-1517.0
-1411.0
-1309.0
-2617.0
-2228.0
-1074.0
-1999.0
-1737.0
-1719.0
-2346.0
-1982.0
-1510.0
-2120.0
-1993.0
-1746.0
-2591.96
-915.0
-2105.0
-1750.0
-1197.0
-1127.0
-2042.0
-1792.0
-1884.0
-1962.0
-1726.0
-1977.0
-2152.0
-1379.0
-1391.0
-1989.0
-2109.0
-1721.0
-2149.0
-3159.0
-1848.0
-2614.0
-2365.0
-2436.0
-1821.0
-1135.0
-2316.0
-1325.0
-2248.0
-1646.0
-1289.0
-2857.0
-1520.0
-2119.0
-2015.0
-1641.0
-2784.0
-2050.0
-1873.0
-1708.0
-2215.0
-1558.0
-1586.0
-1993.98
-2219.0
-1361.0
-1575.0
-2408.0
-1947.0
-2200.98
-2154.0
-2003.0
-1695.0
-1732.0
-2068.0
-1476.0
-1503.0
-2760.0
-2269.0
-2207.0
-2416.0
-1290.0
-1966.0
-2252.0
-2415.98
-1830.0
-2067.0
-2612.0
-1849.0
-1640.0
-983.0
-1301.0
-1846.0
-1556.0
-2096.0
-1392.0
-1778.0
-1864.0
-2506.0
-2306.0
-1961.0
-2900.0
-1396.0
-2539.0
-1725.0
-1538.0
-1960.0
-1855.0
-1870.0
-1441.0
-1900.98
-1800.0
-1440.0
-2420.0
-1886.0
-885.0
-1621.0
-1202.0
-2806.0
-1408.0
-1231.0
-2373.0
-1834.0
-2623.0
-2182.0
-1901.0
-1675.0
-1271.0
-1770.0
-1821.0
-2422.0
-1637.0
-2029.0
-2285.0
-2144.0
-2125.0
-2024.0
-1767.0
-2577.98
