0
-500
-500
-500
-500
-500
-500
-500
-500
-500
-500
-500
-500
-500
-500
-500
-500
-500
-500
-500
-500
-500
-500
-500
-500
-500
-500
-500
-500
-500
-500
-500
-500
-500
-500
-500
-500
-500
-500
-500
-500
-500
-500
-500
-500
-500
-400
-500
-500
-500
-500
-500
-500
-500
-500
-500
-500
-500
-500
-500
-500
-500
-500
-500
-300
-500
-500
-500
-500
-500
-500
-500
-500
-500
-500
-500
-500
-500
-500
-500
-500
-500
-500
-500
-500
-500
-500
-500
-500
-500
-500
-500
-500
-500
-500
-500
-500
-500
-500
-500
-500
-500
-500
-500
-500
-500
-500
-400
-500
-500
-500
-500
-500
-400
-500
-500
-500
-500
-500
-500
-500
-500
-500
-500
-500
-500
-500
-500
-400
-500
-500
-500
-500
-500
-500
-500
-500
-500
-500
-500
-500
-500
-500
-500
-500
-500
-500
-500
-500
-500
-500
-500
-500
-500
-400
-500
-500
-500
-500
-500
-500
-500
-500
-500
-500
-500
-500
-500
-500
-500
-500
-500
-500
-500
-500
-500
-500
-500
-500
-500
-500
-500
-400
