0
-1.05849
-1.01374
-1.02504
-1.05528
-1.04612
-1.0513
-1.06852
-1.03861
-1.04767
-1.03995
-1.05427
-1.05292
-1.0515
-1.04766
-1.06745
-1.06053
-1.03384
-1.05507
-1.03268
-1.05059
-1.03378
-1.03993
-1.03965
-1.04863
-1.04638
-1.06085
-1.0698
-1.0598
-1.02237
-1.04079
-1.069
-1.06502
-1.03434
-1.06407
-1.05853
-1.05191
-1.03039
-1.0439
-1.05713
-1.0596700000000001
-1.04079
-1.05746
-1.0566200000000001
-1.04794
-1.04557
-1.04145
-1.0453000000000001
-1.04516
-1.05703
-1.0559
-1.03235
-1.0679
-1.05354
-1.02715
-1.0453
-1.04626
-1.03012
-1.02708
-1.04918
-1.04683
-1.07322
-1.05333
-1.03743
-1.0299
-1.05855
-1.03104
-1.02851
-1.052
-1.0486
-1.04969
-1.04486
-1.07523
-1.04956
-1.05825
-1.04695
-1.06433
-1.06222
-1.03536
-1.06156
-1.03609
-1.0304
-1.03209
-1.06133
-1.03692
-1.05401
-1.04036
-1.0587
-1.0311
-1.05272
-1.02792
-1.03426
-1.03488
-1.04553
-1.0333
-1.05737
-1.03019
-1.0439100000000001
-1.05877
-1.04362
-1.0503500000000001
-1.06067
-1.03613
-1.04309
-1.08958
-1.04314
-1.06518
-1.05515
-1.04649
-1.06401
-1.03636
-1.03748
-1.05834
-1.05421
-1.04105
-1.05351
-1.03151
-1.06298
-1.06536
-1.04039
-1.05913
-1.05497
-1.03881
-1.03041
-1.05881
-1.04781
-1.03271
-1.07755
-1.05585
-1.0413000000000001
-1.04561
-1.06113
-1.03909
-1.05681
-1.05144
-1.0207600000000001
-1.04806
-1.03357
-1.05717
-1.04372
-1.0563
-1.02542
-1.07105
-1.03171
-1.04796
-1.03161
-1.03373
-1.0867
-1.06012
-1.04774
-1.0293
-1.04411
-1.07068
-1.05236
-1.06139
-1.0632
-1.05681
-1.06617
-1.0602800000000001
-1.04373
-1.05172
-1.04095
-1.0654
-1.04311
-1.04555
-1.07387
-1.03629
-1.03575
-1.0515
-1.05598
-1.04641
-1.02881
-1.0365
-1.0369
-1.04614
-1.04502
-1.05928
-1.06016
-1.0459100000000001
-1.04996
-1.06128
-1.0526
-1.05907
-1.04853
-1.05068
-1.03386
-1.0322
-1.05934
-1.04076
-1.05183
-1.03932
-1.07091
-1.05141
-1.07453
-1.03848
-1.0547900000000001
-1.04763
-1.0451
-1.02714
-1.04822
-1.02821
-1.0464
-1.05386
-1.04223
-1.04474
-1.03749
-1.06941
