0
83.58030740740743
83.91388888888945
28.596822222222222
83.81952222222237
53.652733333333536
80.73454444444464
82.5703851851847
83.1933148148148
82.5174222222227
28.14288148148151
15.413185185185174
56.60374074074103
78.83028888888882
82.61225185185195
9.917085185185178
67.8342555555557
81.47904814814797
40.08851851851857
29.069585185185144
84.46294444444476
15.985714814814791
72.87248148148215
77.22354444444424
82.53013703703725
79.91594814814857
86.15807037037031
34.1873074074074
49.31670370370405
80.69593333333336
37.338451851851865
84.57600000000029
29.736929629629653
81.97323703703725
26.9597592592592
80.42201111111153
39.46103333333344
38.18474074074064
83.24160370370315
83.28634074074077
79.03980740740758
57.14602222222247
85.9070407407412
80.3801000000002
81.53525555555547
80.9582666666667
10.88130370370371
69.20664814814826
83.97479629629657
24.865666666666666
82.27969259259258
81.2493629629634
81.40101481481504
18.136125925925928
85.24616666666711
82.51302592592614
85.19880370370372
3.942662962962965
12.074448148148146
15.696066666666642
84.27741111111081
5.9717777777777705
81.84465185185245
32.16024444444443
83.6891000000005
83.42398888888881
60.051322222222254
83.13502962962981
56.15929259259301
82.82191481481527
83.43630370370329
79.96514074074051
76.20438148148178
44.121188888888994
81.11985925925964
11.727151851851852
34.48090740740741
74.87863703703742
23.273196296296316
82.78950370370336
70.42911481481518
45.55488888888911
82.62549629629643
62.18088148148211
27.53565555555558
38.63564444444454
68.64154444444411
33.38119629629627
79.1431555555558
31.893622222222177
79.07755185185194
82.69669259259288
39.49324814814829
82.01645925925959
82.4436703703708
81.99621851851865
80.93032222222223
82.40028148148129
3.1207518518518524
16.8896037037037
82.28162962962959
80.10884444444523
77.98928148148165
80.72387407407409
82.2432148148155
82.14889259259269
82.05646296296256
81.03567777777779
81.20642962962926
80.06120370370408
81.62745185185155
82.54348888888892
81.5101629629634
79.17537407407421
83.17312222222263
82.24174074074105
37.80206296296305
84.17563333333314
79.23465555555592
34.58275185185182
80.1193666666664
80.38491111111098
17.417270370370346
46.84668888888907
76.19432592592648
80.69138148148173
68.45429259259305
82.79789999999996
74.63744444444491
80.68672222222217
73.80257407407481
82.99688518518502
34.01928518518525
85.77713333333337
59.36289629629606
81.06104814814823
31.956366666666668
40.89599999999997
82.02314074074093
58.61245925925933
24.258103703703693
86.09475555555537
82.18962962963005
57.79131851851872
73.30686296296325
6.638296296296298
58.46833333333346
86.99465555555567
80.06074444444495
83.73981851851879
69.07519629629643
20.623774074074056
40.1202851851852
81.68771481481458
81.49002962963027
79.39795185185227
82.2070481481479
82.78144814814846
81.26748518518548
82.47339999999964
14.510870370370379
14.008077777777775
69.54648518518533
33.36334444444452
29.034966666666687
45.950729629629706
82.4336444444445
45.27247037037039
81.61096296296292
82.5626962962967
80.2651851851855
81.52867407407382
85.7661703703709
81.13335555555591
22.037770370370364
56.14791111111105
84.05931111111144
11.202359259259252
85.47455185185187
10.597599999999998
50.19306666666671
6.293774074074073
84.79964814814845
63.54887407407399
10.224448148148145
30.941700000000022
83.09865555555619
80.7538259259259
31.87851111111111
14.55733703703703
83.32980000000016
68.10673703703686
85.03901851851833
83.17265925925904
80.87019629629629
82.35245925925946
83.19434444444421
64.54779629629692
55.312296296296246
83.34569259259254
30.395096296296302
12.924359259259248
51.94149629629633
80.61795185185173
10.658337037037034
18.690140740740713
38.22357037037044
74.34973333333394
80.71350370370347
82.06565925925925
39.748003703703795
80.43015555555552
65.9032888888889
81.4123962962969
84.33871111111084
81.92865925925936
81.21519259259222
80.07764444444452
82.96005555555585
81.28292222222194
4.74408888888889
85.7923148148148
83.04901111111096
16.485103703703704
59.64541851851857
87.15831111111147
34.86014444444439
33.93964814814816
26.009229629629605
84.74240000000029
85.02064444444488
31.3489111111111
77.72610000000005
82.206388888889
34.73673333333338
20.982829629629588
78.7159962962965
82.72781111111144
82.2139074074074
33.72349259259265
62.897451851852374
10.524070370370362
86.0848222222222
49.69299629629649
83.35575555555575
60.34739259259275
78.89704074074109
80.03529259259301
11.55894074074074
83.01120740740772
51.53158888888915
56.20014814814833
83.89870740740758
80.74887777777819
79.32956666666685
69.42511481481534
33.66995185185188
45.45251111111133
86.90682962962998
10.21033333333331
83.28958888888906
83.15299259259352
55.19448148148173
82.59863333333348
83.11108518518564
81.22798888888835
54.33232592592624
23.859933333333277
81.81049259259242
83.2679740740739
51.45923703703728
82.44151481481492
82.56715925925909
49.12818888888911
18.130762962962937
78.17307777777798
84.57398518518593
80.43598888888901
80.92789259259241
85.0228814814816
82.48774814814865
85.10529259259319
82.41640000000024
83.92395185185237
81.07375185185182
85.48770370370417
