0
163100
167100
57300
162600
103500
157800
159800
161500
159900
52600
30200
110000
150900
164300
19400
133800
159700
79700
57200
165900
29200
141700
149700
159400
157000
168400
65900
96400
154800
72500
162000
55700
159400
52000
156900
79200
74900
163900
164000
152300
111300
166700
156600
155400
158400
20800
135400
165500
50400
158200
159200
158800
34900
166500
159100
169300
8000
22000
31500
167700
10200
156200
60600
167400
164400
116700
163700
109600
161500
161200
155900
152500
86100
160000
23900
65900
148600
44000
163900
139900
88800
160100
117400
52800
76800
138900
62900
150000
62700
158900
163600
76000
157300
160300
158000
157200
163300
5000
34300
158300
152400
149800
154100
161500
160900
161900
156000
158300
161200
158900
159000
159200
154100
159900
161300
75500
162900
150000
69800
158400
156900
33400
91500
148300
152500
133900
162000
144300
154500
140600
162500
65300
168300
119600
154300
61200
81000
161300
114100
47800
171600
161000
112100
145700
11600
114300
171600
152400
166100
133100
40700
78800
161500
158300
153500
162400
162400
159800
162000
30700
26400
135500
63300
55800
88100
160500
90100
161900
162800
154400
156800
168400
155400
41500
113700
165000
22300
167000
21600
99000
11000
170500
121700
19300
59400
160800
156400
59700
27100
162000
137800
166100
160000
157400
160000
163200
127700
106100
163600
60200
25000
103400
156200
24400
37100
73900
144000
158500
160000
74800
158100
129300
157400
167700
162700
158200
155100
163500
157200
10500
169600
159600
31600
117500
173100
66000
67900
50300
164700
165900
62400
151200
161700
65700
42200
154700
159600
160400
63700
123800
19900
168000
95300
163500
115000
150500
150100
23600
160400
99600
111100
163100
156000
155700
134500
67100
86700
174500
19800
161700
160900
106600
157500
162500
156300
107800
49500
160900
162200
102700
158800
160000
94200
35000
153300
165200
153600
155500
166000
157000
163600
162000
161600
158900
169300
