0
-1.09675
-1.0956000000000001
-1.1379000000000001
-1.11575
-1.1136
-1.0816
-1.0805
-1.0927
-1.0862
-1.0636
-1.07215
-1.06945
-1.1006
-1.0996
-1.04345
-1.0837
-1.08965
-1.07305
-1.0938
-1.1231
-1.07165
-1.0667
-1.0845500000000001
-1.09085
-1.12415
-1.0937000000000001
-1.05145
-1.0584
-1.1124
-1.0838
-1.09225
-1.05745
-1.08395
-1.0913
-1.0927499999999999
-1.08475
-1.0805500000000001
-1.0934
-1.0628
-1.08825
-1.0845
-1.1019
-1.1343
-1.07355
-1.08995
-1.05355
-1.1006
-1.0761
-1.09725
-1.08985
-1.0501
-1.06805
-1.0979
-1.104
-1.0584
-1.04965
-1.1068500000000001
-1.09425
-1.06685
-1.07065
-1.0773
-1.06145
-1.1072
-1.10035
-1.05
-1.0413
-1.0693
-1.09565
-1.12125
-1.1137000000000001
-1.1094
-1.03825
-1.1148
-1.08755
-1.08925
-1.0976
-1.08535
-1.07415
-1.0852
-1.08245
-1.0601
-1.09785
-1.08815
-1.0785
-1.06685
-1.07305
-1.12165
-1.07165
-1.0732
-1.0928
-1.07485
-1.08515
-1.06755
-1.0913
-1.08865
-1.0735999999999999
-1.07625
-1.0492
-1.08205
-1.0805
-1.076
-1.0445
-1.0827
-1.1022
-1.04405
-1.0967
-1.06115
-1.09805
-1.11575
-1.12175
-1.06235
-1.10215
-1.06395
-1.0783
-1.0649
-1.0559
-1.1061
-1.10175
-1.0665499999999999
-1.0598
-1.0607
-1.05425
-1.0627
-1.114
-1.06625
-1.0794
-1.09315
-1.1251
-1.08675
-1.07725
-1.0699
-1.0805
-1.09155
-1.12015
-1.1013
-1.0985
-1.0817
-1.05835
-1.0824
-1.05995
-1.0694
-1.1196
-1.08005
-1.07515
-1.09585
-1.0818
-1.07775
-1.0892
-1.06065
-1.09765
-1.1189
-1.0552
-1.03245
-1.0718
-1.06715
-1.09355
-1.0794
-1.0907
-1.08055
-1.04885
-1.12115
-1.09715
-1.0707
-1.1062
-1.07235
-1.0825
-1.07845
-1.07955
-1.07325
-1.0881
-1.09125
-1.0833
-1.093
-1.064
-1.09445
-1.077
-1.0958
-1.11025
-1.1064
-1.0893
-1.0956
-1.06105
-1.09935
-1.07415
-1.11725
-1.0769
-1.09945
-1.0991
-1.1203
-1.09245
-1.1034
-1.10005
-1.0923
-1.0526
-1.09325
-1.09765
-1.1221999999999999
-1.07445
-1.06285
-1.0968
-1.04815
-1.1051
-1.0585
-1.0815
-1.09025
-1.07775
-1.09725
-1.07665
-1.065
-1.0663
-1.09845
-1.0924
-1.07005
-1.0967
-1.12075
-1.0622
-1.0854
-1.0746
-1.095
-1.1136
-1.1121
-1.06555
-1.07425
-1.11415
-1.0595
-1.098
-1.05925
-1.0777
-1.1296
-1.0888
-1.08185
-1.09925
-1.0838
-1.0932
-1.1014
-1.0457
-1.1075
-1.10205
-1.11105
-1.0889
-1.0691
-1.07705
-1.0771
-1.10395
-1.05805
-1.11455
-1.1074
-1.06335
-1.0806499999999999
-1.11005
-1.0936
-1.11385
-1.1156
-1.0876000000000001
-1.0786
-1.06445
-1.08125
-1.0808
-1.0704
-1.0983
-1.0595
-1.09035
-1.07705
-1.1108500000000001
-1.06665
-1.09515
-1.06825
-1.0607
-1.12435
-1.1209500000000001
-1.06775
-1.0875
-1.0452
-1.0876
-1.0791
-1.09005
-1.10285
-1.07885
-1.08125
-1.094
-1.1074
-1.12065
-1.10985
-1.1071
-1.08425
-1.0888
-1.04025
-1.08225
-1.10625
-1.0793
-1.0767
-1.0838
-1.07225
-1.07435
-1.08525
-1.05165
-1.1151
-1.076
-1.0926
-1.10605
-1.0841
-1.0782
-1.09855
-1.0566
-1.0585
-1.1018000000000001
-1.0703
-1.07505
-1.0836000000000001
-1.0613
-1.0704
-1.06815
-1.08225
-1.07095
-1.0944
-1.08835
-1.10435
-1.05045
-1.10975
-1.0818
-1.05785
-1.0876000000000001
-1.0805500000000001
-1.09835
-1.08615
-1.08175
-1.0499
-1.0701
-1.09455
-1.1077
-1.08905
-1.1076
-1.0622
-1.1041
-1.07515
-1.10135
-1.074
-1.0848
-1.072
-1.09815
-1.1024
-1.07235
-1.1038000000000001
-1.10135
-1.0818
-1.0649
-1.08325
-1.10575
-1.07635
-1.05555
-1.06675
-1.085
-1.07765
-1.10205
-1.0788
-1.1028
-1.0899
-1.0922
-1.0695000000000001
-1.1103
-1.1075
-1.06055
-1.11975
-1.0848
-1.07765
-1.1101
-1.1112
-1.0906
-1.1103
-1.0801
-1.1025
-1.07565
-1.0785
-1.08885
-1.07295
-1.0796000000000001
-1.08195
-1.067
-1.0875
-1.06935
-1.07405
-1.09795
-1.0558
-1.1099999999999999
-1.0811
-1.07345
-1.0964
-1.05905
-1.1042
-1.0962
-1.11685
-1.0695000000000001
-1.1267
-1.0701
-1.06005
-1.1052
-1.10755
-1.0612
-1.0777
-1.0426
-1.0711
-1.09805
-1.0674
-1.07885
-1.0591
-1.09225
-1.0912
-1.12045
-1.08325
-1.0588
-1.05955
-1.09845
-1.1103
-1.10205
-1.08265
-1.0768
-1.09095
-1.0874
-1.08655
-1.08705
-1.0979
-1.09415
-1.11905
-1.0665
-1.0853
-1.0487
-1.0973
-1.0845
-1.10825
-1.0713
-1.08
-1.0787
-1.0735999999999999
-1.0601
-1.0998999999999999
-1.09755
-1.09295
-1.0593
-1.1025
-1.091
-1.11375
-1.0903
-1.076
-1.07245
-1.1106
-1.0522
-1.0872
-1.06455
-1.08415
-1.09195
-1.07995
-1.09685
-1.094
-1.0916000000000001
-1.08335
-1.0712
-1.09845
-1.0594000000000001
-1.0772
-1.0892
-1.07575
-1.0789
-1.07435
-1.1077
-1.09075
-1.0631
-1.0982
-1.08805
-1.1015
-1.0668
-1.05615
-1.094
-1.0745
-1.11515
-1.09415
-1.0566
-1.08225
-1.08035
-1.07905
-1.0831
-1.06015
-1.0562
-1.0927
-1.0743
-1.0789
-1.06825
-1.09585
-1.07245
-1.10895
-1.0573000000000001
-1.09365
-1.1089
-1.12115
-1.07025
-1.07195
-1.0622
-1.09945
-1.0581
-1.0863
-1.0898
-1.10675
-1.0775
-1.0961
-1.0595
-1.0868
-1.10715
-1.08125
-1.0927499999999999
-1.0692
-1.0733
-1.0477
-1.0697
-1.09845
-1.0629
-1.09125
-1.0922
-1.10835
-1.0917
-1.05555
-1.09345
-1.09965
-1.06705
-1.0858
-1.1188
-1.0729
-1.113
-1.06885
-1.11345
-1.0618
-1.08905
-1.0862
-1.10185
-1.09975
-1.0895
-1.11845
-1.0498
-1.0777
-1.1118999999999999
-1.1156
-1.1112
-1.08425
-1.0971
-1.0993
-1.11055
-1.0619
-1.1115
-1.0741
-1.04915
-1.10305
-1.09695
-1.0551
-1.09205
-1.1168
-1.047
-1.09
-1.0711
-1.08325
-1.1068
-1.09175
-1.06015
-1.03785
-1.06165
-1.07855
-1.05515
-1.0687
-1.10155
-1.0755
-1.1095
-1.0836999999999999
-1.0815000000000001
-1.09745
-1.11825
-1.12165
-1.07565
-1.05895
-1.12105
-1.0663
-1.0732
-1.11235
-1.0973
-1.0923
-1.0508
-1.11375
-1.0896
-1.0803
-1.08475
-1.0759
-1.0947
-1.07825
-1.10165
-1.05255
-1.1289
-1.08925
-1.0699
-1.05915
-1.08295
-1.0779
-1.11975
-1.08125
-1.0989
-1.1007
-1.05605
-1.1193
-1.0615
-1.0616
-1.1152
-1.05305
-1.07035
-1.09295
-1.07505
-1.1196
-1.10775
-1.0564
-1.1152
-1.0952
-1.09355
-1.11425
-1.0906500000000001
-1.09355
-1.0781
-1.0755
-1.0837
-1.0845
-1.0757
-1.0821
-1.09355
-1.076
-1.07205
-1.0633
-1.08445
-1.14595
-1.0703
-1.09095
-1.09335
-1.07905
-1.11425
-1.12515
-1.08795
-1.08965
-1.08075
-1.0863
-1.0451
-1.0762
-1.0793
-1.0862
-1.0658
-1.07795
-1.056
-1.09805
-1.09785
-1.089
-1.1116
-1.06625
-1.13735
-1.1055
-1.08745
-1.05955
-1.0675
-1.076
-1.11505
-1.105
-1.0566
-1.07545
-1.06845
-1.102
-1.09365
-1.09975
-1.06155
-1.06505
-1.04825
-1.059
-1.068
-1.1138
-1.0744
-1.10075
-1.09605
-1.07635
-1.105
-1.08325
-1.0888
-1.0676
-1.07035
-1.0826500000000001
-1.06145
-1.0941
-1.0966
-1.05165
-1.123
-1.09845
-1.1071
-1.0623
-1.10135
-1.0798
-1.0997000000000001
-1.0899
-1.07005
-1.07345
-1.1165
-1.05575
-1.1
-1.11555
-1.0961
-1.0768
-1.09125
-1.06315
-1.089
-1.0789
-1.11115
-1.0497
-1.0749
-1.08035
-1.05475
-1.07705
-1.0676
-1.09615
-1.0616
-1.0833
-1.0756000000000001
-1.0846500000000001
-1.0709
-1.0954
-1.10065
-1.1016
-1.07825
-1.0962
-1.0416
-1.0608
-1.0895
-1.0898
-1.0553
-1.10425
-1.08155
-1.09555
-1.06365
-1.1238
-1.08165
-1.05485
-1.07315
-1.0765
-1.09625
-1.0997
-1.10835
-1.123
-1.0939
-1.07035
-1.07625
-1.08335
-1.0931
-1.10415
-1.0871
-1.0901
-1.0982
-1.10015
-1.0666
-1.0976
-1.0971
-1.05445
-1.09125
-1.10295
-1.10385
-1.06965
-1.09365
-1.1174
-1.10265
-1.1372
-1.05635
-1.0682
-1.0654
-1.076
-1.06825
-1.0648
-1.097
-1.09555
-1.08755
-1.07855
-1.0767
-1.07285
-1.0662
-1.0684
-1.0967500000000001
-1.09385
-1.06385
-1.1126
-1.08905
-1.12285
-1.0802
-1.10705
-1.06825
-1.0857
-1.08595
-1.09355
-1.07575
-1.0917
-1.0886
-1.08185
-1.059
-1.1207
-1.08465
-1.08125
-1.077
-1.1174
-1.0872
-1.09045
-1.0975
-1.0664500000000001
-1.1258000000000001
-1.06915
-1.1061
-1.09995
-1.09245
-1.05175
-1.10635
-1.0557
-1.08285
-1.0695000000000001
-1.0975
-1.10355
-1.08125
-1.07375
-1.0894
-1.0765500000000001
-1.07145
-1.08605
-1.06435
-1.1088
-1.06545
-1.0621
-1.1088500000000001
-1.0868
-1.1188500000000001
-1.05605
-1.10995
-1.0875
-1.07635
-1.09035
-1.09845
-1.06325
-1.06985
-1.0475
-1.0805500000000001
-1.1046
-1.07335
-1.0739
-1.0798
-1.0949
-1.08975
-1.0854
-1.0297
-1.052
-1.08425
-1.0755
-1.0651
-1.0972
-1.04985
-1.09205
-1.1196
-1.08415
-1.0857
-1.0546
-1.0941
-1.0864
-1.0892
-1.08555
-1.0926
-1.08375
-1.10915
-1.10335
-1.07155
-1.10525
-1.087
-1.01235
-1.10715
-1.08895
-1.0694
-1.0371
-1.10415
-1.0493
-1.07515
-1.06445
-1.107
-1.08765
-1.11795
-1.10155
-1.07645
-1.05375
-1.081
-1.0712
-1.0724
-1.0513
-1.0496
-1.07695
-1.0962
-1.056
-1.10205
-1.0691
-1.1032
-1.06555
-1.08225
-1.0725
-1.0908
-1.1125
-1.08915
-1.10835
-1.12445
-1.0943
-1.07855
-1.0982
-1.0966
-1.13045
-1.0466
-1.08915
-1.10695
-1.08555
-1.07855
-1.0811
-1.09255
-1.07945
-1.09035
-1.0743
-1.0838
-1.06195
-1.1034
-1.08745
-1.11165
-1.076
-1.0936
-1.082
-1.0745
-1.1108
-1.0756000000000001
-1.0762
-1.08755
-1.0713
-1.10525
-1.079
-1.0923
-1.05185
-1.09815
-1.07945
-1.1041
-1.0529
-1.0489
-1.06755
-1.07395
-1.08115
-1.0875
-1.1249
-1.07575
-1.1002
-1.1024
-1.11925
-1.07475
-1.09225
-1.1159000000000001
-1.09115
-1.10975
-1.0892
-1.04335
-1.0904
-1.0625
-1.09125
-1.0575
-1.10385
-1.04025
-1.0953
-1.05305
-1.05435
-1.11855
-1.03675
-1.10045
-1.12475
-1.08255
-1.05935
-1.04235
-1.10365
-1.1042
-1.04565
-1.0642
-1.09315
-1.0602
-1.0889
-1.0974
-1.07495
-1.08415
-1.1082
-1.0826
-1.0855
-1.0662
-1.0971
-1.1391499999999999
-1.04535
-1.0674
-1.1039
-1.07505
-1.1027
-1.10625
-1.09
-1.1184
-1.0801
-1.02495
-1.05465
-1.0642
-1.07075
-1.07205
-1.00195
-1.07235
-1.0773
-1.0542
-1.07505
-1.11775
-1.09965
-1.06
-1.0755
-1.10795
-1.0581
-1.06685
-1.07745
-1.08225
-1.0312000000000001
-1.05515
-1.06125
-1.10635
-1.1250499999999999
-1.083
-1.05915
-1.09125
-1.1280999999999999
-1.08865
-1.0647
-1.08795
-1.0992
-1.04885
-1.09595
-1.0897000000000001
-1.0727
-1.0997
-1.1047
-1.093
-1.0556
-1.08135
-1.0949
-1.08145
-1.10195
-1.1006
-1.0691
-1.08565
-1.0947
-1.0601
-1.0625
-1.08785
-1.0889
-1.09015
-1.07085
-1.0453
-1.13805
-1.0912
-1.06625
-1.06225
-1.0915
-1.0623
-1.1097
-1.07945
-1.05875
-1.06015
-1.1142
-1.0997999999999999
-1.0904
-1.10365
-1.09175
-1.15455
-1.098
-1.05715
-1.06955
-1.0729
-1.11425
-1.1006
-1.07615
-1.0433
-1.09875
-1.07605
-1.0828
-1.0677
-1.09695
-1.08555
-1.1082
-1.12305
-1.09265
-1.0958999999999999
-1.0766499999999999
-1.07075
-1.1132
-1.0767
-1.08565
-1.11165
-1.07945
-1.05365
-1.0369
-1.07795
-1.0661
-1.0717
-1.0744500000000001
-1.1233
-1.10415
-1.0836000000000001
-1.07385
-1.09805
-1.1227
-1.05155
-1.0886
-1.0479
-1.11145
-1.0884
-1.11575
-1.12245
-1.07555
-1.0963
-1.0469
-1.08555
-1.08615
-1.06615
-1.04385
-1.074
-1.12185
-1.07735
-1.0857
-1.0706
-1.0527
-1.06475
-1.1043
-1.0998
-1.0685
-1.05545
-0.8799
-1.06885
-1.0931
-1.0959
-1.115
-1.08005
-1.07185
-1.0701
-1.0581
-1.09865
-1.10225
-1.06425
-1.0856
-1.03195
-1.06805
-1.0447
-1.07735
-1.0848
-1.0356
-1.0579
-1.039
-1.06765
-1.0947
-1.06385
-1.08005
-1.0777
-1.0633
-1.06815
-1.06665
-1.07845
-1.0685
-1.0986
-1.112
-1.0817
-1.0776
-1.093
-1.1274
-1.09065
-1.05035
-1.0583
-1.0695999999999999
-1.075
-1.09085
-1.02
-1.09305
-1.10635
-1.0794
-1.1052
-1.0592
-1.06045
-1.04585
-1.06585
-1.0618
-1.06765
-1.0924
-1.08125
-1.12715
-1.07485
-1.0939
-1.07615
-1.08765
-1.09235
-1.07685
-1.071
-1.0702
-1.0785
-1.04375
-1.0826
-1.075
-1.08195
-1.08495
-1.07425
-1.1003
-1.08915
-1.1172
-1.076
-1.0919
-1.06815
-1.04345
-1.06035
-1.10965
-1.0615
-1.0866500000000001
-1.0746
-1.0755
-1.11315
-1.09175
-1.10935
-1.03615
-1.10105
-1.0622
-1.07645
-1.0505
-1.09765
-1.0704
-1.11015
-1.05955
-1.0827499999999999
-1.09415
-1.04215
-1.0364
-1.0532
-1.05875
-1.0873
-1.01665
-1.0633
-1.07495
-1.0806
-1.07595
-1.06615
-1.0544499999999999
-1.0868
-1.0415
-1.09375
-0.9937
-1.01185
-1.0809
-1.1267
-1.05215
-1.0879
-1.0849
-1.09665
-1.05735
-1.0924
-1.0788
-1.08345
-1.0877000000000001
-1.084
-1.02195
-1.0692
-1.0701
-1.0449
-1.09785
-1.04715
-1.08355
-1.08535
-1.11235
-1.09155
-0.96885
-1.04625
-1.0673
-1.09595
-1.1017
-1.0616
-1.0584500000000001
-1.09385
-1.062
-1.0761
-1.11405
-1.0803
-1.0404
-1.1201
-1.0744
-1.09485
-1.08155
-1.117
-1.04305
-1.06825
-1.0618
-1.09635
-1.0868
-1.08575
-1.0762
-1.066
-1.0234
-1.09445
-1.02565
-1.0757
-1.1191499999999999
-1.0604
-1.08525
-1.09105
-1.09695
-1.037
-1.0747
-1.0673
-1.04945
-1.05745
-1.0897000000000001
-1.08205
-1.0963
-1.0651
-1.07395
-1.0805
-1.0394
-1.06515
-1.10735
-1.0705
-1.0676
-1.06595
-1.07215
-1.00345
-1.0923
-1.09165
-1.03445
-1.1161
-1.0906
-1.0427
-1.0426
-1.05145
-1.0208
-1.0688
-1.0976
-1.08045
-1.0823
-1.08805
-1.07665
-1.0765
-1.072
-1.1148500000000001
-1.0892
-1.08785
-1.1123
-1.01435
-1.08015
-1.13405
-1.07695
-1.0627
-1.0693
-1.08405
-1.06715
-1.057
-1.0722
-1.0746
-1.0376
-1.085
-1.0948
-1.02675
-1.0898
-1.0988
-1.0966
-1.1085
-1.1031
-1.0651
-1.10435
-1.07135
-1.07215
-1.08215
-1.0434
-1.0105
-1.012
-1.0214
-1.092
-1.11645
-1.0186
-1.0831
-1.0262
-1.07365
-1.1048
-1.0852
-1.0937000000000001
-1.04685
-1.02925
-1.0964
-1.08625
-1.05115
