0
47.75525555555529
43.61942962962955
41.17602222222228
4.698666666666672
3.1953518518518553
0.9052444444444445
5.388062962962964
5.334300000000004
1.4191814814814796
-0.04626296296296262
0.7526888888888887
5.925903703703707
5.241644444444441
6.195766666666664
6.940640740740745
3.439911111111112
1.5299962962962934
6.2285296296296355
5.645770370370381
2.620399999999999
18.84131851851852
5.1875925925925985
9.33211481481481
14.455529629629664
21.38937037037038
39.287940740740765
37.26605925925933
12.638285185185177
12.40985925925926
8.809918518518517
0.913596296296296
13.083292592592565
4.667700000000004
7.854581481481491
37.23897037037031
14.465470370370376
29.73769629629631
9.221362962962976
7.323874074074071
18.969214814814848
39.711381481481496
20.409800000000025
18.291562962963
27.05047037037036
0.5903777777777768
40.953759259259286
8.07696296296297
7.248914814814828
3.2083333333333295
17.462085185185185
15.303674074074099
5.101822222222219
36.36886666666667
28.564929629629667
19.794822222222262
19.546214814814835
4.324411111111116
29.138085185185275
43.90794814814816
1.978855555555556
3.0277518518518507
44.02479999999992
9.61551851851855
39.701399999999964
41.13463333333341
11.889937037037024
15.515051851851858
39.92152962962962
15.020448148148134
18.154562962962952
35.079440740740765
3.9990111111111126
41.3245666666666
20.668811111111133
37.16184814814808
18.201944444444454
6.027125925925926
24.807488888888916
8.307329629629626
43.6275259259259
1.2621962962962963
40.33373333333324
36.85297407407395
28.30417777777779
31.795666666666733
39.067133333333196
44.042381481481335
9.244374074074075
43.07929999999987
4.090274074074078
17.395244444444444
6.2546148148148255
42.3823
42.88433333333341
26.515774074074145
42.45472222222224
43.301770370370306
41.89841111111119
27.05218888888888
13.621607407407405
37.24739629629625
21.183081481481576
40.9998333333333
38.9891370370371
46.4373037037036
45.252040740740675
43.91463703703696
23.54091851851856
44.84474814814809
46.01914814814817
45.91208888888887
20.17350740740746
44.28705185185183
45.88979259259247
44.99820740740739
36.733270370370334
41.64392962962947
42.234440740740595
47.390259259259324
46.539981481481384
43.79188518518507
45.32836296296287
45.27524074074071
7.624037037037043
27.263118518518525
17.77362962962962
44.59745925925908
24.7510814814815
3.362444444444444
45.39122592592592
42.97521111111118
44.66606296296271
41.67953333333326
45.05074444444447
16.531407407407443
45.10137037037033
32.7942777777778
2.5870592592592585
31.962377777777817
0.32077037037036926
43.26991851851839
6.463625925925934
7.29044444444445
45.54708148148145
21.913340740740765
43.88136666666685
46.604566666666585
13.702592592592604
38.41665185185171
26.803829629629607
16.25252222222221
16.56105185185185
41.10849999999993
10.530596296296304
46.3400333333332
44.6665037037037
1.1624074074074056
41.84941481481487
43.38659629629609
44.62275555555545
3.986114814814816
12.331481481481491
44.00222222222234
44.96213333333339
42.86041851851857
0.8881222222222223
16.669229629629644
41.558411111111134
2.7523740740740745
9.496803703703705
46.24465185185174
46.167233333333286
35.66282222222226
8.12894814814814
26.805796296296297
20.81803703703705
42.91143703703717
3.5973777777777816
21.303303703703723
44.08909259259252
46.767451851851874
46.795570370370385
44.35594444444454
44.50292962962957
44.793351851851824
37.46860000000006
46.684966666666575
9.679418518518522
27.344807407407465
46.855159259259295
2.2391999999999994
44.805351851851654
19.137351851851864
16.432985185185203
35.77457777777778
30.56927407407406
50.59564444444439
42.49825555555566
46.37678888888888
29.389003703703708
1.210233333333334
30.36791851851863
49.46445555555554
14.843185185185225
1.675437037037038
20.201388888888843
3.83693703703704
46.83677037037044
10.62767407407407
20.250788888888902
40.3051629629629
11.434744444444457
32.23318888888887
45.12531111111103
33.753885185185204
47.58329629629638
23.454877777777785
47.67333703703701
44.441899999999926
47.453877777777606
43.52900000000008
32.55669259259262
46.0478999999999
45.39449629629626
27.901659259259308
31.531811111111182
6.891377777777791
42.42699259259244
42.688029629629554
24.858107407407434
30.41591851851858
45.541496296296216
7.847270370370376
44.3962518518517
43.36462592592578
26.406155555555593
46.68509629629618
43.14211481481465
30.192551851851928
11.355766666666671
43.53766666666668
52.337792592592336
9.088759259259266
14.923440740740713
46.7370111111109
44.73131111111112
46.11878888888883
47.242755555555306
48.000611111111084
45.35180370370342
44.039722222222096
45.44979629629618
39.74887777777769
44.317307407407384
45.14753333333332
41.51064074074068
45.93963333333329
44.92962962962971
45.83866296296287
22.604918518518506
50.72379629629632
44.539181481481606
42.83198888888888
46.9089888888887
43.992344444444235
45.06858888888891
42.68158518518512
43.850177777777716
40.01852222222217
1.060396296296294
27.369822222222215
45.0464814814814
43.58825925925932
43.7712370370369
47.73542592592565
21.566988888888915
45.80980740740746
45.82688518518511
-0.24592222222222304
46.97482222222206
15.917125925925912
13.560822222222255
44.42553703703694
46.45011851851856
44.68675925925917
44.97275555555567
44.199692592592505
13.297844444444461
47.6211740740743
0.7881370370370371
8.89855925925925
0.012962962962962843
21.21755185185189
12.145985185185205
46.81101851851828
42.76049259259253
42.472755555555615
34.44478888888886
6.325025925925926
33.623422222222246
44.97247777777767
46.69974444444444
35.04454814814812
42.75361481481477
45.86388888888895
47.66468148148124
46.609399999999944
18.769592592592616
10.950081481481485
46.12726666666663
44.23672592592572
7.6047925925926005
44.26957037037028
45.86617407407388
45.73742962962967
46.64586666666658
40.3299740740741
24.9026518518519
47.943137037036905
43.010644444444445
44.399207407407395
12.154962962962964
45.22077407407399
9.615011111111105
27.982825925925965
46.40039999999984
28.394344444444535
45.67988518518516
47.56957407407377
17.460866666666707
2.7844592592592576
14.455992592592583
8.61232962962964
44.85736296296296
49.20395555555554
38.602014814815
31.881907407407475
2.5298740740740726
43.382933333333256
45.10554444444453
24.73777407407408
12.633103703703702
15.753488888888882
45.94808148148146
47.049051851851836
3.3450222222222274
3.9196518518518495
39.71565185185185
2.7319222222222193
11.758037037037047
33.449481481481456
45.43648518518512
25.705392592592652
5.974492592592594
7.492540740740738
43.30582592592591
10.195218518518523
43.936855555555574
3.5421444444444434
41.181433333333395
25.42762222222224
26.682844444444502
28.617325925925986
45.35246296296289
44.115433333333286
44.025700000000015
44.385477777777666
45.016448148148015
24.275714814814823
26.531796296296353
41.181288888888766
44.090022222222146
23.507396296296328
24.683914814814848
47.649962962962896
34.11284074074075
44.74144444444433
42.223851851851975
46.96534074074071
13.681396296296292
7.668411111111103
41.02666296296292
46.07810370370359
44.22403333333323
42.71214444444448
21.80010370370374
42.53512222222221
17.314755555555582
16.599259259259263
49.453337037036995
47.4857888888887
33.61208518518527
12.878111111111128
43.782814814814664
23.822859259259197
42.15046666666665
44.186185185185025
12.045148148148156
44.46032962962947
45.45824444444439
48.14423703703689
44.635181481481474
47.10033333333324
23.326644444444447
39.601955555555584
10.140892592592609
29.839899999999975
42.77016666666673
9.199885185185197
27.672496296296348
10.253462962962958
12.723585185185183
45.23993333333312
27.08692962962967
42.331722222222105
33.14048518518511
18.499625925925947
44.20242962962963
20.74380000000004
43.61861851851843
1.9546037037037025
48.07877777777758
46.3942999999998
43.50926296296311
44.25332592592596
44.046166666666615
2.6056333333333312
42.955581481481396
28.427207407407483
