0
160800
150200
146400
18000
15800
6600
24200
21600
9400
2800
5100
26200
22800
23400
29000
16500
8900
28700
25300
13500
74300
25900
37300
58400
79300
142400
141100
46400
49300
33800
6200
58300
18900
31000
136000
55000
108800
35000
29900
69700
149800
78300
67400
98200
4800
143800
29600
29200
14400
65300
59600
19500
128700
107000
70800
75100
16500
105800
151600
9600
13100
151200
36500
145800
146700
48700
56300
144800
54400
64700
126200
16500
153000
73200
135400
66000
24100
88800
34100
151000
8900
146700
135200
102000
107100
135900
152500
32600
153900
16400
63300
23800
151200
149400
97400
149100
152200
148800
96900
49700
130400
71500
144000
140500
155800
155900
151300
82400
154300
159700
156300
71300
153500
158200
160400
125200
155600
147800
160000
160600
149000
153800
158600
29800
101300
61100
157300
87700
14700
156400
151500
156500
152100
155100
60500
157600
120900
11500
110100
9100
155300
26800
28200
157900
77600
153000
161100
50200
137300
96200
60000
67100
145800
38600
157500
158500
6500
145300
152000
155400
15700
47200
149100
160200
147200
6000
61100
143400
16400
37000
158900
157500
127500
32800
95300
73000
154000
15600
72100
155500
161600
160300
160500
152900
156200
129600
158400
36500
92900
157300
10800
153500
67100
59900
126300
108200
168600
152700
161700
101800
6300
106700
168900
51800
8200
72600
19000
163000
40700
75300
140300
44400
113100
156900
124700
162800
83100
164800
151200
166800
153900
117700
159300
154700
95200
111000
26400
152800
147500
90200
109400
157400
30700
153500
153700
101400
160100
150700
107600
42300
150300
171700
33100
53300
156900
156900
156300
160800
162300
155800
151800
157400
145200
155000
154800
145100
162900
152900
156500
82400
170900
152500
153600
159000
149700
156300
149000
150600
141000
6200
95100
157900
151900
148600
161800
80700
157700
157100
2100
159900
56500
54600
156700
158000
157300
158100
150100
47100
164900
5500
33100
2600
80600
43700
160700
155500
152700
118500
24100
116700
153300
160500
124600
148000
159000
160600
156600
66400
39100
158400
153700
28600
152200
156800
155600
163800
151400
88700
162100
152400
155000
45800
154100
38100
99700
156600
98400
162500
159500
63900
11500
52900
31400
156500
171600
131800
114500
11000
149400
160500
89300
45100
56400
160600
158900
16800
15800
140000
11400
40600
114700
162500
90700
23200
29000
151000
41900
155400
14700
146700
95100
93000
99700
156500
152100
153900
150600
154300
91300
92600
153600
151800
81800
85900
161900
123500
152400
153500
164000
49400
32700
145700
155800
152100
152400
77500
146400
60900
60100
167500
159000
116600
51600
148000
87100
150300
151700
43600
152900
157800
162100
157900
160200
84900
139200
36700
108000
150300
35600
98000
37700
43700
154800
90800
151800
122000
70000
150200
75600
152600
10000
164100
156600
148400
151000
153000
11700
147100
98300
