0
74.56575555555588
30.201299999999993
29.27822222222225
37.13105000000006
73.66108888888905
76.83612222222256
54.714044444444454
5.273577777777784
17.096161111111112
43.33722777777784
16.80628888888888
78.05346666666699
9.304299999999994
21.95503333333332
74.98866666666659
53.29542222222211
78.89692222222237
35.765727777777826
15.155633333333341
76.2634166666668
79.18868888888919
18.638272222222184
76.80345555555594
37.465055555555494
77.89666666666669
24.610994444444472
15.174411111111116
46.47646666666659
76.41740555555579
77.35137777777818
68.11904444444447
2.7827888888888896
77.57301666666687
65.86964444444466
6.3013
77.25435555555583
16.665077777777746
76.90554444444493
19.600727777777795
76.74030000000052
68.52448333333342
25.12963888888891
77.61760000000018
76.94266111111139
77.21076111111158
76.12819444444457
76.52029444444494
38.83710555555559
63.94593888888896
77.4405944444447
20.028805555555504
74.2004500000001
29.797511111111074
49.44581111111123
78.85575555555577
76.92560555555583
62.63943888888902
10.570066666666664
74.92482222222266
79.0201111111114
41.80269444444446
52.97677777777794
75.32604444444507
79.02041111111164
76.11452222222256
26.7097277777778
76.24036666666663
75.6671722222223
51.427244444444504
2.638511111111111
46.136861111111216
5.953344444444448
75.08725000000051
22.125849999999943
44.00756666666665
78.44107222222246
35.26727777777787
10.36279444444445
79.6166166666672
55.01992777777779
76.5245444444447
76.13681666666692
77.4526500000005
77.23228888888946
73.7218388888889
52.6853111111112
27.692122222222267
76.89958888888924
46.90317777777785
72.0427555555558
78.42887777777803
75.16580000000013
33.97642777777776
67.54951666666682
74.7338722222225
64.87258333333344
12.989616666666642
27.87217222222226
76.9800944444446
77.51272777777808
7.137783333333344
77.15863333333348
76.23860000000022
77.28880555555583
79.79991111111121
77.83995000000017
41.03173888888891
75.44783333333348
36.389011111110996
75.24918888888939
58.762277777777875
16.273872222222238
30.02599999999996
13.653099999999982
5.92230555555556
10.989633333333337
54.9039388888891
41.142666666666734
41.2546833333334
43.73755555555553
17.936905555555516
10.30171666666667
74.51461666666698
4.522461111111115
60.64907777777786
76.22270555555559
35.54517222222217
33.72432777777781
52.46835000000023
61.09148888888912
76.48298888888925
76.15621111111153
61.540350000000196
66.87803888888915
27.265150000000023
78.8579611111114
75.38825000000018
41.37535555555563
79.1782277777782
77.53852777777813
75.11919444444449
22.91623333333334
21.613861111111106
73.73090000000052
74.00608888888918
58.485566666666756
58.634483333333336
76.1013444444448
74.80812777777811
71.25871666666713
50.354016666666936
68.50217222222243
76.60116666666653
38.613000000000106
32.4903722222222
31.67391111111109
78.21495555555568
11.998338888888902
38.86226111111119
73.72124444444476
34.76827222222221
77.23117222222234
77.00093888888928
13.810799999999993
76.06358333333363
68.24715555555566
28.332555555555526
25.93201666666659
42.677638888888865
77.18642222222273
24.628144444444466
76.93661666666725
76.80906666666685
75.32393333333367
52.44025000000003
77.47322222222246
62.37021111111128
80.65802777777768
14.964766666666609
15.37117777777775
78.57641111111131
76.11827777777783
40.25118333333334
6.042811111111111
74.84256666666684
74.5663500000002
74.48727222222246
77.06183888888927
67.89491666666682
53.05041666666678
76.81812777777793
76.79413888888897
77.51302777777806
55.853744444444644
77.07540555555609
79.84723333333365
47.33382222222227
24.6167944444444
6.557011111111114
31.067888888888845
75.122138888889
22.036372222222163
76.42241666666683
18.76602777777773
76.11892222222218
77.00294444444476
75.89552777777813
9.451616666666654
77.41970000000035
34.31252777777774
36.45623888888892
75.25062222222259
63.697738888889134
80.78510555555586
4.817144444444444
27.760527777777792
9.842422222222204
45.15816666666677
7.410244444444446
6.322638888888896
32.10367222222222
35.15183888888887
75.45162222222255
77.41118333333374
77.08346666666684
7.808283333333339
77.46103888888912
77.18513333333341
74.4267944444448
77.24010000000057
37.08190555555554
77.5070555555555
78.16466111111143
6.172011111111113
4.0242944444444415
64.8373166666669
75.70759444444471
20.504561111111123
58.8582444444446
71.6359888888891
6.778011111111116
77.73177777777803
75.20310000000018
77.13034444444448
49.24226111111125
62.42119444444457
57.321188888889054
56.501188888889004
65.58991666666672
74.35118888888915
3.2143611111111117
5.35728888888889
29.32067222222217
74.211277777778
70.51936666666671
77.24967222222247
76.75312777777786
68.20453888888903
76.70792777777832
76.38043888888893
74.34960000000027
77.18186666666712
79.71011666666702
17.702955555555533
77.56699444444497
75.54399444444465
77.1935777777781
78.49273888888884
17.3372888888889
11.924811111111103
68.96489444444462
37.63111666666665
81.76790000000024
30.9291333333333
13.114383333333322
6.82969444444445
54.57333333333349
76.75856666666654
77.44438333333358
18.12246111111108
57.44605555555559
39.248844444444494
76.15796111111146
38.342811111111004
18.942961111111146
76.86296111111167
73.94307777777802
74.7160388888893
52.879711111111185
76.86923888888909
7.066533333333332
76.01205555555599
60.99639444444452
78.30022777777774
79.26348888888904
75.3641444444446
75.19884444444477
73.70308333333324
77.52644444444454
43.63346111111104
75.63200555555566
76.95743888888911
14.592005555555556
72.43752222222234
77.77165000000025
77.68120000000032
80.16258333333336
76.74618333333376
76.46188333333353
77.4598500000003
32.13435555555546
51.23041111111118
77.85508333333348
16.58993333333332
76.14056666666686
78.27616666666701
78.73249444444463
68.42677222222234
42.7131722222223
77.27709444444476
65.14932777777814
28.18262777777776
32.06639999999998
34.79336666666659
23.890327777777824
24.396861111111022
41.26696666666676
6.769238888888889
76.20138888888903
16.77186666666668
12.21956666666666
76.91870555555595
75.5569666666668
30.57237222222221
74.76988333333348
73.78136666666664
76.46063888888904
57.77923888888903
7.957300000000011
47.3606999999999
22.990583333333284
7.246655555555558
75.19523333333368
9.194755555555565
74.11740000000023
76.89186111111133
74.54663888888868
78.31122222222248
19.28311111111107
57.888066666666774
19.072155555555533
15.51743333333334
76.82513333333391
20.596033333333356
7.227300000000001
6.863905555555553
74.60777777777787
76.74621666666687
76.90684444444454
7.78981111111111
66.73848888888902
26.731788888888868
69.72295000000008
64.22047777777809
78.69710000000049
39.09504444444449
8.716833333333335
10.915711111111111
76.70747222222207
67.7062111111114
34.40314444444438
19.94208333333332
78.894477777778
62.388672222222425
29.18174444444447
75.68129444444473
79.9762666666669
42.32550555555555
32.207766666666686
62.880833333333634
35.61304444444441
71.08780000000048
79.25985000000023
71.9223166666669
75.36216666666724
77.22997222222257
3.2908333333333353
77.59917777777791
75.69187222222261
18.795016666666633
2.1770000000000005
75.19937222222218
75.87477222222238
79.6356222222226
75.1095944444447
19.82034999999998
51.63708333333332
74.53536666666663
53.68097777777799
77.2065333333338
43.505666666666755
74.63281666666697
10.213066666666661
28.110883333333273
5.099433333333332
13.826822222222209
24.079194444444408
76.57267777777821
38.726422222222155
43.80609999999994
78.46593888888947
11.162544444444459
8.801994444444441
23.19668888888885
49.667344444444375
76.03043888888917
80.12929444444498
51.47705555555549
41.95655555555561
53.95636666666683
74.46066111111138
77.32923888888911
50.487427777777825
78.61598888888919
60.03547777777804
78.9227888888893
77.93720555555583
20.14815555555556
76.84418888888902
37.236094444444475
10.73045555555556
74.88831111111135
79.5939000000003
9.903633333333334
80.1567222222224
75.74558333333367
77.97251666666698
27.95954444444443
61.603233333333584
76.37739444444436
53.34817777777795
65.08793333333341
32.03541666666665
77.05233333333369
80.76900000000042
57.91020555555557
78.78411666666716
78.12117222222244
77.84793888888908
66.20218888888914
68.42064444444466
32.38653333333343
17.899183333333294
57.292305555555565
33.93572222222226
78.32898888888887
78.7838555555558
77.32408888888928
75.09188888888916
68.27757222222236
52.029188888888854
77.27509444444446
75.11256666666688
79.12198888888904
67.51902777777802
76.52356111111148
4.7936833333333295
77.91123333333371
22.381322222222277
73.84595555555569
75.5932166666669
77.98954444444483
79.14070555555585
63.404972222222455
35.13305555555559
46.9917166666666
63.04812222222215
50.46771111111109
8.234250000000012
45.46329999999996
36.70717222222223
36.66494444444442
77.64087222222267
19.632066666666628
84.54628333333349
5.175766666666667
72.45530000000014
44.43368888888893
26.51820555555562
77.48105555555594
78.31030000000032
75.18971111111146
37.13304444444445
25.757933333333337
78.73681111111145
16.490694444444443
77.95987222222251
11.324100000000005
76.92867777777806
76.683216666667
70.97068888888938
82.64392222222227
25.36672777777773
5.416849999999996
77.73223888888911
70.59093888888913
76.9721500000004
74.91736666666684
77.98699444444475
49.01578333333345
74.55711111111111
45.74741111111124
76.32948333333344
73.79523888888932
11.223483333333323
76.5144055555557
73.76216111111123
25.083544444444453
78.55841666666711
78.11731111111128
76.93274444444451
8.131783333333335
74.36938333333352
77.8281777777779
78.71023333333356
77.02156111111141
45.5677277777778
31.015633333333277
36.277633333333476
76.64008888888898
56.73518888888914
81.61152222222258
12.850877777777773
77.4358722222223
4.633372222222229
78.72802222222262
19.409466666666706
79.46452222222266
81.18747777777808
68.58918333333348
76.8608666666667
57.55570000000008
76.2462333333335
16.550822222222198
43.17433888888893
78.79625555555585
78.04228333333367
3.4614444444444405
35.1317555555556
68.91535555555569
34.56188333333345
77.71371111111117
75.11370000000012
13.973416666666658
78.19309444444467
79.96276111111148
77.98461111111146
79.42184444444483
57.393666666667066
24.242422222222228
76.18424444444497
78.09651666666683
33.67111111111111
78.69053333333365
16.611761111111075
32.782066666666566
38.75791666666672
78.10176111111139
77.0676222222223
24.120038888888867
17.366922222222186
44.532727777777694
17.113366666666685
33.20813333333322
5.227122222222223
14.875627777777776
1.3371777777777805
0.43518333333333437
25.48491666666665
77.85560555555577
37.225633333333356
79.5413833333333
38.825855555555634
73.99775000000005
79.24145000000053
33.2836722222222
40.19699444444458
81.1856222222224
28.250649999999933
40.39722222222225
76.79096111111136
77.33974444444455
80.60648888888892
64.99581666666681
11.242316666666673
73.64763333333352
45.12956666666673
11.771144444444454
76.69768888888922
76.58755000000023
78.59296666666684
77.98829444444492
64.89417222222254
48.1627722222222
74.82149444444453
14.968188888888877
20.088394444444468
57.032433333333415
70.54307777777811
76.31312222222276
78.92152222222253
65.94270000000034
76.53238333333383
67.33193888888903
79.20887222222255
27.058227777777688
26.949077777777777
75.84229999999977
4.388211111111113
2.8241722222222214
17.510494444444433
33.74785555555561
79.92224444444487
71.47231666666686
58.1892833333334
78.8549277777779
38.81357222222226
76.47183333333403
78.23743333333385
78.05780555555599
79.59857222222261
78.09111111111095
75.43548333333351
78.22401666666686
54.720466666666674
79.06065555555584
27.12527777777787
7.796594444444452
75.0002555555559
10.17865000000001
77.19679444444482
39.04005555555556
18.31838888888886
77.92170555555583
76.88423888888939
78.1436833333338
63.85797777777785
78.54482222222268
17.46931666666668
76.03770000000053
76.4478833333336
78.96418888888903
74.29323333333365
16.133561111111135
79.36689999999999
11.175655555555542
77.06276111111127
25.415461111111053
79.4212722222223
81.01924444444472
45.01232222222229
36.28143333333332
79.14483888888917
80.37200555555603
55.78042222222246
20.914499999999958
81.30305000000025
75.58326666666687
14.710650000000008
72.12768888888927
78.07848888888888
79.98077222222253
42.511494444444466
49.44681111111122
78.47706111111168
