0
139600
58500
55300
70200
139300
143500
105200
10400
34400
80600
32200
146100
18900
42900
140700
101200
148000
67100
30300
141600
148300
35500
145900
71200
145200
47600
30800
87600
143200
145400
128600
6100
145200
124100
12600
145900
32000
143900
38300
142200
129300
49300
145800
143300
143300
142100
145700
73000
121300
143900
37900
141300
56000
92900
146800
142300
116800
21000
141700
150500
79100
99500
140300
146000
144400
50900
145200
141700
98000
5600
86600
11600
139500
42300
84000
148000
66200
20600
149700
104000
144800
143400
146700
145600
138400
99200
52600
144700
88700
134200
147200
142200
64400
129000
139900
123000
24600
52600
143000
144500
14100
145500
144000
144100
150500
146700
79000
142800
68600
141100
111200
31900
56700
26100
12700
21300
103300
77700
77100
82900
34300
20100
140700
9200
114800
145900
66100
64400
100800
117700
145600
141500
115200
126700
53100
146900
142200
78400
149000
144500
142100
47400
41600
137700
137500
112800
109500
143000
141800
135300
94800
128200
144300
72900
60700
59600
147700
23200
74000
137600
66100
144400
146500
27000
142800
131500
55000
49800
79900
144400
46700
144300
146100
140100
99000
147100
117200
150800
28200
29300
147800
146300
76200
11900
138900
143100
139900
143800
129000
100200
143600
147400
145400
106100
143200
148200
89500
46700
12800
59200
142000
41800
143400
36500
144400
145700
141800
18300
144900
65300
69100
139900
121300
150400
9800
51800
19300
84900
14300
12400
60700
67300
142600
146400
145200
15900
144700
147300
139400
144900
69400
145000
146000
11900
8000
121800
142100
39800
109700
135700
13700
147200
141300
145700
94700
116900
108700
106900
124500
139300
6500
10600
55300
140000
132600
146200
144500
128500
142700
142900
141300
143400
148800
34300
144800
143000
144500
148300
33100
23600
129500
71400
153000
59100
25800
13400
102300
146100
145500
34400
109900
73700
142400
73100
37100
143300
141800
141100
100100
143800
14100
143200
115100
151700
148300
140300
143900
143700
144800
83000
143200
145600
28000
142600
145800
145800
150000
142800
142800
145800
62200
95600
146400
32100
145200
146100
149300
128200
80500
143900
122000
52700
61200
66000
45500
46100
79500
13300
143800
31800
24600
144100
140700
58000
140100
139800
145600
109600
15300
90900
43800
14500
142800
18100
139500
143300
141100
148000
38000
108300
36100
30300
143700
39300
14400
13600
141800
143400
142100
15500
124900
51100
133200
122000
145800
80000
16800
21800
144400
126200
64700
37500
147200
119200
54800
144800
148800
79300
61500
117600
68300
134100
148500
137100
139800
143500
6900
145400
140800
35400
4500
142600
143500
148900
139400
38700
98700
141600
101300
145500
81300
139800
20100
54600
10500
27400
45800
143600
74200
81900
148300
21500
17000
43900
94400
141100
148400
99100
80200
101100
144200
143800
95000
149200
113000
148300
145900
37900
142000
70100
20800
139700
147600
19500
148900
141900
147900
53900
115800
143000
101300
123000
62400
142800
151200
110800
147000
147100
145600
124000
128600
60900
33900
108100
65200
147400
150400
144700
142900
128200
100600
147500
139800
148300
129200
142400
9600
146400
44500
141400
142500
146600
146800
119200
68500
89400
121000
95600
16200
87300
70600
69200
144400
38100
156300
10200
136800
85300
50500
145900
145800
142400
71000
48300
146900
32300
146200
22500
144500
142500
132100
155200
49100
10800
147400
133000
144000
142500
146600
91500
140600
86600
144600
138400
22200
143200
141500
48500
146100
146900
144800
15900
141000
146300
147300
144200
86900
58200
69000
143800
106000
152500
24800
147100
9400
148900
39900
147100
150800
127500
145200
108900
144600
31900
81700
148600
145500
7100
65800
129700
64500
145100
144000
27300
148400
148700
146000
148400
108300
48100
141200
147900
64100
147300
32600
64200
72300
146900
144400
46600
33700
84200
32700
62700
10300
28400
3200
1500
48000
146800
69900
149100
74800
139500
147600
66100
74600
152500
53100
76900
144200
145700
151900
121800
21900
141900
85800
22400
142900
144900
147000
144800
124600
90400
142100
28600
39500
107700
131900
142600
146200
123300
141900
127600
146200
51800
50900
145800
9200
5800
35000
66700
149300
134400
109500
145400
74200
141900
145500
145900
148900
145100
141900
147000
103800
148600
52700
15200
141400
19800
145700
76600
35800
148600
144700
145500
121100
145300
34500
142200
141900
146500
139200
31700
148500
21700
144200
48800
148900
150200
84100
69000
146500
148600
104800
39600
153000
140700
28800
135700
146500
149800
80000
92900
146000
