0
385.624
28.224000000000018
266.17199999999997
428.0519999999998
2.968000000000001
350.31599999999975
369.09999999999997
358.0799999999999
237.5079999999998
311.11999999999995
172.30799999999996
464.1919999999999
65.47200000000004
383.67200000000014
416.55199999999996
46.11199999999998
338.8119999999998
422.41999999999985
450.47600000000034
304.6359999999998
202.89599999999987
32.74799999999999
115.004
492.84799999999996
8.579999999999998
436.00800000000004
423.3800000000003
380.6879999999998
482.884
336.46399999999994
218.3480000000002
299.6120000000001
428.13199999999966
440.21999999999997
367.9720000000001
286.08
298.79599999999994
387.3839999999999
52.70399999999998
93.56000000000007
164.82000000000005
348.328
324.5160000000002
180.97999999999996
493.62400000000054
349.8359999999999
322.2399999999999
252.01600000000008
234.61999999999992
306.70400000000035
304.9319999999999
44.24000000000001
393.94399999999956
39.23200000000003
475.4799999999997
88.85600000000008
269.73999999999995
132.48799999999997
92.05999999999999
145.204
496.2920000000001
198.32800000000003
311.8240000000001
366.4879999999999
252.27599999999984
260.79600000000005
416.73200000000014
334.9360000000003
141.576
119.09200000000003
291.644
459.89600000000013
392.92
175.67200000000005
449.54799999999983
386.4639999999999
140.4759999999999
81.49199999999995
67.936
362.5999999999999
451.4520000000004
378.3119999999999
123.288
315.3439999999999
64.08400000000005
341.4840000000001
301.9639999999999
22.86000000000001
264.87999999999994
43.996000000000016
48.32400000000001
49.367999999999995
314.6080000000001
322.73600000000005
97.70800000000001
415.10799999999995
73.54000000000002
371.5400000000001
285.6080000000002
392.3399999999998
194.7399999999998
82.22000000000003
65.864
57.74400000000002
64.15599999999999
246.69199999999995
268.5240000000002
559.3439999999999
74.23200000000001
292.41200000000003
27.944000000000003
119.78800000000001
46.58399999999999
260.5480000000001
49.116000000000035
15.89200000000002
91.70000000000012
49.40400000000002
68.07999999999994
134.592
407.95199999999977
143.168
74.58400000000007
106.92400000000004
43.47200000000002
182.43599999999995
244.13199999999992
411.15999999999974
88.59200000000001
317.536
437.3280000000001
415.8879999999996
17.796
113.87200000000004
83.384
516.1319999999998
568.6440000000001
43.97999999999999
377.66399999999965
92.56800000000003
73.10800000000002
540.9559999999994
558.9439999999998
263.39599999999996
267.0160000000001
449.43999999999966
402.19600000000025
445.28000000000026
112.49600000000001
461.80800000000016
83.936
41.480000000000004
431.0639999999998
173.3559999999999
49.82800000000002
372.348
409.25199999999995
334.268
29.131999999999998
485.4199999999995
253.46799999999988
155.84799999999996
460.09999999999997
58.96400000000001
289.37999999999994
92.56399999999998
12.864000000000006
361.8720000000002
253.4840000000001
418.07200000000046
157.22000000000003
41.05199999999997
129.79600000000005
363.47600000000006
424.26000000000016
36.42400000000003
378.07600000000036
121.176
51.94400000000002
10.999999999999995
170.40000000000003
294.6840000000002
356.14000000000027
504.13200000000035
56.067999999999984
483.6720000000004
411.9800000000002
76.612
229.29999999999995
287.0400000000001
121.28800000000003
458.26799999999974
137.20399999999992
54.855999999999995
41.476
49.495999999999974
441.9560000000001
266.0399999999999
418.2560000000002
77.156
497.3480000000003
266.02400000000006
99.56000000000006
371.912
258.87200000000024
73.83999999999996
378.06399999999957
48.66399999999998
461.4200000000001
295.85599999999994
148.69199999999992
394.00399999999996
37.77200000000001
61.61600000000004
214.90800000000007
284.9319999999999
291.04800000000006
40.48399999999998
82.84799999999997
251.45999999999995
474.42800000000017
90.43200000000003
10.647999999999989
445.7119999999997
255.97199999999987
48.284000000000006
22.452000000000016
17.62800000000001
14.319999999999999
223.63200000000006
58.15600000000002
130.25200000000004
136.92
328.20000000000016
205.60799999999998
309.58400000000034
76.488
240.65200000000004
417.6799999999998
379.42799999999977
207.59600000000006
462.8319999999998
78.744
276.66
265.62399999999985
42.59599999999998
34.868
39.36000000000001
306.44400000000013
32.532
268.6959999999999
110.10000000000004
431.5160000000001
156.34800000000007
423.7160000000002
84.48400000000001
353.17999999999995
385.072
28.891999999999992
73.39999999999995
68.36799999999997
82.668
300.25600000000037
507.26800000000037
32.604000000000006
57.74800000000003
105.764
366.8560000000002
162.47199999999995
112.98000000000002
156.15200000000002
402.4160000000004
306.3440000000001
456.43200000000013
445.00799999999987
164.30799999999994
69.71600000000002
15.560000000000006
49.327999999999996
438.43199999999985
171.76800000000014
159.3
376.35999999999973
8.748000000000005
133.55999999999986
403.8399999999997
457.63999999999993
18.679999999999993
255.34799999999996
414.94400000000013
394.6360000000001
199.08400000000006
113.69600000000003
500.8760000000003
444.6599999999995
379.4680000000001
370.4360000000003
78.412
28.107999999999997
121.34799999999998
54.83600000000002
413.7119999999999
527.0280000000005
422.7319999999999
22.65600000000001
423.3279999999996
491.16399999999993
342.7599999999998
139.51199999999997
95.128
252.58399999999995
114.79599999999999
497.8719999999999
54.328
92.70800000000001
77.61999999999999
209.3879999999999
30.580000000000005
320.27200000000005
256.1520000000001
318.04800000000006
9.084000000000003
464.0880000000001
490.9759999999997
55.676000000000016
569.3240000000003
165.52400000000006
506.85200000000003
30.675999999999995
92.59599999999999
399.84800000000047
194.55200000000008
93.18400000000004
392.61199999999997
475.30400000000014
444.232
78.37200000000009
228.044
34.312000000000005
179.90800000000013
40.11999999999998
48.976
156.69600000000003
68.84
329.1360000000001
412.82800000000003
1.083999999999996
127.16000000000003
128.19600000000003
382.14800000000025
448.20800000000025
153.4239999999999
567.8800000000006
50.464000000000034
23.100000000000012
397.32400000000007
122.65999999999998
141.8520000000001
459.7559999999998
247.57600000000002
53.0
436.1679999999999
551.864
42.37600000000003
343.7599999999998
221.90800000000013
440.0839999999999
86.42000000000007
468.316
493.82000000000016
4.727999999999999
409.71199999999993
371.55600000000004
129.39600000000002
223.50799999999984
47.876000000000005
294.96
116.39999999999996
449.6919999999997
246.4080000000001
82.34400000000005
40.192000000000014
370.67199999999974
401.1480000000001
376.884
501.0440000000001
71.984
435.09599999999995
306.088
512.1759999999997
23.328
20.33999999999997
333.2799999999999
60.46400000000002
149.75199999999992
574.2079999999999
258.9599999999999
547.204
139.064
267.61999999999995
303.27599999999995
23.340000000000003
37.715999999999994
307.476
427.328
170.45600000000002
424.85999999999984
60.615999999999964
491.44000000000005
225.14799999999994
274.46799999999996
437.49199999999996
76.28800000000001
388.6480000000002
119.75600000000006
161.80000000000007
437.4599999999999
482.504
317.736
177.16800000000018
54.36400000000003
365.668
459.32000000000045
466.9320000000001
120.088
447.94000000000005
20.384000000000015
461.3919999999999
383.78799999999984
345.13600000000025
69.92400000000004
527.9680000000002
339.85200000000003
89.59199999999998
412.9399999999999
12.82399999999999
71.82000000000004
38.92399999999998
449.6279999999997
73.74399999999999
299.85200000000015
94.12800000000007
388.6360000000001
75.36400000000002
286.0120000000003
486.6639999999998
36.43999999999998
458.35599999999977
299.25199999999995
2.2319999999999967
493.1959999999999
256.19199999999995
33.988000000000014
414.59600000000006
195.20800000000008
291.45999999999964
302.7799999999999
469.06799999999987
482.91999999999996
75.45200000000006
14.207999999999995
258.8520000000002
19.448
443.94000000000034
327.5919999999999
308.7279999999999
367.04800000000034
132.28399999999996
284.46799999999985
79.38800000000008
54.10000000000004
87.22000000000001
296.74799999999993
57.93600000000001
174.93599999999992
89.48799999999994
196.6999999999999
352.73999999999984
22.70400000000001
477.66799999999967
106.62799999999996
73.05600000000008
23.42000000000001
37.416
49.864
389.4400000000001
331.61999999999995
8.524000000000006
195.39999999999986
131.06000000000006
464.0960000000001
8.556
79.58400000000005
186.424
10.019999999999994
373.5879999999997
175.71999999999997
367.344
440.38000000000017
96.82400000000007
385.27200000000016
318.08799999999997
118.90800000000006
34.5
427.2599999999996
27.172
330.44000000000005
244.776
477.0800000000003
74.76000000000003
313.37999999999965
64.44400000000006
77.60400000000006
45.972
51.18400000000003
46.68000000000001
95.64399999999999
37.40799999999999
34.11999999999998
458.91199999999986
366.32000000000005
127.95999999999995
335.5839999999997
289.67200000000014
207.77999999999997
271.4160000000002
346.8920000000001
345.4920000000001
480.84399999999977
78.976
43.32800000000002
449.7840000000003
405.7880000000002
482.53200000000004
401.6840000000001
165.2719999999999
385.65600000000035
275.9679999999999
564.0799999999999
449.80399999999986
350.72000000000025
284.3360000000001
189.4200000000002
335.0159999999999
95.60400000000004
247.90000000000003
498.96399999999994
78.58800000000004
53.652000000000015
364.2440000000001
402.1679999999999
544.3200000000002
422.7280000000001
396.0399999999996
514.2080000000003
468.02399999999983
47.10000000000001
376.1440000000001
13.275999999999986
126.26000000000013
430.19599999999974
216.26000000000002
35.524
80.73600000000003
58.416000000000025
228.31199999999993
481.0399999999997
54.54000000000001
26.519999999999985
574.348
126.37200000000003
333.8839999999999
30.980000000000015
166.40399999999994
289.18800000000033
316.89999999999986
36.896
175.29200000000014
212.72399999999993
312.128
285.43600000000004
369.85200000000015
118.81599999999997
328.6999999999998
27.924000000000003
167.42799999999986
316.476
35.08800000000001
441.064
327.5
34.84
392.59199999999987
287.7840000000001
341.47200000000004
96.74
74.2
35.31600000000002
414.8479999999996
365.436
2.3839999999999977
23.10400000000001
219.97200000000007
457.1519999999999
72.17600000000002
10.888000000000002
409.3919999999997
60.892
91.13599999999995
104.85199999999999
90.008
36.256000000000036
78.092
261.6919999999999
97.60400000000013
114.16799999999999
165.58800000000002
270.868
280.33599999999996
463.2800000000001
468.2239999999999
485.2039999999999
374.0120000000001
323.62800000000016
40.267999999999965
85.27600000000007
446.3440000000004
250.56000000000012
121.11200000000001
487.4839999999997
21.460000000000015
274.3679999999999
570.3919999999998
13.564000000000007
392.34799999999984
79.28800000000005
367.72400000000005
148.42800000000005
519.5400000000001
76.56400000000001
379.3279999999999
449.0479999999998
280.9239999999999
422.1999999999997
489.72
542.1639999999995
267.696
232.29600000000008
309.8280000000003
126.63599999999998
25.23199999999998
128.336
76.83999999999999
114.65200000000006
73.81600000000002
322.732
226.00000000000017
552.9159999999999
153.91200000000003
448.1119999999999
450.7039999999999
14.627999999999993
68.63200000000003
258.41200000000003
109.52800000000002
10.487999999999996
52.068000000000005
36.28399999999999
60.55200000000001
212.57999999999996
560.1319999999998
121.148
156.9799999999999
169.7280000000001
36.70399999999999
284.66000000000014
548.7480000000003
602.544
248.34
34.47200000000002
124.25999999999995
414.1319999999999
224.00400000000005
100.71600000000002
267.98
475.9439999999998
196.80800000000008
158.58
641.1359999999996
410.76400000000046
279.244
367.68799999999993
177.97199999999995
44.13200000000001
388.85200000000015
146.42399999999992
312.54399999999987
250.76400000000024
73.432
39.87199999999997
71.82000000000002
37.496
368.3080000000002
363.836
107.73599999999996
138.98400000000015
282.6280000000002
86.46799999999998
45.74000000000001
367.0600000000001
374.9360000000002
416.11199999999985
92.79999999999998
488.31199999999984
189.9920000000002
224.2399999999999
375.8280000000001
38.432
160.652
213.44800000000004
49.60800000000005
270.57999999999987
403.80399999999986
177.9120000000001
14.923999999999994
535.2679999999993
14.96
413.1040000000001
215.02399999999997
305.98800000000017
218.648
372.51999999999987
74.28
102.19200000000005
60.835999999999984
388.156
350.3800000000001
65.06000000000002
347.4800000000002
65.93200000000002
226.08800000000005
485.084
230.50000000000017
57.54800000000003
362.78799999999995
50.88800000000001
484.28799999999995
446.5959999999996
124.43200000000007
298.5159999999999
117.87199999999999
201.30399999999997
66.15599999999995
296.292
554.4359999999996
282.108
470.60000000000014
32.6
155.79199999999997
30.688
401.32399999999984
31.495999999999995
7.763999999999996
341.94800000000004
114.75600000000003
14.508
448.0960000000001
263.56799999999976
190.9200000000001
162.4639999999998
203.532
140.48799999999991
491.2880000000003
75.96400000000003
315.2640000000002
124.40000000000009
105.11600000000001
280.88800000000003
45.77600000000002
234.58800000000008
12.168000000000008
399.5999999999995
20.931999999999995
38.352000000000004
191.94400000000005
46.97999999999997
450.2839999999998
196.292
410.7519999999998
80.45600000000002
93.64399999999999
28.040000000000013
72.69200000000004
571.1439999999996
482.65599999999995
64.05200000000004
156.17600000000024
210.57199999999983
405.7399999999998
504.55200000000025
286.44799999999964
19.987999999999992
311.9159999999999
132.824
113.00399999999999
414.1000000000001
51.43200000000002
347.8520000000001
184.744
392.564
19.408
281.46400000000006
366.2800000000001
43.372000000000014
151.42000000000016
353.6120000000003
133.31599999999997
71.14399999999996
101.54400000000001
204.19200000000023
163.4279999999999
228.28400000000013
220.01199999999997
265.93999999999977
264.28799999999995
236.17199999999997
394.6559999999999
257.32
441.068
111.23600000000002
369.3519999999995
315.04400000000004
47.32
422.27600000000007
50.61600000000003
339.76399999999995
38.827999999999996
91.06000000000003
251.51600000000008
68.45599999999999
28.251999999999995
147.56399999999996
147.47600000000008
29.544000000000025
19.519999999999996
54.84399999999999
429.396
237.4800000000001
269.0679999999999
572.256
10.252000000000011
201.81199999999998
412.65999999999985
94.97600000000001
18.419999999999995
383.69199999999967
95.60800000000003
199.79600000000008
440.77599999999956
451.496
286.5000000000002
254.25199999999998
44.81999999999998
154.45999999999998
183.6999999999998
59.996
79.36400000000002
1.8760000000000003
236.5240000000001
391.26799999999974
51.051999999999936
265.70000000000005
30.61600000000001
451.1040000000001
296.97999999999996
391.67600000000016
57.13600000000004
173.45199999999997
60.864
71.41200000000002
93.34799999999997
145.4360000000001
502.7719999999999
31.995999999999988
168.86400000000003
227.39199999999988
350.3000000000002
62.08399999999996
44.33600000000004
22.027999999999988
272.904
540.5680000000002
412.068
24.296000000000006
188.95200000000003
29.604000000000006
13.083999999999993
489.55199999999996
128.00800000000007
249.68799999999985
342.7320000000001
87.11199999999998
150.05200000000002
351.2720000000004
161.27599999999993
427.2239999999998
115.15199999999992
89.69200000000001
102.20800000000001
415.80400000000003
513.1880000000004
250.02400000000011
385.804
290.67199999999985
84.168
156.39999999999995
486.76000000000005
434.4079999999999
28.828
56.268
310.20800000000014
49.58799999999999
378.09200000000016
98.572
312.17599999999993
136.17200000000003
45.48799999999996
141.228
436.8879999999999
165.6840000000001
235.36799999999982
336.8040000000001
256.28000000000003
421.16
157.97599999999997
391.8159999999999
86.18800000000005
54.96
21.68
149.79199999999994
123.06800000000003
342.3599999999998
76.90400000000001
381.592
379.2520000000002
366.36800000000005
95.29600000000002
273.384
294.83199999999994
142.14400000000003
488.1879999999999
59.57600000000002
148.36399999999998
9.788000000000007
415.32800000000003
184.70800000000014
312.2960000000001
421.0360000000001
417.2839999999998
30.85599999999998
195.72800000000004
164.30799999999994
190.828
298.99999999999966
22.328000000000003
214.33600000000007
149.36
381.60800000000023
68.85600000000002
58.63199999999999
169.41599999999994
568.6039999999997
519.0919999999996
242.94799999999972
19.41600000000001
41.48000000000003
142.36000000000004
40.28399999999999
13.700000000000003
13.19999999999997
108.90000000000005
331.49999999999983
419.42800000000017
118.24000000000001
49.40000000000002
399.8319999999998
427.0360000000001
278.40800000000013
308.66000000000014
266.81200000000007
553.536
264.1240000000001
51.236000000000004
10.67199999999999
315.7520000000004
216.7239999999999
54.42000000000003
362.24400000000014
485.2480000000003
240.3280000000001
266.02799999999996
40.26000000000002
67.22399999999999
110.832
359.576
129.3080000000001
115.67200000000003
42.60799999999999
27.86799999999999
24.480000000000004
26.627999999999993
198.26800000000006
64.91600000000001
157.984
193.712
180.58799999999985
297.4880000000001
181.192
151.45600000000007
335.04799999999994
159.68800000000002
184.41200000000012
37.55999999999999
361.0160000000001
62.01200000000007
