0
15100
2000
14200
15100
1300
13200
13500
13600
11800
14100
8100
14600
2800
13900
13000
1400
14700
13100
13300
13200
13300
4300
8800
13000
900
15300
14100
13900
16100
7900
12900
14200
14200
15900
13800
15300
13600
13700
2600
6500
10300
14700
13000
14400
13800
15500
15100
11200
13800
14200
12200
1800
16500
1600
16000
3100
14400
5800
3900
7400
14000
10400
13300
14100
13600
14600
14900
15200
5900
5500
14100
14700
13500
14800
13700
14200
12000
4400
4900
13300
14900
13300
5500
13300
7000
14400
15000
-100
7400
4100
800
1700
13100
15500
4000
14100
3300
13400
15400
13700
7700
3100
3800
4200
4100
14500
8000
13700
2600
14600
2300
5900
2600
13800
3200
4700
8300
2000
4800
6100
14700
7300
4500
6800
1400
7300
12600
13400
4800
14100
14100
13500
2500
7400
3100
14100
15900
4400
14500
4100
5700
14900
13400
14600
8300
14800
12900
15100
7400
14100
5200
800
15400
10500
2000
13100
13600
13800
300
13600
13800
10800
14300
2300
11200
5600
1400
13800
13200
13700
9400
4900
5700
14700
14800
1000
15500
5500
6300
700
4400
14600
13900
13300
2200
13900
14300
7300
14100
8400
4400
14600
4700
2500
3200
4200
13500
13400
13600
2700
14600
13600
3500
15600
12300
1800
14900
1500
15200
11400
14400
13000
1500
3000
13800
14000
10900
2400
3200
14100
14200
2600
4000
15300
10200
1600
2000
800
1000
10500
4600
4100
8400
11400
13200
13900
5100
10600
14100
13500
11100
14700
1900
13800
13200
1700
300
2800
14800
3100
13300
5400
13900
11000
14400
6300
16000
14000
1500
4700
5100
3900
14000
15000
1600
2100
5100
12900
11600
5100
6700
14900
13400
15500
15300
7100
3700
-500
3400
14900
7300
9000
13600
0
6900
14400
13100
1400
14500
14300
14300
14500
6600
14100
13600
14100
15400
1700
1900
7000
1300
13700
13300
13800
2200
14300
13400
14900
4100
5600
13400
6400
14100
2900
2400
7700
6000
2600
13900
15200
13400
500
14900
13600
1600
15000
9900
16100
1700
3400
13500
8600
3700
14100
13600
13100
7000
8900
1600
11200
1800
2900
6100
4000
7800
13000
900
4300
5000
13200
14000
4700
14000
1800
800
13100
5700
4800
13800
13200
2200
13100
14400
2000
14300
14000
12700
3300
14200
14300
100
14800
15900
7000
7200
3200
14900
4700
13000
10900
5700
600
14600
13300
14200
13100
5700
14900
13900
13500
1200
3500
13900
3000
5900
14300
13200
14300
6900
11900
13300
1500
2600
13100
13200
9600
13800
6300
13800
8700
14500
14800
7000
14500
5400
12500
13100
13200
10000
5400
4100
14500
13400
14200
8200
14000
1100
14800
14600
14100
6100
14700
14400
2500
16300
1900
4700
1300
13600
2500
10900
4300
13900
7200
13600
14000
2800
14400
12200
1200
13700
5900
3500
12800
6500
12900
14400
14900
13400
4900
1600
12800
1300
13100
13300
13300
13100
3600
14100
2100
5400
6800
13600
2200
6400
3300
8800
13700
3100
15300
2100
4200
-400
1900
500
14300
13400
1400
8400
5400
14700
1400
5600
12700
1000
13400
13700
14100
14200
2400
14900
14100
13900
2000
13800
1700
12800
9200
15300
3900
11300
2600
3300
4200
1700
100
7800
1800
2100
14800
13500
5300
13600
14100
9100
11700
13200
13900
15100
6900
2000
15800
12400
13100
13800
9000
14300
14400
16800
15100
13100
10200
10600
13100
3100
14400
13900
2800
2200
9800
14300
13300
14000
10000
14300
14600
1900
13400
1300
5500
13900
5900
1300
2000
4100
12400
13500
2100
5000
15000
3900
14400
300
14000
11700
12800
5100
6600
15100
13600
13600
13700
6500
13700
1600
8400
13600
3400
14000
13800
3000
15600
10700
11000
2300
900
3300
15500
15500
800
-100
8800
14800
4700
300
11500
2000
4600
4800
4000
900
2400
16700
6600
5800
11400
9500
9500
15800
17000
11800
14800
13100
4200
7100
13600
14300
5900
14700
100
10900
11000
2600
12700
5300
14400
3800
15800
4000
15800
14300
13500
14000
14700
14300
10300
14300
12400
3500
4800
4000
2500
4100
1800
10300
13700
13800
5700
14200
15900
1300
2200
7800
5100
0
700
7500
1500
10800
15900
4300
8200
5200
1000
7900
14300
13900
10100
1100
6000
15300
8700
5600
10000
14600
5800
10700
14600
15000
14100
12700
9200
2000
14200
6600
9700
8000
3100
6200
3800
2500
10800
15000
5600
6800
14200
6400
2600
15300
14300
14100
5500
14200
12200
11900
11200
300
7900
6800
3300
13800
13300
9800
900
13700
800
15100
13400
13200
10000
13600
7800
4600
1600
11600
13700
2200
13400
800
11100
13500
14200
1500
15300
800
12300
14600
4900
10400
4500
13600
6600
14100
17400
11200
16000
800
9700
200
13800
2300
-200
15300
4300
1000
15200
11100
14300
9300
13600
4500
16800
7300
13000
3300
4800
13100
3600
8100
700
13800
1100
3100
6100
3700
13400
5500
13700
7100
8100
1200
4900
14500
15200
6100
10400
11700
14700
14600
12000
2500
12300
12500
3800
14000
2500
15400
5800
10400
1300
13800
13800
1900
5100
10000
8800
4800
3100
14300
14400
13300
8300
13500
13400
13300
14300
9500
15800
7100
13300
14000
3000
14900
3200
14800
2300
4500
12300
2100
1900
6000
5000
6100
2200
2600
14700
10300
13400
13600
-200
13500
13900
3900
2000
14100
6300
8400
14000
14200
13600
14100
4400
10700
9700
1900
6600
200
7500
13700
5300
10400
2000
14500
9000
13000
5300
12700
3500
6300
3700
5900
13800
1300
5200
8900
14200
4100
900
1400
10200
13300
14000
2300
11000
600
700
14300
6200
12900
13900
3000
13300
14900
7300
14100
4000
2300
4200
13200
13800
13800
14400
14300
6800
7500
16400
15900
2500
1100
13500
2700
13900
4700
14900
5800
4600
6000
14400
13100
15100
14100
11600
14800
13400
13300
5400
2500
2700
8200
6900
15100
5200
14300
15900
14200
4200
13800
12600
6700
15100
6000
4600
-200
13500
5700
8500
14200
14200
3900
5500
8300
6800
14100
1900
13800
4400
15000
3700
6300
14900
14400
13800
8900
400
900
4700
2100
2700
6900
5200
14500
13600
3700
2600
15700
13700
10800
14300
14500
13500
13100
3000
1700
14600
14400
800
14400
14200
12400
8800
1000
5500
5200
12700
6700
5200
4800
1000
-200
1900
10000
3400
9400
6700
6600
10300
13200
7600
12300
10900
10000
4400
9200
5100
