0
-1.6205
-1.7790000000000001
-1.6524999999999999
-1.7135
-1.4625
-1.5975000000000001
-1.7229999999999999
-1.753
-1.5175
-1.79
-1.731
-1.9869999999999999
-1.672
-1.7149999999999999
-2.1485000000000003
-1.979
-1.638
-1.8159999999999998
-1.6835
-1.8804999999999998
-1.871
-1.814
-1.7405
-1.8925
-1.7495
-1.8515
-1.5625
-1.9880000000000002
-2.0755
-1.835
-1.729
-1.8705
-1.4115
-1.6655
-1.6855
-2.0415
-1.939
-2.0545
-1.8915
-2.2479999999999998
-2.028
-1.9465
-1.5905
-1.9015
-1.9745
-1.7995
-1.5739999999999998
-1.829
-1.7429999999999999
-1.6269999999999998
-1.691
-1.5065
-1.5225
-1.7925
-1.638
-1.603
-2.2990000000000004
-1.7395
-1.9905000000000002
-1.7735
-1.8744999999999998
-1.687
-2.1995000000000005
-2.083
-2.056
-1.877
-2.0869999999999997
-2.1565
-1.752
-1.5870000000000002
-1.8535
-1.9985
-1.863
-1.6475
-1.742
-1.853
-1.724
-1.9235
-1.8969999999999998
-1.8319999999999999
-2.045
-1.8265
-1.777
-1.739
-1.764
-1.8295
-1.8809999999999998
-2.0054999999999996
-2.0405
-1.7770000000000001
-1.697
-1.741
-1.5730000000000002
-2.3215
-2.1065
-1.8455
-1.69
-2.2055
-1.8535
-1.8829999999999998
-1.891
-1.7634999999999998
-1.816
-2.1525
-1.7999999999999998
-1.8780000000000001
-2.0645
-2.0035
-2.098
-1.7754999999999999
-1.9324999999999999
-2.193
-2.197
-1.798
-1.9485000000000001
-1.7385
-2.0715
-1.831
-1.721
-1.9075
-1.8155000000000001
-1.4845
-1.8849999999999998
-1.6715
-1.5755
-2.0525
-1.9875000000000003
-1.5790000000000002
-1.8405
-1.7905
-1.86
-1.9315000000000002
-1.5155
-1.6965
-1.7954999999999999
-2.018
-1.7015
-2.0869999999999997
-1.956
-1.9595000000000002
-1.799
-1.7614999999999998
-1.8855
-1.8765
-2.096
-1.6804999999999999
-2.019
-1.7240000000000002
-1.8855
-2.157
-1.626
-1.6724999999999999
-2.1775
-1.7054999999999998
-1.6725
-1.7485
-2.1864999999999997
-2.1174999999999997
-1.7199999999999998
-1.5995
-2.1020000000000003
-1.817
-2.037
-1.8765
-1.8985
-2.0934999999999997
-1.6265
-1.7605000000000002
-1.6255
-1.6225
-2.0505
-1.8155000000000001
-1.8215
-1.8319999999999999
-2.1455
-1.411
-1.896
-2.0535
-2.1159999999999997
-1.8490000000000002
-2.157
-1.8315000000000001
-1.9715
-1.9375
-1.5185
-1.8559999999999999
-2.373
-1.509
-1.7625
-1.653
-2.0185
-1.7755
-2.1055
-1.734
-1.6239999999999999
-1.69
-1.5805
-1.9380000000000002
-1.7834999999999999
-1.55
-2.0250000000000004
-1.875
-1.8570000000000002
-1.9629999999999999
-1.8125
-1.521
-1.7925
-1.804
-1.9740000000000002
-1.7855
-1.6115
-2.1225
-1.887
-1.611
-1.9554999999999998
-1.9020000000000001
-2.0455
-1.6400000000000001
-2.0465
-1.71
-2.1715
-1.851
-2.0725
-2.2135
-1.901
-1.8625
-1.9665
-2.0275
-1.951
-2.0435
-1.7449999999999999
-1.7485
-1.866
-1.6665
-1.9400000000000002
-1.7315
-1.6179999999999999
-1.899
-1.9845000000000002
-1.9680000000000002
-1.889
-1.935
-1.65
-2.1434999999999995
-1.907
-1.785
-1.822
-1.726
-2.025
-1.8635
-1.7215
-1.8570000000000002
-1.9035
-2.044
-1.785
-1.941
-1.534
-2.1535
-2.0545
-1.6145
-1.6215
-2.1275000000000004
-2.0395
-2.1475
-1.6830000000000003
-2.162
-2.2455
-1.7605
-1.9519999999999997
-1.996
-1.7805
-2.242
-2.084
-2.0744999999999996
-1.768
-1.734
-2.2565
-1.7525
-1.9124999999999999
-1.9325
-1.637
-1.7854999999999999
-1.5935
-1.71
-1.6345
-1.9220000000000002
-1.758
-1.6965
-1.8675
-1.5775000000000001
-1.4085
-1.647
-2.1210000000000004
-1.9735
-1.601
-1.8415
-2.0545
-1.843
-2.1155
-2.1935
-1.7225
-1.7405
-1.6085
-1.9035
-1.8210000000000002
-2.136
-1.729
-1.9095
-1.862
-1.6560000000000001
-1.974
-1.7775
-1.6435
-1.509
-1.5975000000000001
-1.7904999999999998
-1.7449999999999999
-2.1254999999999997
-1.5335
-1.7005
-1.572
-1.9434999999999998
-2.1694999999999998
-1.6065
-1.8915000000000002
-1.779
-1.7839999999999998
-2.105
-1.9889999999999999
-1.8375
-1.6564999999999999
-1.8935
-1.969
-1.9035000000000002
-1.681
-1.818
-1.6585
-1.7005000000000001
-1.4929999999999999
-1.6669999999999998
-2.0265
-2.096
-1.806
-1.778
-2.069
-1.626
-1.735
-1.8579999999999999
-1.6185
-1.811
-1.7645
-1.962
-2.0660000000000003
-1.8895
-1.928
-1.7189999999999999
-1.3955
-2.0664999999999996
-1.9325
-1.775
-1.8545
-1.8245
-2.1705
-2.1085
-1.6445
-1.881
-2.108
-1.774
-2.085
-2.3385
-1.8475000000000001
-1.898
-2.05
-2.0570000000000004
-1.9335
-1.7265
-2.3525
-2.069
-1.6364999999999998
-1.7795
-1.7045
-1.9000000000000001
-1.834
-1.6225
-1.8535
-1.7335
-2.0055
-1.987
-1.8215
-1.8384999999999998
-1.633
-2.0540000000000003
-1.833
-2.0275
-1.876
-1.659
-1.871
-1.8895
-1.756
-2.0045
-1.721
-2.086
-2.0615
-1.458
-1.7565
-1.7865000000000002
-1.9024999999999999
-1.9700000000000002
-1.8364999999999998
-1.8570000000000002
-1.8285
-1.8345
-1.544
-1.8955
