0
2190.8925000000013
2314.0429999999997
2289.962
2257.1230000000014
2325.197499999997
2204.5289999999986
2197.7925000000023
2292.2095000000018
2246.8329999999996
2196.5800000000013
2197.303000000002
2232.7310000000048
2322.5099999999984
2140.758499999998
2320.998499999997
2240.709499999998
2330.7110000000016
2189.0954999999976
2170.2135
1627.3700000000001
2301.825500000001
2191.4970000000017
2353.1410000000005
2164.9264999999955
2112.6420000000016
2139.7610000000004
2281.3939999999993
2175.4895000000038
2137.887499999999
2208.377000000001
2259.576499999998
2204.562500000002
2180.475
2174.1164999999987
2177.083999999998
2180.8659999999973
2104.209000000001
2152.097
2129.949499999999
2141.503000000001
2248.3305000000014
2152.368500000002
2235.489999999998
2277.879
2306.4629999999997
2197.4934999999996
2095.509499999996
2188.0275000000006
2230.1354999999994
2253.2235
2258.8540000000007
2186.946999999995
2273.5695000000014
2365.265500000001
2121.9129999999986
2266.6110000000044
2274.3849999999998
2222.854000000001
2313.725500000001
2337.135999999999
2193.757500000001
2321.424000000002
2162.7185000000013
2162.530499999999
2181.3599999999997
2078.4635000000007
2126.734000000001
2306.595000000001
2214.467499999998
2222.303500000001
2160.298999999998
2122.327500000002
2068.8905000000004
2155.254500000001
2197.7329999999993
2186.1405000000022
2329.5339999999956
2325.505
2170.3554999999983
2168.2515000000003
2201.610999999999
2229.845999999998
2117.3594999999978
2351.2855000000004
2222.0004999999987
2177.8270000000025
2137.0759999999987
2112.227499999996
206.68100000000007
2171.743500000003
2150.302499999996
2201.789999999997
2193.2794999999987
2220.8925000000027
2199.8165000000013
2258.4440000000004
1495.3379999999997
2267.2739999999994
2181.919499999999
2176.647999999997
2222.8605
2193.318000000002
2180.998499999999
2136.5790000000006
2138.934500000001
732.1790000000004
2145.9260000000004
2165.500500000002
2193.057
2129.9845
2119.899000000004
2154.6169999999984
2172.6065000000017
2086.277999999997
2158.553000000004
2215.098999999999
2122.4175
2187.141
2191.141999999999
2162.012000000001
2228.799999999995
2207.1585000000014
2157.163499999999
2147.6235000000006
2205.7465
2120.602499999999
2129.0515
2178.9945000000002
2227.0795000000003
2213.2200000000066
2243.622500000001
2222.829
2157.2914999999994
2173.538500000001
2161.3760000000007
2200.5479999999993
2117.220999999999
2257.3275000000026
2199.625499999998
2287.8359999999993
2361.2204999999985
2187.7095000000004
2303.4245000000037
105.98250000000002
2218.423999999999
2304.8554999999997
2230.276500000001
2259.4134999999983
2308.2249999999976
2269.417499999999
528.6565000000003
2198.161999999999
2302.0229999999992
2277.3474999999994
2279.6665
2209.4460000000013
2342.892500000002
2222.2330000000043
2351.981499999999
2201.2619999999993
2383.6369999999997
2248.5625000000027
2469.4024999999983
2312.6669999999963
2375.822499999995
2274.5714999999996
2182.6604999999986
2156.0790000000047
2184.2150000000015
2223.741
2325.7524999999996
2070.296000000001
2270.218499999998
2249.674000000003
2198.986500000004
2195.2939999999994
2157.847500000001
2184.673
2461.0489999999995
2204.8955000000005
2167.3169999999977
2160.1914999999967
2224.099500000001
221.61999999999986
2284.2430000000004
2301.0184999999988
2190.2515000000035
2100.3340000000017
2173.196999999997
2282.5999999999976
2245.046
2147.7439999999992
2172.085000000003
2174.2584999999976
2170.871500000002
2287.6144999999974
2185.4614999999994
2205.0690000000036
2196.8439999999996
2198.784499999998
2152.0009999999997
2157.6825000000003
2201.179999999999
2222.459999999998
2235.1494999999995
2324.2079999999996
2186.2355000000016
2234.996000000001
2173.039999999998
2350.001499999999
2227.554999999998
2326.2429999999986
2245.170500000004
2297.481499999999
2263.916
2329.5805000000014
2223.9235000000012
2245.5629999999987
2185.772500000005
2226.829999999997
2310.959000000001
2288.310500000001
2167.4494999999984
2241.0429999999965
2291.532999999999
2347.434000000002
2174.3535000000034
2300.5274999999992
2264.417999999998
2223.9250000000006
2262.9114999999993
2448.540499999998
2478.5605000000005
2156.4314999999974
2202.8895000000007
2413.3599999999988
2262.6780000000026
2203.911499999999
2121.4394999999995
2214.0049999999987
2220.113999999998
2163.6925
2174.6920000000014
2319.1735000000003
2153.1780000000003
2129.761500000001
2212.6040000000025
2203.045
2386.400000000001
2142.9195000000004
2313.100499999997
2156.037
2190.0314999999996
2230.1559999999963
2153.057000000004
2144.1245000000004
2198.8469999999984
2216.578500000003
2253.2405000000044
2190.2980000000034
2191.411000000003
2210.549499999997
2191.890499999998
2136.001000000002
2033.1330000000016
2260.8540000000016
2308.792999999999
2251.4209999999966
2436.5624999999995
2214.702000000002
2306.9745000000007
2352.2939999999994
2342.3934999999997
2391.9129999999964
2333.6674999999977
2189.241499999999
2235.924
2343.6265000000035
2255.838499999998
2162.907
2216.4934999999978
2233.2554999999998
2223.593
2170.7175
2182.271500000002
2136.6845000000017
2242.516999999999
2161.6904999999974
2234.208999999998
2215.3019999999965
2224.296000000003
2261.24
2253.8634999999986
2183.011499999999
2238.324999999999
2161.5740000000005
2331.5890000000036
2214.5554999999977
2252.1929999999998
2210.5309999999986
2219.995500000002
2292.051500000001
2211.914999999997
2215.8305000000014
2255.0294999999987
2218.3155
2180.074
2296.8934999999997
2174.6104999999993
2135.5284999999994
2266.9620000000004
2189.9954999999995
2166.1645000000017
2153.1665000000003
2233.602999999997
2314.314499999999
2284.2239999999993
2258.373
2368.902499999999
2203.2085
2192.320500000002
2399.4030000000016
2238.7735
2241.3004999999985
2203.2524999999987
2259.2514999999994
2310.0429999999997
2176.7809999999995
2383.182999999998
2314.7580000000003
2266.171499999998
2444.149500000002
2432.3580000000043
2306.0360000000032
2120.8025000000007
2254.8104999999955
2260.636999999999
2107.852500000005
2243.4075000000007
2194.520000000002
2354.2200000000043
2282.2915000000007
2290.1730000000002
2132.0745000000034
2246.5335000000027
2266.5219999999977
2291.0910000000017
2290.3349999999996
2232.578999999999
2234.1065000000017
2233.2440000000042
2289.584999999995
2199.9675000000025
2401.154
2219.053999999998
2338.8605000000016
975.6979999999995
2291.0935000000013
2125.039500000002
2178.6984999999977
2238.6129999999953
2243.821499999999
2268.0874999999974
2197.0765
2153.553999999999
2242.3434999999995
2182.167499999999
173.778
2132.3969999999995
2159.4435000000026
2160.134
2153.7925000000023
2159.5389999999993
2096.8490000000015
2309.5844999999986
2263.7460000000015
2200.3975000000023
2146.349999999998
2166.645499999999
2295.665
2293.744500000002
2303.676999999998
2346.698000000001
2336.536999999998
2331.145999999998
2175.482999999998
2269.330999999996
2265.2584999999985
2165.023
2338.2605000000035
2183.871500000001
2290.0289999999995
2148.2809999999995
2244.980000000003
2280.8264999999947
2283.7200000000003
2424.420499999999
2295.6754999999985
2258.9300000000035
2313.6074999999996
2199.825999999998
2296.1845000000008
2274.1945000000014
2144.564500000001
2291.215999999998
2260.0629999999983
759.6844999999988
2391.1705000000024
2296.6044999999963
2256.2305000000015
2298.963500000001
2232.452499999997
2205.506999999998
2380.9114999999997
2119.2534999999993
396.75300000000004
2279.5719999999983
2305.1010000000047
2230.198999999998
2298.0584999999987
2248.9039999999977
2262.498500000001
2195.4030000000025
2342.510499999999
2227.0164999999993
2292.8100000000036
2304.385500000002
2200.6000000000026
2229.3259999999964
2188.9125
2166.352999999999
783.6785000000006
2209.174000000002
2135.009999999998
2232.3550000000005
2166.013
2377.489499999998
2221.5630000000006
2154.5679999999998
2203.5089999999977
2222.6495000000004
2409.2884999999997
2322.077500000002
2237.0910000000013
2374.606500000005
2306.5694999999996
2249.832499999998
2170.553500000005
2368.928500000002
2213.3155000000024
2167.684500000003
2158.395999999997
2156.309000000001
2322.8445000000047
420.2485
2274.0555000000013
2137.965000000001
2281.3464999999974
2171.2060000000038
2153.6580000000013
2265.4690000000005
2163.054999999999
2315.965499999999
2176.8755000000006
2197.5870000000014
2204.121500000002
2184.936500000001
2192.154000000002
2270.1860000000042
2138.676000000001
2212.010500000002
2236.9550000000017
2166.5445000000045
2408.4064999999996
2221.0929999999976
2293.621500000003
2299.182000000002
2294.1714999999995
2239.5225000000005
2247.112000000003
2289.9149999999986
2263.4860000000017
2204.534500000002
2290.565000000005
2264.188500000003
2312.6549999999993
2190.826999999999
2123.176500000003
2336.249500000002
2274.168500000002
2339.771500000001
2249.2360000000012
2311.7815000000037
2300.7370000000005
2284.1230000000032
2276.247000000002
2392.3625000000034
2265.115999999999
2176.748500000001
2261.1675000000023
2185.1490000000013
2219.268499999999
906.8254999999988
2329.1375000000007
2341.180500000002
1199.3195000000007
2194.0905000000002
2449.2830000000004
2299.066999999999
2268.958000000001
2267.1924999999974
2215.7374999999993
2227.2169999999965
2299.342499999999
2320.9740000000024
2373.4960000000005
2466.3524999999977
2151.5865000000017
2281.8735
2385.194000000002
2356.212500000001
1474.8139999999999
2256.7534999999993
2191.9010000000003
2422.392999999998
2233.648500000004
386.20700000000016
2419.103000000001
2231.6275
2263.5839999999994
2399.2110000000002
2327.2430000000027
2148.2380000000003
2201.5245000000014
2202.433
2261.622499999999
2235.1020000000017
2164.048499999999
2295.9749999999976
2217.7545
2341.0809999999997
2495.1855000000005
