0
50200
54200
49400
50300
51300
50800
50500
51200
49000
51700
52800
52000
52600
51800
53000
52300
51700
50700
51700
36800
53200
50300
49800
52200
49500
51200
49500
51700
50800
52000
49900
51500
50300
51900
52800
48800
51300
50500
49500
50300
48700
51600
50100
52000
54300
48400
49600
49600
49200
48600
51800
50400
50400
50900
49900
48700
51700
50100
53800
55600
51200
51500
53900
50700
52300
47600
48200
51500
48300
51200
48900
47900
48800
49700
49300
50100
49700
50600
48700
50600
50600
50500
49400
52400
51800
51300
49100
47400
4400
51300
51100
48700
51100
47700
50800
51200
32100
51200
51100
48600
51400
50300
50800
50000
50300
14000
53400
51300
49200
49300
48300
48100
48100
50200
49500
50900
50000
49300
50100
50500
50700
50600
50300
50800
51600
48500
47800
50600
52200
50800
50800
50700
50600
50500
50400
51400
51700
48900
52000
52100
51000
51600
52100
1300
52200
51100
50400
49400
48200
49100
10900
50800
48700
52600
50900
53000
50300
52300
50600
49400
52600
52200
52600
53500
53000
52100
52900
49100
49400
52600
54700
48500
53500
55800
50100
48400
49900
52400
51600
50900
50900
51600
51200
3600
49200
51700
50600
47100
53300
51900
52800
50400
51500
52700
49300
51400
52700
47900
52500
50400
51900
49700
52400
50700
47800
51000
50500
50900
49100
51700
49700
49300
50400
50400
50900
49500
50300
51700
50900
51800
52900
51200
55000
50700
51000
52200
48400
53800
51800
52200
55000
54800
53300
50700
51200
52500
52500
51200
49300
50100
49200
49600
49600
49100
48800
50000
49500
48600
51600
48000
49900
50400
48700
50300
48900
47400
51100
53000
51700
50500
52100
50000
50800
50600
40200
52300
51800
54300
58100
52400
55100
56000
55300
56200
53500
54100
51700
52100
51100
55200
50400
53900
51100
56100
54300
50400
52300
51000
55000
51700
53000
51200
53200
50800
51600
50700
51800
50600
53000
55500
55400
53400
51600
51200
55000
50700
50400
52800
51500
50600
54600
54000
50900
51800
50400
50600
50800
51100
52700
50200
50100
53600
50600
52100
49600
54900
54800
54200
54500
56200
51400
55900
52600
56400
49700
51700
51900
51600
51100
52200
50900
50800
53600
49700
53600
54500
51900
52800
52000
53300
49900
55000
51200
50700
50600
55000
21900
52000
49300
51600
55200
50400
52200
51600
50500
49800
50200
2800
49100
50600
50300
49100
49400
49200
48900
48000
48300
48900
51200
48900
50400
50200
57700
49800
49800
50200
52300
50700
50200
53000
50300
51700
50200
50600
52400
52200
50000
50300
53000
53100
49500
52100
52800
49200
50200
50400
17400
51900
48600
51400
52600
52600
52400
52500
49800
8000
51200
53200
52800
52200
53500
54100
51400
54400
48600
52400
51500
52300
51500
51400
49500
15600
48900
49000
50300
48800
56500
53300
51100
52100
50200
54100
52700
52700
51000
51300
52900
50400
51000
52600
53700
52600
50000
51700
7800
54500
48100
53600
50400
48200
51200
51300
51300
49500
50400
52600
49800
50100
54000
50900
50700
53700
52200
52500
52000
54400
56100
52400
51200
51900
50400
50800
50900
54300
52800
54300
52900
50500
51800
51600
55000
54400
52400
52200
51900
53000
54100
51400
52000
53800
51000
52200
18000
50500
54900
27300
52900
53700
54500
55400
54600
51900
54800
55900
54600
50800
57200
51000
53700
57800
52100
33700
53500
53200
52300
55800
7200
54000
52200
55200
53200
53500
51100
52300
52600
52700
54200
49300
53900
52700
52200
51400
