0
-0.9143
-0.934
-0.9294
-0.9154
-0.9053
-0.916
-0.9358
-0.9261
-0.8187769230769231
-0.9543
-0.9425
-0.9137
-0.9457
-0.9699
-0.9217
-0.9262
-0.9289
-0.9633
-0.9327
-0.9440999999999999
-0.9407
-0.9257
-0.9386
-0.9371
-0.9176
-0.9027
-0.9492
-0.9127
-0.9463
-0.9482
-0.9097999999999999
-0.9653
-0.9732
-0.951
-0.9028
-0.9249
-0.9408
-0.883
-0.9362
-0.925
-0.9504
-0.953
-0.9247
-0.882
-0.9569
-0.9548
-0.9466
-0.9219
-0.9113
-0.9546
-0.9033
-0.9069
-0.9457
-0.9226
-0.8948
-0.9594
-0.9279999999999999
-0.9847
-0.9747
-0.9228999999999999
-0.9354
-0.951
-0.9525
-0.9199
-0.9408
-0.9306
-0.943
-0.957
-0.9133
-0.9172
-0.8134769230769231
-0.9584
-0.9055000000000001
-0.9086
