0
279.4958199999999
179.22281999999967
135.83703999999986
104.8807300000001
133.19072000000017
150.44252000000006
269.8887500000002
269.45245999999975
181.7400100000003
192.4433899999997
178.46136999999936
74.14850999999999
189.32588999999976
209.96500999999978
456.97301999999746
260.8561599999995
299.8065700000007
406.5959999999989
273.53778999999986
206.4456300000002
314.6020699999993
246.68197999999936
186.99367999999996
3.9196899999999975
406.7208700000021
3.9514100000000063
94.96360000000008
335.14282999999904
33.31863999999998
236.3040900000001
251.90290000000005
387.71355999999935
286.14013999999946
181.0366099999998
209.07051000000027
270.1344099999999
12.82888000000001
47.068850000000005
235.93165999999988
52.532740000000096
334.47182999999984
267.2726800000004
283.63708999999983
176.80012000000016
56.03352000000007
153.86094000000003
55.20328000000011
214.05429999999987
176.44658000000024
174.92774999999997
293.9659899999996
466.2623799999995
292.80877999999905
309.8592699999998
377.6491799999999
452.57118
249.22319000000022
346.72190999999907
114.31666000000013
244.95474999999962
123.77442999999995
269.5870599999991
93.23416
382.3012299999993
300.58210999999994
36.990410000000054
75.11830999999994
189.29312000000002
317.2225700000003
31.531699999999972
248.2961099999995
177.8263199999997
225.79362000000023
78.24205999999997
34.86433000000001
7.342179999999992
225.53442000000004
68.66286000000012
270.52505999999966
222.65777
252.255840000001
45.12877999999997
250.02663999999962
248.86051999999975
9.946749999999984
24.956890000000072
258.95296000000013
216.97738999999936
231.6319399999993
306.33631999999994
87.83644000000001
281.7982900000004
205.5574899999999
280.11942000000045
133.92952000000002
343.4041399999996
311.1292800000002
321.0170800000004
162.8217700000001
300.9680899999993
243.90210999999954
165.59259999999998
251.9597299999998
247.35182000000015
159.02327000000017
40.949169999999924
425.2305299999997
86.82147999999997
362.4283799999986
232.87583999999978
82.41818000000008
329.9153000000014
236.72003000000004
294.53609999999986
283.95696999999916
210.8939300000002
16.123190000000005
351.08266000000003
447.57521999999926
439.39594999999906
70.42474999999995
211.62871999999993
125.81484000000007
49.022519999999965
255.77615999999966
179.25588
406.51041999999927
239.8913299999992
309.1494899999995
42.87252000000004
267.09449999999885
31.065400000000018
9.49553
266.64187999999984
227.60862999999927
253.0866699999998
133.2683400000001
276.26477999999855
93.10415
71.12747000000003
376.1603099999998
447.68102999999866
129.9536400000001
397.86909000000054
86.68634000000002
546.4488199999967
33.96782
48.450630000000054
328.2710899999999
206.40538999999976
32.40383000000004
271.66956999999996
38.30166000000002
44.229230000000044
360.2237800000005
376.33449999999954
98.08613000000014
224.89903999999942
398.5499599999985
264.54309999999947
193.44054999999997
164.5558800000004
217.3481999999997
123.26976000000019
33.11111000000006
105.5547099999999
348.4812999999989
357.27842
317.9163400000004
171.84749999999985
238.16803999999954
469.8064599999989
412.5758599999988
201.57597000000052
157.3558300000001
99.0923999999999
272.1273799999999
67.37900000000003
299.1046800000004
302.01579999999933
18.259670000000014
89.16356999999992
28.16553999999999
272.3163400000003
336.1576399999998
90.54663
365.9818200000001
173.4646999999998
187.40345999999982
120.56233000000012
163.98484000000022
207.22324000000017
262.5155899999998
236.65967999999964
345.6581699999992
238.22264999999945
253.02249000000023
163.29876000000004
271.82384999999977
81.01173999999999
298.46581999999944
340.9453099999996
309.3468299999999
37.66943000000004
380.7147999999999
365.8786599999994
205.1781399999998
272.19824999999906
273.91988999999955
319.1572399999995
35.83008999999996
219.75524000000001
310.35385999999954
207.72006999999968
403.74260999999893
218.49704000000028
396.10436
393.4834799999993
206.01620000000005
413.05221999999975
405.18129999999974
52.96539999999997
57.00298000000009
353.6695900000003
355.8663499999999
136.05386
198.8959299999999
196.8952400000001
346.760939999999
244.18165999999994
299.17393000000004
362.7334500000005
364.3042099999999
178.8003200000003
308.86702
186.53511999999924
107.56899000000006
56.185310000000015
53.23853000000001
310.6967099999996
408.08966999999967
156.0666000000001
425.7841999999986
222.1613200000001
308.37172999999984
155.38329999999956
345.72521999999896
58.45476999999994
456.25879999999967
231.8723299999995
555.3603800000001
221.67971
2.5258900000000004
307.541579999999
208.99775000000008
481.53916000000044
220.72395999999992
0.12736000000000103
273.71412999999967
280.52777000000003
316.3383799999993
301.76249999999885
69.09478000000001
175.49816999999993
210.07810999999938
337.59762999999896
109.9207900000001
54.11109999999997
245.41579000000024
539.1032000000009
117.63496999999995
297.3764300000004
267.6703299999988
108.27574999999995
164.2755799999999
113.75232000000005
196.96121000000028
308.28907999999973
299.28035999999986
86.18998000000005
298.46244999999965
235.37583999999998
367.40357999999964
110.24363000000001
118.96105000000013
280.1963700000001
590.6161300000011
112.09366000000001
90.6617
371.3524099999996
183.13581000000002
333.137659999999
291.3818799999994
72.23972000000008
227.21145999999948
169.72753000000014
51.57782999999999
302.3589099999995
134.34718000000024
330.0784900000003
210.04778000000016
321.7810099999987
269.4969800000001
452.0931999999999
355.8301799999999
41.89635
156.58618000000018
324.2909500000002
342.1447000000006
54.06995000000009
162.15004999999985
337.4454299999993
39.99829000000006
382.44090999999963
140.18651000000003
661.5321699999986
329.01387999999986
108.99864000000014
209.8673800000003
210.50051999999968
136.31865000000013
444.0875199999999
123.29143000000002
227.95859000000007
172.10620000000083
94.95739999999971
386.4184999999991
98.42474999999995
435.7147899999976
102.37254000000004
417.8202699999983
342.376419999999
260.88882
278.00956000000025
189.28922000000014
251.89770999999968
341.5972399999994
435.73934999999943
377.0400199999994
309.1235400000001
401.82520000000005
241.0654299999997
515.6496599999991
320.52784999999943
397.0963399999999
119.10690000000005
36.75889
290.9986599999998
52.898870000000095
426.95944000000054
502.9649600000001
290.40287999999987
83.34655000000004
268.5760799999997
292.6942100000004
38.546769999999995
131.9548900000002
205.84231999999946
7.141510000000004
84.62793000000005
178.09580999999997
247.0742900000001
365.4542700000004
225.23897000000042
279.1185099999998
121.25598000000001
333.4076099999983
157.41531000000003
258.6886100000002
242.51299999999986
47.63527000000009
157.91024000000002
216.39174
117.72952999999998
182.29386999999974
314.80781000000104
166.3406000000003
371.8566499999993
27.786150000000024
238.5062500000001
270.6793599999996
135.46645999999996
374.38684999999896
360.64001999999823
35.07937999999999
96.12376000000005
322.59022000000084
63.37933000000005
329.36094999999915
173.90926999999954
476.66249999999866
729.7617400000013
311.8232500000003
248.2185300000003
199.5837499999998
517.7896900000004
307.19809999999944
249.5857200000006
79.80586999999991
393.2907499999995
212.21112000000014
324.7492399999995
210.86582999999968
281.5255999999993
199.87060000000014
193.55683999999974
156.99957000000003
267.1228599999996
346.0739299999988
280.85616000000005
52.69316999999997
416.9269600000004
402.07799999999975
315.65637000000015
189.21393999999955
313.87156999999985
76.91311999999999
467.2681099999992
369.19539999999944
395.74744999999996
177.44294999999934
246.17093000000028
396.4289900000004
82.83071000000002
33.02721999999999
590.5342099999983
407.7893999999997
468.85601999999903
15.93930000000001
144.30196999999993
24.534280000000006
464.05975000000035
361.96779000000004
394.1159399999994
227.83112999999994
21.754569999999966
10.052609999999998
338.4367200000003
601.7128799999997
387.89806000000016
344.16010000000006
239.06908000000016
234.72938000000013
440.31649999999956
283.23768000000047
233.9580499999999
231.7027199999991
212.4634999999996
490.709269999999
356.0967
16.334010000000017
267.9396799999987
388.157210000001
46.846359999999976
429.0156000000007
4.905250000000001
182.83288000000007
190.74127999999962
288.0200599999999
27.4841
591.1005799999982
142.8873200000002
377.31921999999946
241.5851500000001
476.6233399999997
182.24443999999994
596.4911199999997
59.405679999999954
584.7334399999993
356.8389799999997
406.7279099999996
443.1178299999983
413.87187999999924
238.34370999999987
329.0934200000006
64.15216000000001
260.1405299999999
793.43864
481.86803999999864
244.35369000000003
202.91403000000014
302.20335000000006
369.53827999999885
150.72640000000007
477.982419999999
366.09432999999996
155.70287999999994
304.1003299999993
213.76130999999992
455.2303999999998
20.68672000000002
255.17098999999894
268.3966600000001
382.6003299999998
341.06884999999806
287.39258999999856
22.245760000000008
313.79756999999915
54.58104999999999
132.3246200000002
262.6879299999997
55.78604000000008
150.2176500000001
22.651949999999996
211.2008400000001
289.5478899999998
202.70475000000027
86.95522000000012
589.9262000000001
252.52579999999926
459.2484599999989
176.50454000000016
216.19154000000015
267.2381099999999
77.41764000000002
35.419990000000006
40.63064000000001
449.37403999999935
108.47710000000006
494.90439999999955
474.3531899999988
0.25404000000000004
543.0676400000009
694.7157599999988
650.4016100000026
182.27308
25.933650000000007
123.9204499999999
108.23930000000006
573.9158999999995
54.53801999999999
425.32172999999983
252.81750999999966
260.49333999999965
540.1187700000002
384.39930999999814
124.46451000000015
793.1176799999986
550.66086
353.4645499999984
424.1704199999997
468.2523400000004
443.8517699999985
615.6350800000002
432.1846699999996
527.1046699999991
434.1932300000003
163.58920999999992
120.80049000000007
226.23091000000005
142.3129900000001
97.12595999999994
520.4668799999987
580.76365
724.6687699999995
10.397679999999987
72.70913999999988
184.4044399999999
108.22422000000006
60.24463
313.8208800000005
398.65107000000023
262.70314000000013
386.8522999999997
512.2839799999997
390.72174999999936
340.37049999999937
287.86424999999974
544.0732600000003
473.97235000000086
172.94102000000007
90.19979999999997
167.53740000000002
471.5241899999993
401.1350700000004
183.0114800000002
243.46098999999992
229.32975000000002
798.0510299999993
781.6379499999964
453.2734400000007
135.7914599999999
93.26217
449.1975100000004
740.9453599999998
414.5912499999997
185.38263000000015
448.93374999999986
641.6012399999994
369.01905999999974
304.16188999999946
296.58351999999934
65.59216999999998
55.00975000000004
179.14557999999997
481.7125699999999
642.1815000000004
73.55709
546.9338500000003
473.52813000000026
377.2153399999999
370.5572399999987
98.34850999999999
437.6962400000001
303.84361
166.50862999999998
167.2058199999999
454.2663399999985
406.2049500000002
96.29699999999988
194.9628099999999
669.5371099999995
145.49191000000005
264.1257200000003
281.34024999999986
318.3990500000004
173.83861999999993
710.3201499999998
504.17332999999917
196.68286
977.1016599999978
216.26250000000002
462.5467500000007
280.18418999999983
222.01261000000002
584.7260699999997
590.8101199999988
252.19919999999996
836.1032499999994
674.8775500000003
570.0442299999997
917.3058800000017
442.81009999999935
528.2535199999992
568.7699499999985
565.7519499999997
304.2743099999999
538.3155900000002
229.29554000000002
461.89103999999935
418.92719000000017
560.5967300000005
340.41990000000027
139.88216999999972
85.03294000000001
487.10351000000065
314.76311
375.62135000000035
815.9733199999979
585.4342999999999
471.7802599999999
176.77007999999998
82.59257000000011
159.30498
531.2372500000008
331.28003000000024
1035.0180700000003
689.0638099999982
59.37803000000006
307.75089000000025
84.91552000000001
76.36256000000002
418.9265899999998
261.81197000000003
208.30834999999993
620.8061999999983
252.63572000000016
664.1820600000008
800.6583199999993
367.09514999999976
640.7861600000002
286.97610000000026
525.3829299999995
560.2906800000002
173.8166400000001
563.3412300000017
574.1390400000003
864.7949800000013
813.1258799999995
152.14076
208.3887500000002
164.85757000000004
472.72260999999895
82.18702000000003
231.12879999999993
537.6671800000007
719.6360599999987
914.6477000000003
275.28916000000015
130.4630600000001
536.6363699999996
627.158349999999
250.64535999999993
289.8584699999997
16.848539999999996
552.6612899999998
418.3279099999991
316.24717999999933
600.7577199999995
9.894390000000008
769.8863600000006
389.26418000000007
749.1294399999972
547.2574399999986
441.75219999999996
94.67626999999999
238.75392999999983
620.238569999999
382.8729300000005
409.0894599999999
466.95277999999945
144.94828000000027
391.02408000000054
293.89663999999993
399.84172
645.5809799999988
418.80153000000007
397.0464999999998
54.827899999999985
178.94420000000002
526.4965099999993
204.19791000000006
163.47036999999997
468.0071100000001
519.8266699999999
406.736460000001
342.9149000000002
437.29295999999897
609.7234799999997
365.38999999999993
531.1042600000001
29.959259999999997
134.96501999999995
390.19921999999923
802.187129999999
625.53985
545.5819900000005
348.7041000000005
167.68126000000004
590.2507799999981
187.63277000000002
676.7851299999999
202.5048599999999
33.378240000000005
226.75319
62.35899000000001
721.0397999999997
36.03083
507.91247999999905
630.7273799999984
493.1657900000005
8.20881999999999
352.3508699999993
175.4092
344.50924999999995
269.94039
63.08128000000005
107.16582999999989
570.2320099999996
643.1961999999994
220.58905
249.93006000000017
572.5100999999996
504.86970000000014
445.75712
119.15047000000011
653.2827899999986
566.6126199999972
390.7491000000002
121.53852999999995
427.45829000000026
325.37291999999985
129.72614999999996
313.4296700000002
145.18618000000012
257.9800599999997
341.88494999999955
620.7808800000009
319.9137299999994
413.80342000000064
118.72139000000001
356.6143099999998
57.65134
639.457829999999
736.04883
231.7758200000004
376.8489699999996
705.2017900000008
502.3324099999995
916.1606499999997
181.64280999999997
486.8290999999997
148.48857000000007
514.5285699999994
350.88105999999954
590.5906199999997
394.24907000000053
546.0943599999993
355.7577499999997
559.1946600000009
564.5224799999994
495.67864000000066
376.9529500000001
303.41045999999903
384.1122099999995
132.25884999999997
526.3114399999998
829.8757599999997
723.094200000001
820.5925599999982
74.93620000000007
463.8598399999998
436.5394899999992
640.5158499999994
639.5382599999984
382.0248999999997
474.1055099999993
93.15469000000027
628.6123400000006
89.60001000000004
117.14498999999999
228.32025000000024
434.6009099999997
162.53752000000057
337.41080000000005
109.43143000000002
448.02504999999866
492.81837000000075
130.2136400000001
253.6422700000001
116.47904999999997
420.33965999999884
346.09203999999943
495.20602999999954
445.6419299999992
317.5840100000003
70.10408000000004
229.14109999999988
347.1133399999997
339.12513999999993
588.1842499999979
632.3745899999996
919.1257500000015
846.8032799999997
604.8024100000011
138.1002900000002
115.1240900000002
790.6103900000005
435.1002300000003
135.85433999999998
204.03141
353.33064999999937
856.7673699999997
351.4650399999993
81.59101999999996
210.18794999999992
167.83062999999993
821.9390200000007
218.74813999999995
533.5392499999995
709.5150200000015
109.54018000000006
759.1322600000005
628.8631200000007
764.1809799999996
446.35928999999976
553.2189999999995
379.664849999999
715.8822100000019
398.39435000000014
451.05347999999907
511.608959999998
304.0499400000004
570.694459999999
332.0495399999993
316.92394000000064
487.3443300000004
246.00037999999995
503.07085000000035
271.2453700000001
282.9607199999994
673.2718999999997
212.50606999999997
316.67892000000006
138.29041000000024
347.44042999999954
442.2142899999999
65.17922000000003
539.4397600000001
465.43181999999985
222.60432999999986
595.6968000000012
474.0582899999998
274.6069099999999
162.04815000000016
157.95491999999982
776.1196799999979
543.7508699999995
704.1103300000002
516.9321199999974
678.9168599999999
488.9420699999994
927.87427
509.59170000000046
581.8920500000006
649.7341299999981
561.828459999998
64.15124000000002
427.4132899999998
698.1151199999987
511.23605000000066
910.2745399999957
363.70036999999985
663.4915299999993
50.38756999999999
50.3174
331.4552899999999
29.397909999999982
620.603560000001
109.55991000000003
510.6175800000005
574.0566300000005
288.7494799999998
452.56454000000036
296.2948499999998
302.17184999999995
79.72379999999998
739.3259299999993
301.13478000000026
390.8122500000016
139.35659000000018
89.33561000000007
594.2077299999984
466.29470999999927
478.0307999999997
476.1673899999991
530.23123
265.5667099999997
123.50634000000004
366.2273499999992
290.4845099999998
99.56240000000008
775.29326
721.4863800000005
363.5593699999991
65.80809000000004
350.26039999999966
682.9528400000016
184.04519000000013
656.4309700000033
498.80779999999834
111.57572000000005
699.1715200000009
589.5301499999988
488.012289999999
345.9506999999973
78.25635000000004
657.9177299999993
149.25938000000008
640.4732299999979
243.71141999999992
166.46080000000012
665.2356299999979
267.63734999999974
296.68655999999976
591.0183600000006
458.8847499999999
8.728530000000001
72.82294
131.07892
118.87993000000004
215.4414499999999
672.7071099999977
477.5089899999995
744.1076300000011
130.4125300000003
288.21593000000007
396.70872999999955
394.27275999999955
481.18507000000045
812.9126899999986
104.64511000000013
492.13496000000015
499.2918000000002
643.8864299999984
85.25427000000006
603.6868800000005
169.6187899999997
472.00604999999945
508.4458799999993
4.197769999999998
417.4620300000002
395.8098499999993
407.14625000000007
120.89266000000002
787.6347000000009
83.90277
522.9048300000002
117.91572000000006
51.97640000000003
225.71393999999987
483.42974999999956
592.8948600000004
133.79863000000012
211.6292900000005
1.50738
1133.779830000005
382.39980999999995
922.8025500000011
963.0428199999993
460.1323100000003
434.7801899999999
271.71761
264.54241000000036
526.4962499999997
554.8640699999995
266.90279999999996
129.73818999999997
321.98998000000034
582.5845600000007
539.7560799999998
153.19171999999992
163.41243999999972
541.7465100000005
697.3206800000003
580.9942900000004
829.612949999998
1608.8555299999955
25.613670000000035
517.0304399999994
858.40813
167.3334899999998
497.6865499999997
310.5755500000001
666.379929999998
275.9353200000002
749.5553699999998
356.72822000000036
538.2191400000005
617.3170100000008
684.1937999999993
1023.9951000000017
554.36175
298.4447799999997
615.8321500000011
804.581459999998
1759.9750099999912
458.4694399999998
317.6739199999993
777.8644899999987
563.9300799999995
548.9691999999997
323.4207599999999
273.78399
1048.192400000002
1243.0915599999962
278.55915999999996
299.0208100000008
1288.145259999997
919.1302099999997
629.5659099999995
352.90724000000006
92.89493999999996
1319.6003199999996
334.71936999999997
49.636810000000004
88.70325
961.4535499999978
179.44152999999994
280.8849599999999
680.9384599999989
776.1473200000005
1377.183679999999
102.28045
757.6431200000002
564.6979700000005
247.91891999999999
307.13571000000036
460.20381999999984
976.7690999999998
121.48633
257.6599599999997
719.3468699999992
1256.9332200000001
335.60989
242.89229000000003
169.4909499999999
114.84015000000002
643.8846899999998
1821.6448699999999
32.795490000000015
715.7239600000004
1447.1374100000019
309.86287000000016
47.98937
1002.6539399999997
387.15043999999926
565.5583699999984
92.91303999999998
117.62876999999997
101.62093999999995
1344.493430000003
1655.699330000001
754.1194999999991
238.78666
740.7897800000009
1960.3214299999995
273.87143999999995
1073.2547500000007
728.5068000000006
595.1902800000003
461.2710699999997
873.6058999999983
296.4302500000004
590.0130100000013
736.9682299999988
367.0022399999992
463.28118000000023
250.37880000000004
134.20017
1365.9049299999992
744.8458100000029
265.23179999999974
302.21025000000003
1065.21233
104.49187999999994
702.3329899999998
726.3615300000022
1129.2945200000008
667.2829499999996
608.8935100000003
288.72384999999997
633.6414799999994
651.105609999999
896.5293599999983
170.4075999999999
312.04882000000003
806.5701700000003
346.11168000000055
403.98954000000066
566.9379500000003
1261.029609999997
138.47634999999997
182.5262900000002
779.5316399999989
1160.1842200000021
1170.9299
379.3345900000003
837.0217100000008
196.2932800000002
952.3759700000003
649.0137900000013
510.37991000000045
489.8145699999991
582.3354800000006
337.00970999999987
112.48476999999993
248.10465999999985
1928.7362799999937
97.62316999999999
141.51744
1071.0436299999994
1517.7861999999975
214.62914000000004
314.83160999999996
187.54944000000006
754.9543000000007
268.50212999999985
807.2176200000007
1417.9124699999998
430.5455900000009
352.8851199999999
420.2810099999992
1169.612859999998
378.25415999999973
428.13986000000045
1208.3507099999977
555.3741799999998
805.4600699999972
1161.6761699999995
144.14148
217.53769000000005
1433.0903599999997
311.21149999999983
108.42761000000006
374.0407400000001
88.24127999999996
663.3318499999999
615.64135
485.4903099999999
1049.9402300000058
205.07916999999998
672.2149600000012
864.68009
106.99875999999996
477.4452299999997
907.6909800000001
802.7420500000015
771.8285100000026
972.3535800000001
388.16861
1139.3246599999982
791.0704000000004
1177.4712900000002
233.56532
1139.2444700000008
857.0144399999973
1286.8441299999997
946.6986000000021
162.94582000000017
419.6477599999998
81.29975
767.3322899999994
373.0469200000005
314.87703
340.37122000000073
854.4403499999999
106.55605000000004
1237.7042400000018
802.3564500000006
1325.580710000003
63.70331000000003
627.4169400000003
1360.049030000003
1194.1786499999987
673.1562400000009
589.6239600000004
36.415949999999995
845.5411000000003
596.51727
617.8997900000005
1064.0431699999972
114.89776000000003
180.09559000000002
248.07894000000002
286.18304000000006
1350.2712399999962
276.7930200000001
204.14171999999994
788.881359999998
282.5895899999994
293.44060000000076
1672.6114899999989
963.7308799999989
404.06447000000037
402.45949999999874
127.65153000000001
125.71409999999999
1094.6335000000006
273.77585000000045
273.31399000000033
905.1741400000002
441.3931400000001
1466.3005399999988
1075.7515400000018
781.6922999999992
1269.7701099999988
1287.4140000000007
99.83075999999997
107.30710000000003
344.30813999999947
418.7580099999999
1124.946719999999
573.0213800000008
408.37130999999994
1084.1851900000015
1139.0031299999998
752.5864900000003
427.4439499999998
1701.9525000000062
664.1236100000001
226.30943999999982
856.9858299999976
655.6208900000005
561.9730499999998
249.48228999999995
1090.2117800000021
1075.0065299999997
304.72521000000006
447.8095400000001
317.93134999999984
956.371709999999
216.64327999999986
579.5901599999993
209.39521999999997
233.32855000000006
715.1453799999983
239.09532000000007
1328.6930199999945
1259.7816500000024
1081.3422699999978
362.71439000000015
1146.2347499999998
185.5512899999998
349.77659
231.02465000000004
129.08175000000008
261.0221400000003
215.92927000000014
139.05689999999993
516.9808600000003
199.74649000000022
361.18688
202.81072999999986
1187.4980199999986
852.5732200000006
199.77247
1088.127949999998
285.5075199999999
1250.6779600000011
502.7552200000002
95.18924
1176.1172200000037
119.47898000000008
1138.0152699999994
303.51589000000024
561.5552000000005
185.68143000000003
1024.1298800000025
433.7614899999994
182.90126999999993
377.7215700000001
761.0258800000008
1150.500700000002
175.62598000000006
816.1206200000004
50.731590000000025
1051.2674499999976
1461.0579699999998
166.78438999999995
598.6257400000011
212.17938
859.414289999999
775.3013599999998
1083.56696
1313.7564700000003
745.6227999999992
438.75428999999974
374.61875
446.75412000000057
934.5760999999997
1026.5968899999991
1039.5909500000032
284.2434899999999
1060.8197699999998
1038.767289999998
382.99248
166.26601000000014
760.0163999999993
269.67315999999977
101.25575000000003
1215.3497299999995
130.17339
1378.352270000003
506.2395900000005
675.8832099999995
691.2192100000013
843.9572000000004
197.4457899999998
1270.681770000001
1433.7362399999986
549.1600899999997
259.70948999999996
755.4801099999984
283.87067000000036
618.7931899999994
293.96331000000004
382.36619000000053
1223.7630999999976
468.2678299999999
1105.6844800000008
134.23430999999997
47.66525
766.8532099999984
981.1128999999985
533.6482499999987
258.01784
69.39073000000002
327.1803700000001
387.76807000000014
849.0633199999993
1159.6598199999967
1164.760020000004
1172.040370000002
495.0647700000007
373.1707400000002
1093.0579899999984
1272.111610000001
199.13996999999998
216.24141000000006
533.6863300000007
1027.104549999999
62.85906000000003
369.8663800000004
1026.16951
978.1336699999998
1337.496810000001
138.2583500000001
369.1306799999999
796.8778000000004
768.573370000001
898.8339899999983
985.6573899999977
1253.9265699999987
577.3417199999994
263.5727199999998
1115.5724100000018
719.3431999999991
1094.532209999998
636.23915
1581.3050800000015
176.40681000000012
498.32802000000027
200.7116500000002
578.3337700000006
490.74647999999934
902.4977500000024
812.4163999999987
513.9732300000006
823.2002299999994
460.4261500000003
348.84846999999996
685.68689
327.3112699999999
309.64829000000026
113.54844999999996
883.4957199999976
412.6736200000003
796.0609399999998
81.75909999999999
68.70062999999999
332.3561799999995
645.3725800000004
259.5105999999999
152.98276000000004
1527.7701700000046
1305.4190699999965
1112.6928499999974
330.83324999999996
223.05942
94.93605000000005
91.94053000000008
374.7599900000001
4.467299999999999
1153.721170000001
1304.8066299999969
369.7899200000004
152.07663
768.7406500000009
209.06405000000004
773.6079600000019
959.135549999999
85.42690999999999
449.9329000000006
84.34504000000003
101.93546000000002
214.86107000000007
260.6517800000001
1000.6482799999992
1268.8683800000008
1272.9980299999986
114.08278
725.0456099999991
508.6458400000005
839.3193800000003
1069.4690300000016
596.1316100000008
119.83328999999999
47.92679999999999
650.0455199999998
188.93571000000009
406.59418000000005
130.48930000000036
43.175079999999994
482.20059999999967
111.57481
489.36877
532.4437600000005
277.0807099999996
1019.3429900000025
1044.694000000002
634.1119599999995
1175.8881699999995
236.38113999999982
885.6993299999988
653.1578100000002
638.11439
141.09261000000006
127.39434000000003
207.6512100000001
137.13778000000002
1023.6411800000017
405.90825999999964
152.62487000000016
1278.4596800000008
546.2595700000012
529.069699999999
849.7026099999978
1193.5908600000014
894.3486999999996
353.4395400000009
1288.692399999993
1412.6801900000014
1242.7756900000008
492.0224
404.20505
136.40017
261.90313000000003
159.7374700000001
423.17923999999994
356.1289000000001
620.4427199999996
440.7644800000001
95.53003000000001
397.83422
113.22520000000004
238.15921000000014
614.2008300000001
151.89590000000015
364.3826999999999
1506.562079999995
377.74681000000004
478.41290999999995
1952.5907599999998
942.8004800000004
1292.84266
138.39608
330.68850000000026
214.24609
1359.8495799999964
207.33221999999998
788.7873900000002
745.427629999999
986.6064300000012
774.0197199999967
250.7477900000001
1572.321920000002
78.84770000000002
209.53829000000013
1787.7667699999981
105.57520000000004
908.5668199999985
311.30431999999985
105.9181
337.76121999999975
495.0030199999996
196.3826800000002
252.52027000000007
489.0407100000001
559.2675400000003
453.1859
1037.538469999999
975.9163100000011
269.0992500000001
382.1370700000003
565.76807
1550.3577399999951
149.47341
95.27182999999997
1493.7606899999996
149.42481999999987
155.27020000000005
1035.1848799999982
1378.7835
438.60181000000074
498.3755600000003
780.7904899999997
1404.4516700000006
217.25900000000007
114.29324000000025
112.02252000000007
94.26552000000004
322.4722099999998
1878.0739400000002
649.5535199999996
192.1177999999999
226.91553999999985
254.49895000000046
306.7191700000002
274.05310999999995
367.15429000000006
464.49604000000045
789.4212799999993
614.8845699999996
312.83155000000016
158.41836999999978
111.88936999999999
1694.093549999998
271.86428
830.521799999998
701.5681499999993
1333.3097899999989
993.6127899999997
627.3963299999995
253.80862000000002
1564.9820899999993
107.83763999999995
98.33934000000004
983.2238700000001
580.3684900000002
600.0976400000002
1435.1577600000053
1287.7735900000005
874.0979500000002
112.56016999999999
192.5665799999999
641.7309299999996
89.96323
326.8581200000002
611.7662799999982
1054.676090000001
900.4426299999986
829.5586900000014
475.8564699999996
172.86381999999998
182.9193099999999
673.1349200000011
29.966299999999986
272.8335100000002
98.23431999999998
327.0642000000002
578.3731500000001
212.47086
829.4390100000023
409.4006600000006
2012.4066799999985
847.3064199999998
116.27169000000002
231.29337999999984
707.1843599999985
695.8768300000005
132.27067000000005
364.80849000000023
1037.8702600000017
81.21479000000002
377.81111000000044
1175.9670100000008
193.72670000000002
906.9347599999985
778.3657499999982
720.3974800000007
463.2008600000001
86.30366000000004
152.52442999999994
239.02400000000014
957.0250000000012
278.1328200000001
379.8693999999997
98.99596000000001
424.7900000000001
1553.7664
244.27701000000002
91.98673
233.81316000000024
160.47407000000013
436.63232999999985
222.23981999999998
280.9156900000004
1168.8112300000014
378.56984000000034
750.2103099999982
888.1848199999994
99.00482000000004
1723.5923300000038
770.3476100000012
95.26637000000005
110.65581000000006
1817.5708899999995
749.5217299999999
402.0516300000007
358.83682000000016
1508.6945100000073
221.36739999999998
298.8413400000001
1889.084730000005
315.4733100000002
203.5719200000001
242.37197000000003
493.6868800000001
71.19376999999996
860.4780600000017
1253.8851200000017
1083.0689800000016
221.64218999999989
339.72532000000047
238.46059999999989
649.0200100000004
1409.9554700000062
62.39503000000001
610.5232399999991
228.66112000000012
921.3542199999989
815.7608399999997
308.78108999999966
80.86764000000002
218.62895000000003
1321.5877700000028
142.25785000000008
275.61881000000005
115.79469000000007
1449.952119999997
533.9925299999995
162.73274999999995
282.83396999999997
1375.0720000000003
804.00069
453.52185000000026
925.9549700000001
459.69951999999927
178.69693
1461.9530499999994
1158.5288899999955
314.84332000000023
605.05179
1679.7905300000045
1495.7377499999984
1195.5301800000013
331.2941600000001
186.82975
746.6598299999998
557.4763400000005
1653.3396000000032
220.62861999999993
167.9505699999999
275.5035900000002
1124.0874099999985
244.50350000000026
174.84278
652.65336
505.38558
620.0354299999997
235.60324000000003
480.2418700000002
1529.8476699999999
24.18256
1120.2498699999996
1727.9163400000057
375.98719999999975
1666.3681600000025
302.8882000000003
59.48601000000001
1060.6866400000001
316.2458099999998
307.87271
801.262829999999
854.5848300000026
133.13856
649.8523499999993
749.3833399999992
861.4561999999971
111.34453999999987
449.2046500000007
259.74032000000005
766.6253199999999
1611.9384500000062
317.24300999999997
271.83848
172.94298999999995
161.63698000000014
1820.2343600000042
129.44027000000006
135.33019000000002
1419.5924900000048
679.1165100000011
1205.5733400000004
1060.216160000001
803.023520000001
266.89825999999994
947.2317900000005
942.2179400000012
2231.758970000006
326.14667000000037
419.19668000000013
1537.9408399999995
1642.7153000000026
208.42328999999992
751.6731799999997
100.51316999999997
580.5714400000002
629.2998599999994
761.5233499999997
417.69032999999956
130.54664
275.23627000000005
1290.0195999999992
314.46079000000015
283.9021500000001
177.46097
244.82950999999983
1448.8550299999981
158.49222000000006
383.6346500000002
844.9841100000026
58.17196
1421.6752800000008
1443.1165500000002
876.3961100000005
1018.8477900000009
1211.816619999997
351.79517000000016
893.0459599999997
194.4856000000001
278.47894000000036
1062.1367599999987
1586.6190900000047
257.09335000000004
430.4570399999999
422.1214200000003
459.0853500000001
583.5522299999998
345.9419700000003
260.95029000000005
525.8139700000005
350.1436500000008
521.7543200000002
363.6753799999998
385.4705799999997
136.76331999999996
869.7925500000014
1675.5409699999996
309.5013699999999
747.5843700000011
144.80135000000013
1110.1241000000027
239.28867999999983
485.23521000000085
1346.9269399999991
414.85168
490.97157999999973
537.6093700000004
103.11047999999997
396.39188000000024
379.3989100000004
601.8384300000004
435.68695
1727.0758000000003
1439.175210000005
140.42659999999998
1175.6836600000006
199.65702000000005
1832.852789999997
262.6852900000001
670.0066899999996
253.62417999999988
176.95928999999987
996.2098499999985
353.0634899999999
497.97765999999973
687.7501700000003
1176.9319600000038
1103.3064000000015
