0
153700
148000
87000
25700
84600
39200
116800
151700
81500
149500
149900
69100
147900
147500
148400
148000
150500
150000
150900
153800
121300
152100
120800
11400
155600
7000
21000
152200
31000
149500
47000
160000
159300
83600
92900
105000
21200
7300
50000
44000
97000
65800
154900
108400
18700
136300
33300
153000
110600
36100
152300
156500
157100
149000
157200
124100
155000
154700
89900
154000
83100
158000
58100
157600
103700
47900
35400
105700
160700
16500
159200
158300
84500
25500
20700
9000
159400
43200
157100
137900
120100
11500
152500
149500
16300
42600
150400
153700
155600
154700
9900
123400
157600
116400
143800
154600
103700
155600
69700
150700
157900
97300
155200
98800
154100
53500
154900
40600
154700
155400
49500
158300
153200
160100
147100
23100
18500
159600
159800
153100
18600
79000
62500
30500
155200
125200
159700
154500
150500
17300
152200
34100
17200
152100
140200
156600
118300
157200
12300
44000
153500
161600
44100
161800
58200
160400
14200
45600
123000
58000
15100
112800
38800
53900
138400
152900
48500
156700
153500
150800
152100
120700
80600
64600
29800
65300
160300
157000
156100
126900
133300
151500
143500
110300
88900
67700
154200
43400
154100
152700
18900
52400
18900
94000
157600
56700
155400
90600
154000
73800
88300
156800
155300
156400
138400
154600
154800
79400
156500
41800
109200
158900
90500
48700
158100
155400
127900
138500
150900
150800
19100
148200
154100
95000
159000
94300
156800
161700
144400
153700
154600
37700
52200
152300
154000
30000
126300
31000
156400
112700
151100
102700
136900
57200
151900
93600
38200
10000
40000
156800
98100
79500
156600
98300
151700
102300
151300
23400
154900
121900
154900
134500
8200
152400
152400
157000
99800
2900
154600
119700
154400
157700
14200
44700
153600
160700
46900
29300
122400
155400
37800
155900
153900
60800
22700
25400
73800
150900
158400
43600
152700
29400
158600
75000
27900
51700
154900
75900
55900
154000
22200
156900
151900
29600
152100
112800
28900
154300
102000
139200
137300
150100
156200
153900
80300
1600
83500
95500
158400
45600
76000
156400
21100
123600
38600
140100
155200
67300
150400
101300
109100
116200
45500
87800
94300
63700
154500
39800
153800
36900
153500
153000
133800
153500
32000
152800
154100
163500
93600
156500
153600
102600
155700
149000
155600
77400
29200
109600
48800
157500
92100
158000
5000
156000
156900
15500
109200
155100
15800
49500
88300
155000
155900
151100
156100
28000
156800
35100
151500
154300
48300
72600
152100
32200
58400
154900
95000
158000
22800
156300
151500
81900
153200
159000
7200
55100
154800
24100
155700
150200
153200
154700
150700
141100
151600
154900
157400
149000
37000
151200
115300
160400
153100
153800
19500
110500
78400
156200
157500
20800
48900
154500
152100
150600
88500
155500
45800
158100
162000
153500
154600
153600
155300
47800
13500
162000
159200
157700
18100
18400
23200
159800
152300
152600
153200
25000
26300
149200
150900
31800
150600
133400
157200
151400
158500
95300
150900
147200
156900
130600
14500
150300
150000
17200
151500
8700
95000
53600
28800
17000
162900
38500
70000
84400
157700
65700
154500
10800
159500
69100
158200
159200
158300
128300
152200
22300
155900
148500
157300
30100
126100
156300
155500
58600
136400
34500
26700
111500
154800
159200
21600
155300
160000
153200
152600
158100
11100
155700
48000
38100
149900
57400
51000
4000
122500
17700
152900
39100
133800
154900
154000
48700
125400
152100
13700
3000
35900
160100
29200
90200
93500
2100
52600
165200
159800
7000
40600
42100
9300
158900
32200
119500
123000
44500
83300
158800
47600
161200
160300
150600
153700
160400
95500
157100
140600
159500
99900
8900
25300
44900
28300
43800
160400
159100
157100
11000
31900
53000
23400
13000
136700
159100
91800
106900
152400
131300
88100
80900
154000
62400
10500
6300
20800
119300
72500
41200
44500
38500
160800
162300
159100
54300
2100
110200
160600
95100
44700
84500
156000
121800
94700
104500
7300
52600
67600
162900
109400
4700
137500
152500
79900
153000
11100
159600
66200
66300
25600
152900
160000
49300
58100
162300
14600
84700
61900
18900
18700
136700
59600
52600
162900
24300
157200
63500
43500
156400
160600
32200
156700
156900
132300
156800
87900
122200
165000
106700
159000
129700
47300
159900
20000
85700
64100
40100
6500
85600
56900
32400
153300
160500
156800
53800
27000
14800
132600
78700
136000
129600
24000
85800
8300
5000
112000
50900
56500
158400
34200
149400
160000
92200
162700
94000
157300
108400
27900
161800
143900
97200
155300
30200
90600
62300
159400
27600
108800
91600
148100
163100
42100
69300
154400
153400
102500
117700
15100
154700
158200
108200
157100
11100
164000
62900
159100
158900
126300
48500
42300
166500
39300
108600
153900
58700
46500
25500
94000
164600
39400
96300
13400
19600
153600
16500
43700
106400
142200
164800
77600
152800
157900
61400
128900
11600
11200
109300
161800
124300
159600
110200
45400
158700
50000
164300
42800
8800
45900
15500
161500
9900
131200
154100
104600
7800
71400
80900
26500
68600
37000
39600
156800
154000
33000
39400
103800
160500
112600
55300
157800
153400
152200
31400
122300
64300
14200
61500
39000
85400
156000
153200
95400
151900
13500
155300
8700
152100
158100
82900
103700
152500
153700
161900
19300
66800
9800
165300
57300
107400
88200
90100
114300
98300
79000
126200
65400
154000
143100
48500
159300
154600
154600
150300
52500
156600
153900
156100
156000
83600
158000
45100
156100
20500
20100
86700
157900
48600
19500
65100
154900
157300
46000
116900
34700
156200
93600
81000
156800
152300
14300
19900
73000
149600
161800
165900
136400
159600
152900
56300
20400
158500
80500
55800
20900
97000
154900
76400
25500
22600
33000
160500
31300
156100
159900
28000
156100
162100
153100
149700
91000
91500
157600
156900
161800
157700
101400
157900
103900
111200
159000
87600
161100
91700
133700
155400
71800
62300
56700
92800
106200
12200
159200
158700
60000
150500
158900
60500
44600
57200
159700
125700
157100
146900
161300
157000
157400
159400
158200
155600
157700
5500
158600
156000
156800
159700
66900
156400
13700
8700
69200
25300
157600
35600
75500
88200
157500
84100
87700
33600
18800
167900
39200
61200
14300
17700
121500
72500
91300
138400
68800
92600
16900
120100
125200
23100
163300
162200
101500
10400
83800
156600
54400
164200
164400
29500
166000
156700
131000
153600
6400
123300
20600
96800
11600
28300
154300
83800
153100
88900
136500
5500
24300
14100
32400
31900
152700
158400
148300
46600
155000
151600
162300
156700
153800
48600
121900
132500
153400
20100
152500
29700
156300
159900
6200
104200
149200
158400
19600
157200
18800
163300
10200
32700
28600
154500
101500
6700
66300
5600
173400
52500
87200
124000
48700
51000
26300
22300
39500
31400
22500
6300
29600
55100
58800
24100
31300
45000
57900
39900
67100
143800
12900
52100
88000
35200
54500
25800
87200
19800
60300
66700
55400
41800
69400
89500
48900
51000
51700
99800
159200
50000
62400
117900
59800
96500
37200
19200
172000
144600
18300
50700
134800
139400
68100
26000
8300
158800
59000
6600
11600
139000
40200
39300
52900
99200
130600
8700
102900
70500
23500
39500
22500
99300
12700
46700
54300
164800
41300
25200
20800
20200
88600
159800
5800
67200
159300
14600
1800
142900
58200
83600
5000
9400
12400
119600
170900
104100
36600
127900
158500
38900
108200
118200
79100
57900
108900
41900
50300
113400
49000
54600
38500
11600
164500
114200
37600
24700
103900
9100
69000
69200
126800
100800
89600
28600
78500
67900
69500
25200
49400
90700
41500
43300
62400
157900
9700
23000
114900
132400
102600
50300
108900
20400
140900
50800
51000
60600
37900
36700
6000
11500
172700
8500
34100
123800
167000
17500
27800
29700
67000
41300
71300
143600
55500
42000
62400
165200
29600
33700
170800
79800
77800
165500
21500
10600
136400
27700
13100
48400
6900
91600
108200
47900
134600
28300
46500
122800
5200
32600
119400
104500
140400
114500
60300
174000
91000
163100
21700
137700
159800
157700
79300
19400
61100
1600
116200
71200
72400
53800
95600
14200
167700
104000
172300
12400
65400
163900
171600
75400
73800
6400
83500
62200
106900
152700
24200
9500
29500
24100
166500
22000
14900
124800
59200
31100
166600
165200
76200
70300
16300
21500
166800
55400
23500
164400
38800
163100
127100
123700
168500
161600
31900
4400
41400
46100
133600
52200
57400
158100
170100
165100
35100
169700
87100
29200
171400
85700
56700
16500
142100
96800
37400
49700
39800
164400
33000
66000
30300
43800
169500
21100
164000
166200
164600
40100
170400
29100
49400
33200
7600
50900
33000
22600
93300
32700
19600
15100
167100
165100
17000
137700
62400
163000
75800
10500
149900
19800
165400
34900
63100
31100
96600
44000
9400
55200
89400
136200
20900
116500
7100
159500
165300
7700
91100
22300
94500
95200
173900
163000
102800
57300
58700
70100
177500
176300
115900
27200
167800
173600
59600
33400
133100
22300
8800
136000
7800
154500
99300
59300
79200
91900
25600
116900
153200
66600
22200
171500
42200
74200
23900
29700
183400
43500
154800
4100
4500
63100
135700
61000
21100
4000
27700
53800
96600
163800
163100
167900
60800
62000
175400
173000
25600
16100
69100
143300
14600
46400
168600
170900
170600
15200
40100
170800
100400
112500
109600
169400
40100
40600
172200
86200
129200
99800
180200
30200
44200
45200
104200
78500
153500
83400
67200
89000
84400
33800
77500
67500
35700
11000
171500
40100
90800
13300
6600
47100
61400
17300
19500
177100
169200
168300
63100
25500
16800
8300
45300
13100
179000
174200
42500
7500
80700
16700
64100
119600
4200
62000
8800
7200
25100
12600
111600
149700
159800
13600
91900
65300
111200
162400
86500
12900
2300
72300
25300
60400
41700
3700
57800
11300
61700
51800
35500
169900
72600
90500
158100
35800
110200
98600
107700
14200
8900
27800
17500
125800
56800
15400
170300
71600
75000
93000
165400
154000
57000
163700
174800
163400
42900
39100
4700
14900
16000
29900
22200
36900
28000
5900
24200
6900
13700
45300
7200
33400
165100
22400
27300
168500
72300
115600
5800
17000
16600
129800
10200
68700
64100
70500
87200
15000
167400
4100
18800
168800
9300
81100
34400
4500
50300
34900
12300
22500
40100
47300
23600
80000
120100
17800
17200
52100
174700
10400
6600
164900
7100
11600
77000
108200
38800
41600
67700
99500
24300
27700
8100
6500
29400
161700
62600
14100
23000
32200
17600
20200
53000
34200
83200
74800
19900
16100
5900
157200
25700
66100
46200
150100
98700
70700
14700
140700
4800
6500
113400
62500
62300
113400
137800
79100
6300
11500
56100
6900
26300
45700
87800
81300
86900
45100
14400
19300
78600
8600
14700
4900
19800
43000
16200
70100
44500
175000
60900
4800
34500
62800
54600
10400
23400
110500
9800
28700
104700
24700
102700
61400
73500
40500
4500
7600
20500
84800
25600
24300
8500
40500
139000
11800
6800
30400
14000
50300
15600
32800
118700
31100
109800
128200
11000
180500
60800
5500
12000
155200
96600
41000
35300
156900
19500
28700
166200
27100
28800
24100
36900
14600
74500
117200
102900
16500
30500
26600
53400
129000
3600
38200
14100
87500
79600
28300
8400
21700
146500
5200
14300
14000
189000
45900
14400
23300
167400
59100
55300
82400
43400
15300
155100
133200
29300
84200
138400
144800
101000
32400
11300
64000
46500
135100
22900
16500
14100
135600
42900
8200
55200
38600
52100
15800
72300
135900
3500
99600
179000
18600
127600
18400
3600
89200
24000
23800
55700
89500
10600
51400
50100
97500
12700
36000
19500
64300
147000
38400
22500
11500
12900
165100
6000
9000
98700
98200
119500
98800
69300
19200
74100
78600
186700
25800
46400
134300
139100
22400
72300
12200
49200
35800
86500
17800
4600
33300
129900
17400
12700
18100
15300
115800
7800
37100
125800
4700
98400
157800
66800
80500
162200
24300
67300
19100
29100
109200
150900
24200
53600
27300
47700
42900
35800
17400
44500
31200
48400
35400
39100
6700
88000
160900
27600
85700
13500
86800
19900
57500
169800
31500
68200
53400
5000
36300
24400
69800
49400
151800
165200
5900
132400
16800
164500
29800
67400
13400
12300
134400
19600
26300
62300
98700
116700
