0
-1.07427
-1.03764
-1.06342
-1.03324
-1.05832
-1.06964
-1.05253
-1.05225
-1.04078
-1.04357
-1.05945
-1.04719
-1.02932
-1.04019
-1.06287
-1.03717
-1.03953
-1.0440800000000001
-1.05548
-1.03537
-1.05342
-1.03945
-1.06774
-1.04079
-1.05504
-1.06321
-1.06312
-1.04467
-1.0484
-1.05472
-1.05026
-1.03023
-1.05153
-1.03359
-1.05652
-1.03646
-1.05744
-1.05607
-1.03765
-1.06195
-1.04762
-1.06305
-1.0457
-1.07003
-1.07015
-1.06036
-1.0590600000000001
-1.04865
-1.02676
-1.07623
-1.04874
-1.05072
-1.06019
-1.03884
-1.03185
-1.0640100000000001
-1.04557
-1.07399
-1.02595
-1.07461
-1.05127
-1.04828
-1.06742
-1.07671
-1.04513
-1.04016
-1.03859
-1.0419
-1.06194
-1.03524
-1.03763
