0
-6368.0
-6626.0
-6073.0
-6817.0
-6963.0
-7097.0
-7186.0
-6933.0
-7269.0
-6365.0
-6040.0
-7257.0
-6254.0
-6937.0
-6902.0
-6947.0
-7139.0
-7186.0
-6303.0
-6908.0
-6332.0
-6887.0
-6647.0
-7390.0
-7226.0
-6668.0
-6732.0
-6659.0
-7543.0
-6685.0
-7013.0
-7359.0
-6347.0
-6762.0
-6459.0
-7522.0
-5988.0
-7332.0
-6625.0
-7082.0
-5872.0
-6602.0
-6873.0
-6571.0
-6936.0
-7376.0
-6285.0
-6299.0
-7763.0
-7671.0
-6985.0
-7384.0
-6516.0
-6330.0
-7462.0
-6632.0
-6384.0
-6974.0
-6625.0
-6477.0
-6883.0
-7435.0
-7179.0
-7181.0
-6515.0
-6156.0
-6497.0
-7313.0
-6719.0
-6879.0
-6379.0
-7412.0
-6847.0
-7055.0
-6502.0
-6542.0
-6881.0
-7392.0
-6723.0
-6413.0
-7092.0
-6717.0
-6489.0
-7520.0
-7448.0
-7236.0
-6893.0
-6345.0
-6841.0
-7829.0
-7798.0
-6809.0
-7130.0
-7118.0
-7766.0
-6864.0
-6701.0
-7378.0
-6282.0
-6999.0
-6694.0
-7436.0
-6101.0
-7383.0
-7383.0
-6034.0
-6570.0
-6443.0
-6652.0
-7081.0
-6882.0
-6522.0
-7141.0
-7248.0
-7112.0
-7100.0
-6654.0
-6735.0
-6710.0
-6273.0
-7055.0
-7137.0
-6943.0
-7331.0
-7521.0
-7551.0
-6152.0
-6260.0
-6707.0
-7425.0
-6153.0
-6454.0
-6965.0
-7328.0
-7471.0
-6986.0
-6393.0
-7035.0
-7519.0
-7021.0
-7773.0
-6508.0
-7009.0
-6334.0
-7640.0
-7247.0
-6880.0
-6211.0
-6407.0
-6421.0
-7201.0
-6630.0
-6054.0
-6810.0
-6705.0
-7378.0
-7874.0
-6329.0
-7347.0
-7149.0
-6426.0
-6739.0
-7039.0
-7469.0
-7060.0
-6730.0
-6275.0
-7790.0
-7174.0
-7583.0
-6301.0
-7380.0
-6636.0
-6585.0
-6443.0
-7311.0
-6056.0
-7155.0
-7395.0
-7154.0
-6876.0
-8024.0
-6966.0
-7280.0
-6788.0
-7338.0
-6227.0
-6135.0
-7026.0
-7419.0
-6245.0
-6823.0
-6395.0
-6148.0
-7113.0
-6696.0
-6932.0
-6581.0
-6705.0
-6479.0
-7127.0
-7896.0
-7054.0
-7942.0
-6875.0
-6684.0
-7111.0
-7471.0
-7157.0
-6542.0
-6258.0
-6587.0
-6701.0
-7537.0
-7355.0
-6745.0
-6610.0
-6750.0
-5718.0
-7055.0
-6777.0
-6506.0
-7625.0
-6582.0
-7277.0
-7041.0
