0
-42.404025
-13.136285000000017
-18.334492000000004
-14.547235333333328
-24.08136233333332
-13.157805333333334
-18.38891185714286
-32.94321933333334
-28.214585666666657
-17.931951
-25.505595000000017
-18.319736571428578
-21.741719666666675
-21.647455666666662
-29.83971800000002
-12.913013000000008
-24.723490999999996
-14.863425666666668
-8.826120000000003
-14.8896
-14.409922333333334
-18.85651733333334
-19.484212333333343
1.2709949999999939
-18.312937666666667
-13.459537000000006
-28.97573200000001
-19.31435466666666
-10.223963666666668
-26.95697733333334
-13.142376666666665
11.612360523809484
5.150856190476193
93.72088066666666
-41.72907033333335
-30.071222000000006
-46.16890633333332
-18.195460666666673
-19.237914000000004
-16.899101333333345
41.64460666666665
-14.902678999999992
-14.894651333333343
-0.056061666666664234
-18.74373166666667
-14.386403666666677
-21.390284666666656
-9.564936999999999
-11.635468333333339
-12.72070899999997
-16.786402000000017
127.11043100000003
44.98246699999997
-11.410869761904761
-9.229221
-11.957123000000005
-20.90141933333334
-42.796161333333316
-1.8665956666666763
-13.398805000000003
-9.979856857142858
-20.97922466666668
-17.63080400000001
-11.103673
-15.207232333333337
-20.262436
-11.199982619047622
-5.4649913333333355
-12.656041000000002
6.347278666666669
-11.580993666666673
-20.217771333333335
-14.114897000000008
-16.1768
-15.985604666666667
-13.165893666666665
-9.118117999999999
-13.803214333333337
-12.723923666666678
-2.1441786666666744
-4.2143986666666695
-21.07778666666668
46.111058000000085
0.13259942857141738
-23.102998666666682
-24.21028
-14.130765000000004
-14.377649333333336
-13.186788000000002
-14.30233566666667
-16.68059033333334
-14.64019833333334
-14.996930666666664
-20.662882000000007
4.8513809999999875
-23.717466666666677
-9.663020809523813
-14.547264666666672
-25.522521047619037
-10.781142000000003
-9.998985999999999
-13.031465000000006
102.22472376190478
-35.56970999999998
-10.842290000000014
-13.187783333333336
-10.253277333333335
-0.7518255714285762
-12.744369666666675
-9.776120666666673
-27.14349299999999
36.68897741269848
-13.58082833333334
-21.62004966666667
-41.95714866666668
-7.561444000000004
-14.536205190476188
-24.691663666666667
1.2101523333333248
-15.501662000000005
135.6955433333333
-17.179538000000008
-66.08522533333328
-15.636062095238097
-15.823902000000015
-16.782888000000007
-40.44949533333331
96.71268199999999
-1.8592616666666615
-12.368757666666667
-12.63483533333333
-3.9868576190476146
-11.430905380952384
-12.921864000000003
-3.109113666666676
-17.314883666666674
-13.436374666666667
-24.783846000000015
-4.945565666666667
-19.749348666666666
-11.369839333333337
-20.416926666666654
-15.577433333333335
-21.34385633333333
-15.281602000000005
-10.508114333333335
-0.4894890000000014
72.99087466666656
-11.737002333333338
4.854491571428568
177.5151293333334
29.413745999999996
-27.16630699999999
-6.698325333333348
5.2715073333333216
2.5196699999999788
-36.22932333333333
-17.253029333333338
2.3710409999999955
7.347625333333321
-13.836922333333337
-19.629282666666665
-12.673296666666667
5.299779333333334
-13.408870000000004
-21.31324166666667
12.08071033333333
-14.699079999999999
-8.183249333333332
-22.642855571428594
-14.945922333333332
-26.017723333333326
-25.881914666666667
79.06221609523809
105.09213004761908
-20.217793571428576
-31.54784333333333
-21.122113333333342
-7.449548333333335
-22.993483000000026
18.511429999999994
-22.398645666666674
-10.932143666666667
-14.65058066666667
-27.612820000000017
-8.540898333333338
-23.27848290476191
-4.607328000000003
-13.937066
-51.05579699999999
-22.17196000000002
-6.8239388095238125
-7.977232333333335
-29.213580333333333
0.2231509999999961
8.421478714285707
35.81028038095236
-18.324718333333326
-20.151502000000008
-17.76193200000001
-21.463757000000005
-9.235035
-15.010736000000001
385.44577800000064
390.10740066666636
-13.266210000000003
-21.978876333333357
-16.912307000000006
-14.908550000000009
-21.889110000000006
-23.067411333333347
-13.706042761904762
-13.316122666666669
-19.329751
-12.836516285714294
-38.12219433333335
1.657552666666661
2.9165443333332925
2.3840699999999986
-13.104502476190477
-24.700867666666674
-9.570045666666669
-34.58044933333339
-15.971655666666683
9.287418999999991
-8.947238333333335
-16.83006666666667
-12.67719266666667
-16.45217333333334
-23.745212000000002
-59.050172999999965
-21.755264
-24.92549233333335
14.376840333333327
-37.00842176190478
-23.51425166666666
-13.236288
-29.311253809523837
-6.362865666666669
7.877880666666652
-37.1694806666667
-25.929595666666668
-12.778041857142858
-17.742131666666673
-9.482799666666667
-20.509270000000008
-10.224777428571429
-20.17510433333334
-7.280880000000003
-14.340659333333337
-16.150408000000013
-19.379003000000015
-25.079105
-10.849403333333335
-18.222058666666666
-28.46413800000002
53.2803956666667
-10.325147000000001
-15.233937000000008
-32.733630999999995
136.6247554285717
-19.324912
-11.988541000000005
-14.251969000000006
33.59416533333333
2.668005809523809
-17.97676966666667
-13.30483000000002
-16.050624000000006
-17.460629333333333
-13.346847
-20.040545666666677
-30.219821999999997
-11.022038476190497
-13.697551666666673
-10.159188952380939
52.493903333333286
-17.005648333333333
-29.413863
-12.138975
-14.632282142857154
-24.872749333333353
144.5244623333331
-13.204501000000002
-23.062030000000025
-9.62467466666667
-19.28823842857143
-15.453418190476194
-18.394777333333316
-12.773915000000006
-14.164905999999997
50.31060899999998
-11.956563333333333
-10.406961333333335
-15.212347000000007
-39.8816006666667
-10.614659000000003
-19.183829333333343
-29.264455666666688
-13.962259000000007
10.785384999999978
-16.423931333333336
-6.224212666666668
-16.01700433333335
-5.910844761904765
-15.581364000000006
8.75130366666667
-10.89786766666667
-23.062157666666675
-13.842704238095243
-9.413162666666667
39.18009633333332
-17.892563333333335
-8.584057000000001
-9.259414
-43.52476833333333
30.889022809523933
-3.0666856666666744
-14.737743666666665
5.885579619047606
-14.281580666666672
-16.080244666666665
-40.10496500000003
-3.7541226666666674
-30.46837166666667
-14.055528000000002
-18.641754000000002
-19.17624866666667
430.24372333333264
-11.674718333333336
-10.148465333333336
-14.255774333333344
-13.138539333333338
-10.558640666666674
183.00425733333364
-13.759711000000006
-5.515038666666669
-16.273445333333335
21.868510666666655
-15.462929666666671
-20.836748999999994
31.493765999999994
349.2925893333329
-10.614946
-18.079206238095235
10.930468999999983
-18.919799666666677
-39.22761633333339
-14.257142
-9.448174333333341
-15.966290666666675
28.49897266666665
-14.946389
-43.43205266666672
-14.60732666666667
-12.87384666666667
-14.083220000000011
-13.623505333333336
-7.375844000000002
5.331100999999995
-19.183864333333347
-27.349588999999998
0.2940573333333436
62.31557133333324
-17.787850000000013
79.32184938095241
-34.17585233333335
-22.630164333333333
-10.383380666666676
-55.56414733333335
-16.537484333333342
-49.862020333333305
-6.237167333333335
-15.557442666666669
-5.016052333333335
-14.799884666666665
-54.54599004761904
-31.54460966666668
17.465835333333317
-13.658501000000003
-32.13114300000001
-1.751232000000011
83.943286
-20.25420466666668
-14.829841285714288
-38.0267216666667
-7.045247666666668
48.776693
-10.941137333333335
-14.34046166666667
-28.928661666666677
-8.964171333333336
-14.680792999999996
-22.66254566666667
177.84855100000007
92.06507852380955
-10.986584
-23.920617
-11.848835666666668
-17.304562333333337
-1.8332370000000016
-24.936880000000002
-34.870025
-19.845885666666668
-35.47193333333337
-24.75642066666667
18.72501266666664
-10.512074666666669
-13.890578000000005
-26.25550066666665
-12.014400000000004
-10.442412333333335
-19.693921333333343
506.2993187142857
9.588584999999997
-12.005089333333341
-17.076995000000004
-30.98621433333334
-19.245720333333335
-15.036444333333336
-28.127433333333336
-34.32646333333332
-13.591582333333335
-10.276932000000004
-16.95617666666668
-7.755488095238095
-13.204803000000005
-10.039243666666666
-3.585236000000001
-18.062382666666668
-18.204077
-6.857725333333336
-26.85115433333334
-6.192816666666662
-15.998344000000003
-15.456757666666677
-14.172078333333337
-21.373086333333337
-4.120704999999999
-31.773281666666662
-15.260784
299.65875799999986
40.37180099999997
-10.510328
-7.562982666666668
-13.272184333333335
-21.01927776190476
-11.236354333333336
-8.311364000000001
-17.810243
-11.378209999999997
-15.909835666666671
340.26092219047683
-11.371221
127.77759499999999
-20.832368666666667
-18.828684666666668
-10.330269000000003
-4.407328095238098
-22.327865000000013
-18.447966333333337
-27.066734047619054
-36.98421966666667
-21.320667000000007
-25.798479000000007
-17.259881523809526
-17.546759
34.972289999999944
-18.658505000000005
-18.710916333333333
-22.048874666666666
2.6068639999999927
-34.90077477777778
-12.25814333333334
-20.361686666666653
-13.226996333333338
-13.004326
-30.73655633333334
-20.14669300000001
-8.549719523809525
-16.944126000000004
-4.359244190476195
76.09259395238107
-25.854121
-13.378102000000002
-10.703085000000003
-35.97167400000001
-18.744272333333328
20.783772000000013
-15.444102666666668
-1.374889666666681
-47.3596996666667
-14.397892333333338
-14.904593333333331
-7.879873714285715
-21.30467333333334
-0.9112296666666713
-18.037104999999997
-22.27594761904762
-13.761092000000003
20.970567333333314
-12.093367333333333
-9.85826366666667
14.592442333333336
-24.06946466666667
-4.985488666666667
59.1728826666667
-4.653676333333335
-16.490089666666655
27.23061599999999
1.059866380952375
2.868334761904745
-10.186152666666667
38.71758785714289
-11.580471000000006
-21.17322238095238
-17.94032200000001
-14.63126090476191
268.4212099999998
-13.803619333333337
-17.360388999999998
-1.793272666666669
-7.943248666666668
22.67884099999996
-22.86736266666666
-11.856448333333336
-16.470303666666666
-14.167703333333343
-9.883963333333334
-1.3274055714285897
-10.638085333333335
-19.932095666666665
-6.587968904761924
-6.004131333333346
-34.64651166666668
-19.183158
40.89352566666667
-38.24066766666667
44.95579766666664
-9.679159333333333
-13.621215000000003
-24.61823223809525
17.87894866666668
-11.160280000000004
3.278283999999986
-19.24263666666667
-16.05381666666667
-18.42928366666666
-23.635701000000005
-7.336852333333338
-15.716008666666665
-3.4905913333333385
-3.433114333333338
100.63976366666661
-10.593507666666671
220.9729159999998
-12.131596666666669
-10.346925666666671
-36.04917433333334
-4.790023333333347
293.1330560952381
-13.62527904761905
-15.848448333333335
-15.299024333333344
-10.770838333333336
-17.722131333333333
196.01884290476207
-9.198037333333334
164.7296052380952
-5.235274000000002
199.21893466666694
-9.157184000000003
-1.5192266666666674
-9.489968333333335
-9.940606333333333
-25.366807523809538
-4.0587313333333395
-22.470093000000013
-15.333699333333335
-14.222144333333334
-4.644881333333346
-18.307526666666675
-13.759738666666669
37.472164095238135
-34.073948
-8.271688000000005
17.482274000000015
-30.020498000000035
-13.819639000000004
51.65190580952373
-16.859308000000002
-8.448792000000001
256.6111516666661
-14.259996000000001
-20.03213833333334
-5.298915000000004
-11.385724
-3.213787476190485
-22.539563666666655
-21.700543333333325
-13.460626999999999
-15.324661999999998
-0.18932833333333177
-8.430178000000012
70.99663800000002
227.07184666666612
-9.332016333333337
-10.948916
6.558741999999999
-9.350029000000001
-8.816148000000007
-9.568254079365085
-19.100759333333336
101.75936233333321
-13.028050333333336
-18.005531
-20.10840566666667
-8.712768666666667
5.361139333333342
-11.846509333333344
-24.688437999999998
70.12131166666661
-34.52438309523807
-2.308167333333335
-45.976653
-12.633238333333335
-15.137665333333336
17.415179999999967
-17.025220666666677
-13.127677
6.631872285714283
7.635701999999981
34.161675000000024
-9.893028333333335
-13.959225666666676
-7.211007333333335
-14.912220000000001
259.7676916666666
40.87481866666672
57.48330352380959
5.097636333333336
-22.624632666666663
-10.544425000000004
-25.158449333333337
-7.3708386666666685
-2.1862669999999955
344.7876146666657
44.09267988888886
-21.375793333333334
200.67505933333356
447.8310783333339
318.6237103333339
-0.22399200000000796
-39.041115666666684
36.39534033333334
-13.378809000000004
-26.60725185714288
-13.235670666666664
-15.746933000000004
-12.988832666666662
-11.192589666666668
-33.91925499999997
42.81154680952379
-5.833455999999999
-9.630326666666676
-16.595452333333334
-13.126249047619048
-22.257687333333337
-8.315386000000013
-9.966666333333336
-5.792083333333334
142.3440223333332
5.942300000000001
-19.217343666666665
-3.465763333333338
155.8877926666666
-11.077831666666668
-0.9661880000000025
-16.405756666666665
-16.598046000000004
8.171898000000002
-13.80253933333333
-45.61092299999997
10.78849633333334
-23.012396999999996
-13.335024000000002
6.721890000000006
47.20375833333328
1.4263239999999895
5.9584468571428415
-17.24591466666667
-23.915899857142854
-11.818910000000006
-1.6710136666666773
418.1958389999996
-8.64643766666667
176.93303366666686
117.77840666666673
260.8315896666667
438.99085423809487
400.5766653333327
-6.7516593333333494
220.7526039999996
626.2009049047628
26.020745380952327
74.77411066666654
-17.00115566666667
-14.061278333333341
-12.771926666666666
350.76932166666734
-1.7728510000000104
-16.866491
-9.170754000000002
-10.958189000000008
-20.876416666666668
-5.375397666666677
-17.20617633333333
-10.89171033333334
78.84665033333333
32.273685000000015
200.63662666666664
-21.991521000000038
-13.079172000000003
-5.986600190476193
-11.786813000000002
119.07609966666664
-18.810126333333336
-11.258638999999999
8.229137666666636
30.85870966666666
-24.392606
-13.100795666666668
-9.295829333333334
10.857829
73.58984299999999
-17.845585000000007
112.32468366666671
268.46302099999986
23.39570199999997
-27.77480866666669
559.1600279999993
70.57232361904771
489.72190233333276
298.49845166666785
-17.66723
70.773356
363.0915933333336
23.110578999999948
-21.74946499999999
4.240881047619054
-15.33818933333334
-19.482038666666682
-30.088624666666668
-21.549370000000014
30.834980666666556
-14.96879
5.135748999999989
-15.529159666666661
18.65451233333335
-18.98861333333334
-19.569604666666674
-17.223316000000004
-16.783961999999995
-34.49720366666667
177.69750166666657
396.3567543333336
-3.961097333333334
30.32099033333334
-15.098176857142857
227.5091659999999
58.24719185714283
-10.39617366666667
-15.238541000000003
3.4090510000000025
-21.648774333333336
-13.018728000000001
-13.803366000000004
-12.928993666666667
-12.950569333333334
548.8331873333326
132.65001199999978
175.44035385714267
335.64056733333297
-11.55553466666667
-16.756818333333342
-15.911584666666666
479.321473666666
508.82081166666643
-11.813445333333336
495.81811266666745
19.049543476190472
123.88411433333327
219.59502666666683
156.7741643809521
-36.10759599999998
-12.493128
68.74487466666672
243.78181566666714
115.00265852380952
3.920009761904753
-15.006684666666665
502.82895333333244
-31.90854333333333
25.556730999999967
-10.249666000000003
-35.96010047619047
-8.15040333333334
6.300706000000009
-16.092573
-32.89555066666665
375.06872999999945
-12.618784571428572
-11.671621666666674
-18.975973666666665
-24.908086666666684
236.21873499999987
-2.8932583333333324
20.7409493333333
250.32172799999972
-10.599327
-3.17342533333334
13.163623999999983
-11.020527999999999
-31.824527000000007
297.6048836666665
463.76862819047625
-15.270621000000009
338.36083033333284
127.44970366666675
-8.85870666666667
11.143283333333365
-10.096331000000005
-31.0817246666667
-9.032456
-24.066500666666638
3.692903238095239
-12.299673333333331
-16.997007999999983
-9.686590000000002
-16.06003966666667
220.8206671428573
-9.075455666666667
-18.180132333333336
-23.33904533333333
-9.662668
558.9468443333332
304.65633866666667
146.38475633333312
-11.866369000000002
-46.20404966666664
-27.07653600000002
-12.923198000000003
-9.558826
393.8093643333324
-15.779058000000001
-28.421076666666664
-21.383308666666675
-14.790237333333328
45.059613666666664
413.65548333333356
-23.659403333333326
108.79618771428585
-11.97809366666667
-11.219509333333335
-13.70352733333334
21.575919761904757
268.2105088095239
179.42743628571407
-20.80231223809525
31.297668666666695
242.36465600000008
-13.726165000000007
-20.723261
610.1045663333339
184.77550476190473
-15.455679666666668
-74.43945166666676
497.6240018095249
6.896401666666675
-18.131233333333334
-31.676691666666684
-13.34308861904762
334.87531333333345
-26.567944333333333
-5.14869966666667
198.62981866666658
-33.34441366666667
568.9050962857151
-15.803035000000007
-4.9281863333333416
282.0001710476189
-21.539468999999993
85.40684466666671
-14.553571999999999
116.74874090476179
27.090608380952396
-48.26458466666664
528.4378171428563
68.03298466666672
-36.72418799999999
249.57553
324.5911909999997
-9.142755571428568
-12.359301047619049
160.0002660000001
27.003858666666645
-15.60019366666667
325.88695500000057
-1.207108333333338
-14.91505066666667
-18.39710866666666
-7.310069666666671
-13.00978
-21.55129566666667
-11.476387000000013
8.19667295238094
-13.78462266666667
115.10468361904778
19.16662599999998
-47.319535999999985
3.7027719999999933
-22.98392966666667
2.929045571428565
10.701553333333326
590.4147388571423
-9.488916238095237
-2.2474570000000034
-7.576850666666668
645.6909959999986
408.3490480000001
467.2956083333327
20.605263666666687
274.0724093333338
99.89232704761916
-17.076162666666672
-15.590138000000003
-22.001113190476193
478.6997280000002
-8.649659000000002
-13.993495333333334
90.9957873333334
97.29655333333343
-18.42834833333334
415.56915066666676
212.1322556666664
-20.738274000000004
-28.47324266666667
407.52973133333427
304.79836133333345
446.50841495238024
220.91122700000025
-12.097313666666672
-13.542119000000001
-11.200626333333334
-10.887118333333333
-14.292647000000006
-17.938376333333334
523.5677772857143
-83.13382733333339
346.07712933333295
-7.676789000000005
81.50161100000015
94.16197604761898
164.14525909523815
-14.622857333333343
667.5350236666669
614.3195636666671
85.83686407936494
50.13846833333331
350.0166081428572
-12.526528999999998
20.174225666666672
-17.293936333333335
3.422738666666672
-19.70872000000001
37.463251238095175
-24.66265533333335
6.0153596666666616
361.9308963333329
7.87577533333331
-19.409359000000002
1.7730323333333065
43.98398499999998
358.4109710000001
77.58112333333328
-23.610273333333335
-11.837086333333335
-15.279241333333344
-12.832855666666683
497.1723996666668
-20.94466466666667
-24.34642699999999
252.22415333333345
-14.262066000000006
-15.267466888888896
-15.260849666666665
312.4266266190474
415.81153066666536
-15.94220466666667
-22.339702000000013
-20.96273333333335
-10.625996666666664
102.67267000000011
240.41733880952413
-9.814129619047623
-4.20095604761905
-12.047514333333334
-11.072008333333336
89.11403633333337
-10.573955999999999
18.27994366666664
-23.014812333333328
-22.879840333333348
66.85150566666675
-9.931410333333336
-22.50522333333333
-11.136408666666668
-16.908420666666668
-9.33840166666667
-13.394468
690.4394006666669
344.1802962380954
-10.826270666666668
60.81656400000008
-17.364949000000006
-24.63932800000001
-12.784508666666671
332.8152356666664
-13.517805333333337
-11.960688333333334
389.91900600000025
57.594978666666634
-31.386471000000004
165.22536095238092
-15.746081000000006
0.22853685714284588
-3.288894000000023
80.73548066666675
-4.450596666666666
56.864238666666644
-9.158647000000002
491.45431966666666
-24.260078333333336
-28.971337000000027
-16.024931666666667
37.7538603333333
-13.110960904761908
474.35545947618976
-14.306613333333331
-13.547435333333338
16.657341428571428
-15.103380333333337
239.7728316190475
-2.752738333333343
-10.759597000000001
-9.92990042857143
-8.148094666666672
-12.204765333333333
-2.434845000000002
-2.9410464285714313
-13.864187000000003
-22.203177333333326
-12.924776380952387
96.08212933333348
-39.2468873333333
-25.183558000000037
216.35866733333344
-5.179131380952381
-27.738305666666683
518.253997333332
1.7931366666666593
-9.057479000000003
-15.668576666666668
137.00982066666663
-19.802516666666673
-9.15738666666667
63.351517999999984
-19.742442333333333
130.83955633333338
-10.274640333333334
-40.520542333333324
109.75790933333342
-21.348201
-15.008248
271.0775979999997
-17.51563433333333
-9.990099666666666
548.4927216666662
12.824708380952389
-9.198150666666667
-3.4347664285714323
-27.47425433333333
553.2681916666666
13.563183333333312
109.29056633333303
506.0594230000009
6.583383666666637
313.2669744761903
-16.17498233333334
313.5433681904766
77.87826271428563
-15.482694666666674
137.8116849999998
5.913283666666654
-16.113797000000005
324.0723866666661
524.5290683333338
-16.907638333333345
566.3048693333319
-12.530081
29.208528000000058
-9.891794571428575
-13.783682666666666
31.965471000000058
24.77845833333333
-19.558820000000008
456.345740666666
-32.038097333333354
524.6089676666653
-31.086988000000012
441.12676499999935
-16.82986266666667
-12.315306333333334
67.11770633333335
507.2031123333327
-13.279843333333337
-15.167297666666666
-14.500462000000002
622.9213802380953
18.57723199999997
127.19451704761909
149.47052066666677
-19.265416666666674
662.176976238094
520.1129536666668
485.05108966666734
-22.379445333333333
-35.61878247619049
94.87061400000012
592.0020003333321
-6.455688000000007
493.94081519047705
97.19276033333337
-18.78339366666668
-9.405992000000001
14.041653666666676
532.1892998095237
-15.917432000000002
177.59482766666665
-22.348390666666674
558.1060263015878
97.03286319047628
-16.662035000000007
-16.967741000000004
-5.051095000000004
260.2278663333326
230.90651200000016
-20.783391000000005
-12.525021000000004
-17.290132095238096
13.30761566666666
-23.074837333333328
-29.820876666666653
94.06602633333327
-21.06791700000001
-4.080490333333335
-16.67222766666668
155.04136666666648
-13.549550666666672
-7.8479430000000026
159.16869766666682
55.038657
190.68871166666625
79.42149233333323
557.1011106666673
-22.15549666666667
434.2517759999991
264.4243858095241
-20.35205633333334
-16.672628000000003
631.6001147619033
53.73738733333348
-10.08460533333334
15.496544999999955
-24.858136333333356
-11.845400952380949
-6.311391666666666
584.2165386666665
-28.945328000000018
-10.240475476190483
-21.22796833333333
41.802373523809464
0.14522300000000854
-10.570844666666668
-17.034823
-42.26203542857144
332.9350563333322
-32.35500200000002
640.8964313333338
-17.113971000000017
3.8541996666666574
-13.112861000000004
141.66750199999987
-26.177007666666654
-13.434471666666672
7.4913613809523785
-4.39530366666667
-32.95725800000002
-19.57196600000001
628.1774352857138
217.2899860000002
604.4434883809533
639.2570476666671
197.1963734761902
-14.444197333333335
25.326325666666648
505.1445183333312
546.2275382380958
105.29866299999985
361.9974513333323
605.4731054761925
-31.562041333333365
-14.380190000000002
-33.99217066666669
2.9858049999999796
-24.326956
373.9843423333336
-16.064961999999994
-5.724640999999999
-15.30387166666667
-15.33138666666667
616.2586440000007
653.156616
-11.442602000000003
50.12988399999995
-11.345752000000008
611.7871140952374
8.97521533333333
534.6657943333333
-0.4485293333333398
-42.201466333333336
-30.440054
-9.764848333333335
562.0782086666652
-6.274683000000003
-27.433261000000005
280.3313618571427
-17.079377333333337
-5.6816203333333295
564.8485716666663
198.6589324285718
-16.13172133333334
-15.53326533333333
-10.748532000000004
81.09226599999997
8.526659333333312
548.8732209999989
68.15261052380961
13.30755333333331
154.34114200000005
685.4437096190478
12.35790066666667
-19.25751500000001
52.26738461904759
-18.728778666666674
74.41816099999996
-13.732953000000002
81.26900538095236
523.266291
-13.30827833333334
-20.42434933333334
-10.659568000000016
80.14972857142862
-6.941660666666668
-18.763312333333328
-13.631680333333337
2.3464753333333297
-30.63222233333336
19.093365999999975
425.2184803333332
-32.300952000000024
641.1184943333341
-9.420639
85.76827676190463
-12.966399999999998
-10.914341333333335
6.624391761904747
-11.337648666666666
13.362875333333347
-15.533193999999996
-20.64996233333333
355.22807290476146
-10.504458666666666
168.24399233333318
626.2875643809501
-16.804746333333338
-11.812416999999998
425.43609761904867
-15.634492000000007
74.112614
-9.875733666666669
137.37765200000015
28.948892666666612
3.6312903333333226
528.5520283333339
71.57976633333325
440.1223776666659
-10.93712366666667
313.71740447619135
-12.220372523809525
528.2578189999989
8.329244428571414
-16.421995000000003
219.11174242857157
47.60248466666665
290.4858975238098
-10.253079000000005
-19.433919333333332
-11.153235
541.031094
-27.104771999999993
-16.35672166666667
-12.689646999999999
-8.099849000000006
36.740722238095174
-9.373803666666667
7.8112813333333175
-8.118046
40.40982166666664
-12.878998000000005
62.439476000000056
93.695135
20.743528333333327
-13.074203000000006
346.6059466666676
-24.672006000000017
457.0686904285715
-6.829805238095245
-18.462932000000006
592.605292666667
65.32368133333333
107.7169376666667
-8.655588333333338
669.835566571428
-9.894485666666666
262.1069176666667
-32.606427999999994
-15.839556000000002
-15.418962666666669
50.22392066666664
-9.596185000000002
-16.67781133333333
17.114747047618998
17.248880666666633
500.3739371428569
567.9522693333332
546.1303270000008
-14.379962
55.73816799999991
-13.017050666666666
459.7764421428571
-16.036285999999997
453.29323600000066
-11.326098333333336
315.9902220000001
2.3832544761904653
-15.72414066666667
492.4670316190467
-18.185386
-3.3936313333333357
-11.927596333333332
-33.78782200000001
-13.746731333333331
393.7746871904758
70.30968433333341
-16.025422333333335
-0.24816333333333063
266.1729476666669
-7.811346666666667
221.37561233333358
-29.915506714285723
104.3756150952382
-39.221275999999996
46.038744666666716
14.181007666666634
-8.947646666666673
28.734197333333267
-26.037519999999997
-17.189441000000006
680.5275989523808
-21.722663285714287
-13.373291666666669
-15.668758333333336
667.9606416190493
-16.985633666666665
3.147983000000001
-8.820247333333334
-10.534925666666666
638.5531738571442
-6.698628333333337
454.6957555714278
-19.058118333333347
-5.627438000000002
250.33127180952366
587.0885349523803
-38.66667466666669
-4.128386000000005
400.6800603333337
590.2192730000013
-15.75821066666667
-6.861730333333337
-11.280766333333334
408.2023497619048
-8.61186466666667
-24.65897000000001
-15.715103333333365
2.6818593333333194
-30.658505428571416
-11.447334333333334
-17.308813619047623
-16.626033
-8.195136666666674
115.94719366666675
-8.48845366666667
421.37888766666646
544.5954049999998
-12.906869666666667
-13.548456000000003
-13.44344133333334
124.78942353968218
-3.2008876666666644
244.20349899999997
103.96568466666669
449.07705757142946
-10.999544333333333
160.47457752380933
260.059387761904
5.902194333333331
-24.13392633333333
344.01322499999844
6.96666666448742e-05
287.8977419999996
590.8567881904768
-12.088102666666668
-30.81874400000003
189.01878933333333
-11.632479666666667
5.621642999999989
546.1224926666656
-1.6903795714285819
-13.154070333333333
-24.230582000000002
10.534299666666652
67.16112699999995
-25.69982628571429
-31.984706000000017
0.3992336666666598
480.5018065238088
-10.459039
594.6620360000005
-18.673866666666672
-11.953481
394.7170662380954
541.7420476666672
-14.767160333333337
648.7792031904755
-11.281234666666666
-22.54218133333333
-23.266486666666676
-17.414197333333338
-12.762096999999999
-16.557878000000002
80.35149166666672
58.77217066666654
-24.86093661904762
-9.223854666666673
504.2950176666668
-8.042372333333335
637.7693307142861
-18.318070333333342
-25.889809333333332
-6.161894000000024
-12.160972000000001
36.86683133333339
-14.268438000000017
-22.865725999999995
-39.33083666666665
636.6324593333328
174.11912766666626
-19.267666333333338
418.4029806190484
476.75085600000085
25.883408952380936
-12.851478666666663
579.4628489999986
-7.4679246666666685
538.131864333334
528.6979109999995
509.1920747619036
-4.527460666666671
179.87160799999992
-37.985248999999996
31.29428733333333
-13.77425166666667
203.97168699999986
-1.6273036666666654
23.905020666666662
-7.724141333333337
587.6749499999999
309.5141446190483
-17.783244000000003
434.9713623333339
-18.509956000000003
-1.1090233333333313
-18.396728999999993
379.930854999999
-17.464094333333335
63.991505999999944
1.734287999999986
554.7151345238096
-31.790961000000017
-6.997536666666667
582.5502713333325
-2.993675333333335
-37.34145066666665
56.9192459047618
-21.001399
-13.838174666666665
388.66852519047467
309.7235137619052
-26.861129000000002
462.0553276666665
53.70891699999998
596.1602383333328
-26.49911566666665
-12.900173000000008
309.09131666666667
-4.374024857142871
0.6484226666666648
106.22158400000002
421.68604233333264
339.6146899999996
-14.811550666666676
-9.249705285714288
659.4701233809528
-18.304717666666672
-12.45994266666667
263.3254984761909
567.5733799999981
-4.747448952380953
76.48856000000004
-5.177032333333338
513.1896336666666
194.88441314285745
-16.74852133333333
1.0954099999999993
-13.302096666666671
-11.42694466666667
585.4278796666664
-7.259850999999999
-16.272611142857144
53.866322000000004
-12.000136333333337
441.8541086666662
-13.189741285714284
-31.17172133333332
71.17481766666658
-22.279253333333333
440.21747100000044
241.41840519047574
161.56016957142864
250.62023766666658
-4.430381666666667
-8.59648466666667
191.012635
685.9917533809519
622.1763443333334
-34.76108166666664
-31.566110333333327
-17.129280857142852
-18.239145999999998
-13.464688333333335
-16.993132000000006
318.732558666667
566.2347873333333
4.038270380952397
110.72258633333337
-15.686153000000003
545.7943632857139
-16.57030052380953
532.5780760000001
430.9280583333333
-19.02942814285715
-12.981846000000003
348.1866669999994
652.9157009523818
-16.826636000000008
66.02093500000021
184.8109093333332
-18.480761333333334
-10.86726166666667
301.833321761905
43.8844266666667
-20.783336333333335
506.9641027619053
1.119143333333323
-20.594213
-20.870967000000004
150.1092541428572
-11.29537966666667
13.079578000000009
-19.60357233333334
458.2571099999999
576.4873379523809
3.1769459999999956
417.0883116666663
-14.089486000000006
4.365217666666662
-13.899976333333337
-11.527764000000003
-15.436495000000004
6.930539333333318
-17.475971666666666
114.18397133333339
-4.360819666666674
-10.518354666666665
503.50762233333285
-9.617897666666666
818.0640812380964
589.1181309999996
468.749318095237
193.0907820000001
607.7947180000007
191.70639838095175
-26.30888033333334
591.654017
41.54175899999995
635.4526689999999
-6.736358333333335
342.0832676666672
79.85233309523825
-11.000006000000003
-3.9287290952381047
-12.307329999999999
687.5884543333336
17.255413000000022
512.0227263333326
350.34191433333365
598.7829010952393
-14.86722
-19.174306142857144
-14.397890000000022
242.23369014285754
409.710235333333
373.55141133333314
-8.264011333333336
-8.246434000000006
-12.751077666666669
-18.757054666666676
-10.705871333333342
-15.335998666666669
38.284112666666644
339.01499471428616
-21.185950000000005
642.5184157142858
-14.06444866666667
74.38674295238097
-8.26200666666667
357.64720966666715
599.9646859999989
173.6620366666667
-15.587242666666672
-15.451921571428578
496.6847513333336
-16.902354333333335
-6.937774333333335
-19.956208333333333
252.52351166666716
619.0486326666659
-26.29086133333334
-10.182035000000006
625.4761193333312
67.9651466666668
651.5289546666661
-16.059568
594.2149516666674
-10.833190333333329
615.3019048095238
604.1380972857129
0.9698221904761883
-16.468215666666673
714.6807352380947
524.1332639999996
347.43074933333304
-24.79437799999999
-17.949725333333333
562.0341373333347
657.7497606666668
-18.123710666666664
89.61844728571424
550.985501666667
-4.574973333333381
223.65338699999987
-14.377162666666667
200.8206186666668
14.074515333333334
-12.654484000000002
560.1344556666662
564.8236223333347
707.1903282857144
300.0104926666668
91.12176299999992
176.02479933333333
288.85679490476184
403.7104839999997
52.438530095238065
78.7798146666667
-4.926457
-19.466839666666672
535.8209189999983
3.0278713333333194
55.95852633333331
711.8866906666664
-9.54395833333334
113.42173566666648
529.825000333332
383.123824999999
497.8241116666652
31.915182333333327
3.145711000000004
-13.629197000000005
-16.103831
-29.861749000000003
415.0353243333328
271.39802961904775
-3.4777693333333484
-16.315195000000003
-12.290553666666668
-16.590370333333333
548.1700560000013
-19.431592666666674
57.45046233333331
612.0911655238098
614.8260083333334
-0.8949956666666625
66.28458876190496
680.9174470476157
-29.388134666666662
592.4737683333334
-28.38074733333335
268.97314447619055
-11.343093047619048
49.27182699999995
605.3446112857118
634.258529476192
419.0856140000001
674.8416268095223
23.204441666666664
5.066668333333335
561.0137909999991
590.1462513333328
559.3911590000009
-14.050081000000004
98.4335586666668
680.0940296666665
326.1301936666673
-10.63240966666667
651.2244156666678
64.80302790476189
643.0749016666658
259.5936053333335
615.8702580000007
-12.14580833333334
29.48727933333328
270.65639880952324
357.10860323809453
655.9192859999996
261.9225819999996
172.67093771428597
129.80020833333344
603.5128993333319
120.26191052380943
606.4191520000006
753.2199869999997
550.9133362857134
-14.18845166666667
-16.317238333333336
325.55417499999965
581.618621333335
-3.3270003333333396
583.905618
230.7102604761905
17.106935095238075
116.65793033333327
75.70907866666673
566.0395321428575
-10.542849000000004
21.230132999999995
250.3637973333336
704.8754316666679
0.18560499999999114
-9.879120333333335
-12.234454142857146
-17.027906904761906
-24.965924666666666
-15.670879000000001
707.5074562539686
316.65480447619
103.28600244444442
-12.53645
658.1375773333327
211.42920671428556
251.91443628571412
-12.937299000000005
-16.22989666666667
47.00547433333331
-6.61549533333334
-18.441946666666666
632.4075929999993
670.6150673333321
132.97019366666657
721.9454646666683
-15.852914000000004
-1.8674300000000015
608.0174776666663
675.0069603333345
102.27660414285711
538.9037229999991
425.15723133333296
-14.404964000000001
146.35216199999962
518.3969424285712
586.285232333333
-16.746803666666665
187.15135766666657
385.9429216666661
-15.322816333333334
-8.904061666666676
-19.364453333333348
-17.42289333333333
-17.812873333333343
-9.785223666666667
644.9092782380959
-20.209343000000008
47.48374266666665
510.55401857142925
-29.486544000000006
334.72786838095243
651.4204718095232
-8.74770266666667
558.939520047618
-41.79821066666667
-12.257145666666668
594.5171732380969
199.48946666666657
596.2173376666665
619.2725633333332
-13.483546333333333
612.9657903333334
716.5235973333325
613.980125857143
621.0334315238094
735.3710370000005
-14.440300333333335
613.8931403333322
517.5794686666658
709.3280777619051
638.0616743333337
306.22816833333366
463.3155272857141
649.6830690000007
-17.237752333333336
-19.716548333333336
15.43653599999999
639.8181224285711
139.41454566666644
15.566761000000017
559.2538379999994
-12.195432666666669
244.10722085714255
-20.91659233333334
663.9086020000009
-10.055792666666665
653.0123643333336
624.6534631904755
267.3540600000005
577.5090455714272
-18.85534866666667
678.4868981904765
585.1004796190467
427.1121046666667
-34.89900566666667
-22.105539000000014
104.5512834761905
-13.045263333333335
-14.981152333333338
495.7067025714282
-14.613480333333337
580.5962163333335
-11.821758333333337
-10.81684423809524
-8.266057
634.9731436666652
522.4419423333328
268.52934219047626
491.2922906666664
229.03619699999936
616.6794498095231
9.482989619047608
631.6610423333312
493.4538996666663
558.5937012380957
33.030907333333325
-12.330282666666676
715.3611996190476
126.1072723333333
227.50459233333382
389.81829733333313
-16.87846600000001
-13.204798666666663
-11.571861000000002
-14.883561666666672
512.1772023333336
242.9442166666671
295.01893066666656
-11.225883999999999
-2.4575989999999956
8.434348666666681
-35.57251066666669
564.2931246666664
179.53486042857114
636.2569636666675
451.6118256666669
740.987755666667
-21.522551666666665
-23.470921999999998
-13.392455000000002
6.393144999999995
338.68481733333294
741.7615600000001
617.9347506666658
-11.447814000000001
134.39947485714254
638.5203676666657
-9.252320333333333
410.019371999999
814.2103313333338
541.1392984761897
-14.897926333333332
-11.076547000000003
-19.706851000000004
-9.048485666666672
572.7687500000001
666.895454666668
692.3366561428564
-13.416768333333335
1.1586618095238226
485.7061566666669
255.07742199999961
-10.414988714285712
-17.930069
-25.103676000000004
136.83550271428572
-13.615205666666666
754.6302756666672
-26.258813666666665
-14.394206333333345
-32.12236233333336
-9.323405666666668
215.89869238095238
606.3174846666664
185.79428866666626
-2.6402123333333565
347.47866333333343
668.3551223333325
555.9946369999994
120.82056133333344
651.3809516666672
596.427645999999
-10.071589666666668
-21.050989000000015
574.8872449523814
37.21729866666671
-9.832242666666668
-12.858453333333335
-8.647863000000001
154.32346328571415
-4.186794000000004
488.9016848571426
-9.794206666666673
412.56533528571333
360.62372300000015
619.5788358095233
-7.304346666666672
33.903505000000024
-21.371338333333334
-14.723669000000003
587.3856586666683
-6.506366000000001
421.0014456666671
64.99370876190473
404.1420124761894
-19.379013
-13.625626666666676
-10.611249
627.6453143333325
-19.44519866666668
670.4163100000004
534.3556133333327
4.291834333333319
-12.894645000000004
452.25190333333256
214.957148952381
696.2979249999969
610.7872196666669
-23.692035666666676
-15.768291666666665
2.6437630000000123
-17.049447333333337
653.4253426666673
-16.292285428571432
-9.455164333333334
-17.961955000000003
603.1072209999994
-11.609507999999998
264.6765919047611
-17.527204000000005
-10.386470000000001
-11.112845333333333
578.8583713333335
-6.540005333333334
672.7499470634926
-9.481485476190478
256.95074566666693
517.4018954761895
-11.504068904761906
151.730458
-9.317912666666667
93.27186066666664
154.96669966666613
167.74466033333346
-23.84094366666668
321.7712526666668
-12.390696333333334
600.0076803333337
526.2399633809526
-21.85246066666667
195.2300293333333
580.8264177142851
546.3069776666675
-35.46601966666666
-29.37963266666667
-44.23135233333333
732.7064776666651
-10.553044333333336
-13.864647666666663
-13.261464333333334
-15.882094666666665
-26.716716000000005
-12.826565333333335
-12.193682
508.11417566666665
266.3771139999999
485.65302933333305
611.2172010952379
-15.254975333333336
324.63697733333373
-16.999594666666667
633.6872156666674
-21.992106666666675
224.24173014285685
-13.069551666666666
-1.0321246666666721
634.4132256666664
-20.855438000000003
-16.182526
102.96139033333323
664.0774936666662
111.0782690476191
665.4807453333343
-21.844815333333337
481.33454647619004
321.93568499999986
-16.30558966666667
-23.812359333333337
769.079290666667
222.7840172380953
463.27769133333237
535.1504016666655
592.9045273809518
81.48729033333342
523.5850459999996
569.5762696190473
503.77105466666654
245.16874333333382
541.8007026190483
552.4916758095226
-14.620034999999998
614.4300924761881
-8.067264000000002
585.7065353809517
-7.664487666666673
-35.65221566666667
508.88369433333344
-17.821189666666662
406.9432980000005
477.730349619047
453.57811042857156
-25.48817166666666
102.50837557142847
69.34693733333337
639.4073885238088
-8.719933999999999
609.3483794761897
32.299051333333324
362.59445938095297
20.717184333333332
-28.489294333333333
653.4593256666683
-15.18117
-13.068476666666669
698.9038000952373
669.7464603809525
563.3128884761907
-7.576016000000003
611.035956
-14.037442333333336
-7.938380333333338
-16.980746
591.3872966666661
-14.23933323809524
730.5920050000013
-18.64571433333334
632.1537123333324
-22.286591000000016
183.82974271428552
94.4393189999998
639.497847333334
-15.330963333333342
676.4039433333319
-11.416151999999999
400.2668273333329
739.906843333332
710.1710110000006
-17.943660000000005
2.4309236666666507
-10.534904333333337
-7.735858666666667
540.7656303333333
-28.03725861904763
-18.63665966666667
725.4522976666667
-12.378261333333331
-9.271664666666668
651.2656869999988
-17.609551666666672
421.97104233333283
586.2722090000001
158.83683799999991
373.5194306666658
-11.973497333333333
168.91986833333317
-6.498381428571428
595.6429844761888
-18.80827466666667
-13.561580000000008
-14.816405000000008
224.3311547142858
10.517184666666664
-23.375739333333346
29.502003666666678
11.208607000000008
657.2140999999995
-13.253151999999996
530.6680043809506
-1.7734514285714336
-11.130101333333336
427.73306933333237
-18.762203000000007
84.74189719047614
560.6980783333327
-23.292554666666685
-10.035643333333333
17.5095933809524
28.56560899999999
557.9199339999999
-16.377504000000002
-10.997394666666672
704.1259000952381
-29.20287600000002
50.21767085714286
-28.903254095238097
-10.05741566666667
201.4345410000001
-12.106200333333334
597.0560720000014
-13.738869000000001
685.084037238097
-12.58724595238095
577.0741290000005
653.1463256666666
33.68275357142852
99.56174914285714
598.0575517142856
-23.295511333333337
672.7504380000019
-15.569189999999999
544.4939156666659
22.14030099999999
41.42374466666659
-24.332525666666672
-29.043748666666666
98.15282200000014
599.7650599999987
252.73011557142917
696.8036143333334
261.327931380953
564.0279124285705
663.6049009999996
-1.9973196666666724
573.5306795714279
610.046956666667
-10.126083999999999
697.4857939999988
-13.433078666666665
-4.9190360952381
322.8413559999997
-25.305241111111116
433.7324263333325
-2.2296885714285737
615.4363589999984
-11.28438133333333
1.5125340000000027
385.3615279047614
530.7745784761908
-13.905352000000008
159.5869089999997
-13.252585333333343
-7.361751904761909
-11.96031366666667
567.1877998095237
-22.84825966666668
571.9102556666658
0.4482983333333279
698.5554643333335
-11.937534285714284
-10.720876380952385
29.55269633333327
461.8938680000004
595.0106499999977
-23.657702952380976
664.9963496666671
296.108171714285
600.1552389999997
212.81204176190482
-24.032294333333347
-22.199533
298.720258666667
-23.642646000000017
773.2106216666689
-17.08306133333334
631.3501186666666
-11.893801000000003
-20.683804666666667
-34.49738857142858
-1.5175596666666782
353.1521916666661
-6.960960000000003
-18.49224033333334
226.54674800000018
299.1638585714282
299.0963776666661
464.21469733333294
479.4090886666664
775.0163735555544
532.105720047619
652.2465420000011
373.01555666666724
378.4301593333334
67.58306966666667
668.6218163333319
-9.599774666666665
583.1281586984118
160.32354538095234
687.3127046666656
329.13924100000014
450.355045904762
599.5540793333336
648.4323623333332
359.1529698571421
-3.824351333333336
546.855574333332
-8.761457000000004
195.7580096666666
-23.78339200000001
538.5921770000009
618.9249226666649
558.6963503333347
625.9446899999984
574.3688766666668
-19.68728166666667
604.2533863333339
680.4170375238104
486.85789633333354
-13.624301476190478
-12.342859333333333
18.564190333333322
47.0947886666666
564.2891619999992
617.7030966666656
377.96684371428603
-18.81371385714285
-11.946056666666669
-17.27705733333334
529.2450501428557
2.4048043333333187
-9.826939333333334
-13.937664000000003
-61.752727666666665
479.0228406666645
639.0541620000015
666.118097333334
88.06292080952377
92.66685033333333
53.620803666666674
291.3373720000002
-4.383333666666676
736.085494000001
-21.977329333333333
223.4014186666669
110.3498433333334
-9.214151999999999
76.67962066666672
223.5785006666665
12.155176952380966
-28.52324766666666
-8.862835666666667
45.530708904761894
-9.29680280952381
-22.077151333333337
680.0159682380967
-10.44987266666667
675.9410833333347
-9.755116666666668
534.0537353809508
-15.384283428571432
-9.118662333333337
-12.874135
565.7623383333328
215.46009433333379
387.66091233333333
689.9894899523808
-6.231189000000002
-25.178096000000007
101.2769973333333
126.98267133333349
476.1797184761904
-20.101663
-20.326352999999997
689.1537279999977
654.6213266666671
217.15313366666658
716.0686256666675
324.65094399999987
-15.944987333333337
12.951780333333323
130.35433076190452
681.1477239999973
-6.439457333333348
723.0046160000015
92.91713233333327
526.834597333333
337.2357769047621
575.5584466666659
643.7172106666659
-14.795215000000002
-14.087409000000001
-20.447742999999996
61.631953952380904
-8.747853666666664
-16.615933666666674
584.5071333333315
3.8700621428571305
7.014081095238083
524.3648273333331
688.5734918571433
166.74032633333337
-31.863385666666666
219.21793033333347
-14.426137666666671
242.33455842857148
636.6583737777767
647.201491238096
-21.12092666666667
20.773216333333334
-21.04419466666668
12.63387133333329
112.34175733333328
-20.307032
209.8687795714288
-15.451678999999997
-27.338885
323.31261166666644
-13.24874833333334
554.7412016666658
-26.530595000000005
41.83137933333337
679.6128923333347
15.19562033333331
-28.489456666666698
629.6891649523806
516.5877223333345
-31.84596733333332
514.9303256666675
15.140760333333304
-21.804793333333347
172.09929814285707
662.6211057619054
-15.843583333333333
360.92331033333267
81.36801514285709
-11.557663666666667
603.9483239999987
273.8861053333333
598.0262232857137
-27.907481999999998
-19.44234333333333
-15.629460999999997
216.49257966666633
387.62052133333276
643.318609857141
-28.81669699999998
-13.867777333333333
625.075199333334
603.4624560000012
-9.207290333333335
-0.5946522857142904
-14.976719666666668
-22.279143666666677
-17.70478300000001
-17.474882000000004
645.2707719999995
-16.291333666666667
637.8341130000014
-12.789503000000002
293.1247096666674
539.6587509999995
-28.507862333333346
-9.413485
335.6303556666666
473.79792471428624
165.76936266666686
577.3091925238086
-27.35263000000002
386.83017066666713
662.902735380951
-12.057482666666667
573.5917460000001
679.5648646666654
-19.637005999999996
604.0366876666682
44.028108666666654
1.776817999999992
-19.353088666666665
-14.466606
-15.753972000000003
-7.0041516190476205
231.93307766666615
-15.708044999999995
-11.358511333333336
265.90279590476206
539.8852843333341
-6.498899380952379
507.25443833333264
-22.648988333333335
-12.860584333333334
481.3810919999989
549.9049743333353
-12.766119000000003
-16.314864333333333
603.0638294761889
176.89578052381
275.8962259999996
93.66082533333346
-26.792867999999995
664.4249276666663
-19.047809000000004
19.73915066666665
-15.655057000000003
-7.972757333333335
158.54721200000017
543.391652333333
-12.661260999999994
664.9120753809525
626.2047369999984
675.6738239999992
-26.59047933333334
-13.134765333333332
284.40339099999966
673.9735993333333
-17.663553333333333
521.450343
30.81689795238093
-16.0972
686.9271039523816
117.35546542857162
-8.243697333333333
658.60156
-11.627797666666671
706.4866059523798
-11.232040523809527
667.5307553333317
593.2306543333333
-25.45636066666667
221.824125333333
-16.25204466666667
272.46542799999963
339.86922200000004
616.702988666666
-11.141845000000002
465.43912333333424
-41.017886666666676
7.694078333333332
-21.079426333333352
-19.245075666666665
263.3430719999996
-14.421860000000008
740.3494356666656
-31.658316571428564
580.2891416190478
394.4674209999997
503.00265666666627
146.71820133333338
-15.287527333333339
21.647883666666687
760.9477125238091
514.5896234285708
-30.021587761904748
545.8373726666657
303.08068004761867
67.60530171428574
-18.924230666666684
118.36102347619037
-1.0701666666666654
-24.02507233333334
-21.031242666666675
21.174343333333276
-3.807859333333349
616.0315953333342
501.046616285714
651.1326290952401
211.05073733333296
-10.197248333333338
1.5729599999999953
598.2787580000003
-11.212095000000005
533.113322999999
-22.914180904761903
-14.989745000000006
-6.6699386666666705
-12.58639366666667
545.1141204285713
5.800034666666677
596.7458126666653
-13.954602333333343
-14.029105000000003
-17.030967666666665
-18.304337999999998
322.40113580952413
-15.63768185714286
699.7444171904772
60.768068000000035
704.8708086666651
-11.74865436507937
454.3334893809513
57.84214447619039
577.2647626666667
-2.183888952380965
667.1276256666672
533.1493690000007
446.44434142857085
-14.028082666666677
267.1469019999992
472.5298480000007
538.2458554285712
601.6680048571428
519.1562595238101
175.91200690476202
619.9823327619048
-36.90996933333333
484.1350573333332
-24.880678285714275
-12.660829999999999
-2.125540333333354
466.2730760000001
-11.927312000000004
620.9884255714295
-26.939665000000012
-10.448852095238093
-27.484868000000006
550.1280142857128
311.70565761904686
600.7365137619033
-6.838179000000003
-15.086864000000006
629.901761666665
-11.932141333333336
1.786519999999995
153.0383973333331
85.7345849999999
505.97005957142846
-17.63642266666666
-4.703211666666668
-1.41561933333334
446.31488252380774
-21.992584333333333
598.6868636666671
-25.711726333333342
-5.549779000000006
-13.787203333333334
-0.9249269523809656
-11.811985333333332
170.67907966666633
566.0046056666669
271.2169666666665
501.38075657142747
467.6870375238091
459.8593836666667
-13.959662000000007
-9.004822333333333
-16.94841266666667
640.6101016190477
-5.744777666666671
101.86285742857147
492.47287976190455
-12.974071999999998
-11.79900466666667
698.8288428571409
98.20016099999994
514.8281660000002
-23.96623919047619
418.6625073333328
-28.397194000000013
55.10942433333338
-21.752660000000006
606.64949152381
621.2189260000002
-17.969440857142867
-17.303121333333344
30.176839476190466
-7.108729000000027
598.2929981904757
-13.081406666666668
-9.654793666666666
-5.4400190000000155
-14.462857
-10.049645000000003
-8.848056000000003
-14.859831
413.34493200000094
-7.975164190476191
-35.658876666666686
52.16496242857143
567.8018563333345
-14.203632000000004
-9.468328000000001
-18.088469000000007
527.0013578095233
155.83693466666668
362.661719
151.12449266666667
-11.103242333333336
-14.334358333333347
590.1032199999999
573.4749755238098
601.8145316666668
6.839281333333331
572.0270735238095
-16.40727133333334
513.7247206666667
23.400096904761888
-36.88753957142858
-15.841354666666666
657.4100814285717
541.509825999999
-13.964330666666674
517.1958880000017
-29.80221200000001
595.7207416666657
-15.657676666666672
-12.863983000000003
350.51678857142895
494.01091814285587
111.0710203333334
317.1499526666671
19.52485347619048
554.637415238094
470.2441230952383
-13.446444333333337
75.44781066666677
636.9022003333333
583.7126113809518
136.82675633333312
-14.322938000000002
-22.69064500000001
785.9085413333336
746.6709018571424
421.01979066666644
594.4623537619045
397.82403699999963
3.92639433333333
-13.380971666666664
-20.009234000000003
551.4046344285719
671.6981903333341
-10.060107809523808
-11.80911066666667
684.0049523333341
577.330961333333
198.7974400000004
-13.58635466666667
574.7703400000006
-18.486746333333336
570.9717303333326
339.5896528095237
-16.11732333333334
-14.233090666666667
490.2480389999996
-21.098503714285716
-15.540320999999999
482.73269433333394
355.04769399999964
-20.88381900000001
-13.291558
-14.539246333333336
289.65579466666657
-20.186187
690.7115873333327
618.032197333334
-13.778055333333336
496.11331199999944
790.9401309047618
636.7904073333336
550.8961081428565
-14.42214919047619
89.62949157142874
134.84213166666663
393.5800940000011
530.9202723333334
547.1580238095247
-20.334603333333337
517.2259043809516
460.6821999047613
429.75488466666707
741.5821306666639
151.14626133333314
306.7339280000001
-10.732363333333334
594.2086396666675
566.4460463333328
-11.639322333333341
645.2862748095229
441.16739623809525
38.44363799999999
583.2340424761912
400.7769600476185
605.9763746666679
708.7853326666649
-12.777320000000005
-12.928353000000003
-35.16549866666666
614.8273370476202
241.5556687142855
622.4884760000004
444.21148338095196
666.0906893333305
367.9015376666664
545.376275285713
199.92370252380934
-6.608548333333335
-12.960958000000003
-9.496479333333333
524.8159517142853
112.11572833333348
712.615511333333
373.40910838095243
736.4000416666689
-8.423575000000003
-17.527315333333338
727.446205666666
449.50666452380835
537.8013980476197
729.9231010476202
-28.424496999999995
299.7406183809524
666.0422977619049
760.9191414761901
-12.250532
-21.57306800000001
-10.553457666666668
579.1077789047608
-15.207009333333337
659.2332549999984
181.0281556666667
-8.889608000000003
372.9893520000003
685.4853873333323
212.6528963333336
475.6972236666679
556.8888464285703
149.13369942857113
-15.356167000000003
52.893505904761916
468.80065500000023
589.6097293333337
-15.414800999999995
72.81013366666664
594.1476927619045
697.442712666665
1.31023366666667
-40.65511885714291
441.9301776666672
583.9399629999995
-8.731107095238098
166.57865666666652
680.8391609047595
631.0936882380944
131.45424257142838
-19.607692
-11.94197866666667
-8.019490142857148
671.0752800476196
534.8362153809521
-9.236369904761904
-22.831799523809522
325.15092300000015
-8.204396000000012
327.3378262380953
3.967973888888875
-27.946573333333337
423.01275866666725
440.72434114285744
598.4385853333325
-14.042750333333334
542.185489238094
662.6838653809507
101.81586300000001
-23.80668500000002
550.0013408571422
577.5217940476191
-21.97418933333334
595.6293603333335
701.403057999999
665.3109216666672
-17.63599
136.20533399999982
186.22150266666677
31.408103999999987
-12.84471066666667
-14.850625571428576
-8.21949266666667
-11.427053666666664
460.2085526666661
-26.732692333333357
710.067209666667
-14.562616666666674
657.2100783809523
554.2238926666669
470.7507691428571
537.3732448095249
2.5230966190476165
418.3223713333326
558.6990826666669
330.77250333333325
-17.124826000000002
664.7501976666668
648.7231893333338
-15.750173000000006
587.0996483333338
-20.09462000000001
639.9438506666643
-14.916261000000002
547.1017262380935
-26.954641999999996
679.6618469999984
-31.906823238095235
640.5691823333333
-13.586859333333345
39.38834866666666
-20.399490999999998
208.91302866666632
511.1143030000005
633.3454652857134
396.97048399999954
-9.392451000000003
570.6602258095239
-28.24995766666668
-21.512121333333337
56.07359166666673
-12.832689000000002
521.9620316666669
-14.089229666666666
-9.01490266666667
-10.332580333333333
168.87662133333316
637.125092904762
323.6200873333337
-8.225047666666669
131.3358790952381
-26.26362633333333
-8.5282400952381
633.618902333335
-13.886427666666668
-5.3693097619047725
-5.459107000000003
706.6314199047606
-11.604348142857143
657.1960320000001
352.8356803333329
402.5688866666669
607.7319755714293
-11.237294666666665
-21.364736666666673
304.0533084761909
347.0343524285713
673.163522619045
699.0027624761907
-26.28830100000001
-10.635111000000006
-26.495029333333335
-12.102850000000004
604.180488238095
66.88819728571431
674.6448420000005
572.6362244761896
640.6984236666676
680.0917033333326
290.8124499999996
-50.938472999999995
638.3531926666664
716.5712000000016
154.25957499999976
-10.245527333333335
629.3601566666656
-20.572007999999997
515.7319793333335
707.9075519523811
-18.23570666666667
-19.692743666666672
701.8297363333326
-11.465168666666667
-23.49098290476191
620.411466666667
674.899672666667
587.4514993333324
611.085826000001
-19.043311666666668
527.7755333809519
-23.49942066666668
-10.227844857142859
616.7939423333323
685.4811930952379
-10.797073333333335
586.6106011904757
228.24608633333332
-17.03612533333333
283.35675411111094
541.8334915238084
42.23348438095244
693.795566333333
-27.61482066666667
-17.188519666666668
620.9096210476173
566.3070970000011
-16.015297000000004
559.5339885238093
250.05016914285702
-16.49688066666667
-32.07097466666664
574.4719779999991
632.2090033809521
-24.283202666666657
-12.707339000000001
-10.707058857142856
-12.311247333333338
-10.944051714285715
470.27944557143024
-19.487825428571437
-24.94200666666667
592.1700443333336
555.2810980000019
362.4313111428575
-15.954857333333331
202.70637157142852
469.9283193333327
226.4517623809523
409.41121771428544
-18.399557999999995
8.923343666666659
628.5882945238094
-0.49013000000000173
-16.61327166666667
75.08579233333326
-36.75827566666668
-15.647522666666664
-9.762083333333333
-22.270244666666667
-20.66775133333334
635.332329619045
479.27751323809497
655.0517186666649
126.97028000000007
441.75530866666594
757.1126721428581
301.4918672857138
200.99048999999962
-8.429676333333333
557.4776620952371
41.12500499999997
-13.504288999999996
43.99188509523808
581.179080333333
638.562933476191
-10.053735333333332
278.63807599999996
338.2590323333332
0.571326999999983
490.35439257142735
603.1620499999998
631.059827666666
-8.291284476190484
319.6099416666668
589.4560690000003
591.2948729523811
495.07536733333234
-9.532259333333336
421.63291404761907
-18.76492166666667
462.4824903333333
708.2493566190453
633.6251255714279
615.5725819999985
545.5894949999986
447.232042999999
673.2497085238095
450.28894766666633
-18.515756857142865
733.0858763333335
621.2692643333329
624.9643835238097
293.6925666190472
707.9155657142849
22.627685666666647
677.4956120000002
-13.151578
-19.137442666666672
582.3360646666652
-42.29232366666666
616.6249870000026
293.89266800000024
11.974918333333319
475.7625543333331
473.7016043333332
565.0932520000008
161.53876366666685
-14.533124619047621
102.974055
-1.5163190000000077
554.194758
6.185937714285721
682.1606289047603
601.4941296666667
617.245912999999
-11.339659333333334
-28.054508666666685
-26.395649333333335
-27.502366333333356
-16.281680333333327
-15.540541999999999
-17.914019333333332
-11.424708142857147
133.32738628571403
657.2070024761916
-18.862605999999992
324.034381238096
570.5289419999991
-9.408655333333336
-36.338288999999975
-19.34188000000001
-12.907942000000007
646.2933529047608
709.302033999999
-9.466590333333333
648.1435696666655
629.5957623333322
86.37227623809522
-17.826894000000006
569.761274333334
-10.346923666666665
470.33083166666745
-19.57770938095238
260.3835200000001
608.5128781428567
-10.913538333333335
640.360633571429
-18.169588333333337
100.93633633333313
-38.89806166666667
467.0492943333329
-16.820450999999995
645.340075333334
80.20901380952375
702.0030856666663
420.0189876666673
130.50256166666668
-18.07889866666667
-24.647485000000003
-19.936484
15.806803666666688
703.2087586666656
167.6352983333333
31.189197000000007
481.911576619048
658.688347412698
637.8844370476198
-15.368576333333333
-16.491747000000007
-34.109493
478.797904190476
-16.423992333333345
-8.22827333333334
-10.719801476190481
-12.359972333333335
-30.404062666666693
690.9855028571434
498.05531966666666
-2.8606873333333365
6.383434333333319
141.53094299999984
587.6880716666668
492.8080409999999
601.9153799999989
-13.38818733333334
159.23487799999975
658.1900735714295
-8.850755999999999
37.33325419047609
-9.951274714285715
646.1609146666655
-34.12817933333336
-17.79018347619048
601.8397733333329
-17.13274666666667
-9.705039333333335
574.5696292380959
689.0193356666639
-11.582586333333333
656.9963553333351
477.82533014285644
19.642893333333337
510.8340311904762
-3.721866190476189
615.3258776666657
185.5270032380952
551.6672326666675
201.9506733333336
-20.72057100000001
604.9975163333316
677.0375173809524
12.332648999999977
-19.442678000000008
667.4946671428565
-21.47991066666667
-13.665004000000007
-15.913158666666673
-23.578164333333326
719.4829699999974
597.6650520000006
498.9948049047607
634.3688629999996
221.17863233333372
572.6772263333338
404.18977723809576
-9.269095666666669
12.266946809523809
553.8924658571419
451.70730857142814
-18.36546366666666
542.5591224285713
-11.551399666666665
-18.233992000000008
-19.74393166666668
203.67802995238108
591.4015960952368
548.1741351428569
534.6665583809524
-16.26825766666667
234.15213880952336
68.66710499999986
414.4445023333331
100.40713333333333
678.5860208095232
149.60429809523825
575.9550509999989
-35.95004038095238
-26.84798509523811
550.0407086666663
-18.620908333333322
542.6367895714285
-18.016503571428576
-14.095466333333336
662.0332323333331
-35.65516133333332
69.87179119047615
548.5488346666666
635.0393043333321
-12.424428000000002
147.35973733333347
631.1149866666666
-28.609191333333342
-20.036981666666673
-27.675038000000008
-19.905467666666667
518.564286
180.22813233333315
-11.16566766666667
228.81858566666676
524.707031999999
698.6572856666673
0.9678896666666803
-32.006345333333336
-9.848114666666671
591.8506067619032
16.64332866666667
620.5139286666666
-20.331547666666673
184.6129640000001
632.2874907619038
94.55378823809535
612.3831223333333
684.99791104762
156.68629933333335
233.9588593333332
601.0656963333336
578.173989
352.66963433333234
-14.807111666666668
-14.469087
177.6368683333333
-11.503953333333332
-18.124245000000002
-14.643813666666667
-13.30766166666667
-37.37880933333333
547.1951373333335
370.6626323333338
-46.64941366666665
-13.798295000000001
259.8391093333339
313.287535
-30.720378000000004
630.4970583333317
-16.605132333333337
235.15040466666667
-14.671345000000002
-2.0931116666666782
659.6150609999994
4.883765999999996
-10.281579000000004
672.0390709523814
318.30370347619044
-21.93147833333333
-12.785411000000005
267.62648976190513
607.6833086666649
576.8937533333333
-21.566158999999995
645.7156293333343
169.19950285714285
14.051722999999983
10.130617095238108
-16.249307380952384
-19.093432666666672
-29.380570666666696
324.8802000000009
7.9588426666666585
299.104219952381
-10.443786000000001
-7.524624333333335
640.5227233333316
293.5524513333328
669.0667576666682
38.89168633333338
483.10878979364946
677.7644422380959
25.668138666666675
-17.425594666666665
564.2280338095231
477.85155033333336
162.1992546666663
213.45006523809536
589.4883853333342
20.62557833333335
214.99416933333328
-22.211919000000016
214.86997928571472
-14.797476999999995
136.7365796666665
-10.503117666666668
554.5030403333332
492.8432607142861
2.0345523333333384
-12.912168999999999
641.9553760476175
604.3536925238107
617.5953496666668
438.819702
-27.7359885714286
586.0020663333324
578.7161868095243
636.0767223333334
1.640800333333328
51.117087666666706
560.3373093333335
644.0087476666661
574.5602020476173
407.8760366666665
418.9066314761898
618.6952506666657
-26.61144100000002
192.67419566666655
661.2630486666686
-16.638005000000007
593.8500746666687
570.0445483333324
-8.394647666666668
623.543143904763
693.465418999998
643.6776099523812
664.4503553492056
348.44086766666635
-9.401973761904761
4.46118033333334
515.0645387142861
603.6183873333343
-24.96558219047621
580.4592923809528
620.0847913333326
481.6117469999999
172.61726833333358
602.7404085714288
619.3734643333314
130.02257033333302
-12.561584666666667
335.8089646666664
123.31819366666645
638.319432142856
634.2464581428575
-32.76713566666669
-17.406401666666667
-6.5903420000000015
465.9436669999992
255.6551569999998
631.5057209999995
629.634110666667
-15.541871666666665
501.85602952381055
536.7679226666671
-14.711052666666673
-17.359409000000007
-8.058913380952394
534.3509810000008
-11.188012666666667
693.9981977619035
-21.92288276190477
-40.92410366666667
256.1657133333335
649.515020095238
4.744877857142852
145.20298599999984
140.00808033333354
289.58389261904784
615.6686666666667
743.4607101428556
576.7882813333329
596.8945926666659
685.579540190477
-17.63716333333333
657.7826426666649
-15.620643428571434
-17.93111
528.227556999999
-7.678493523809525
-12.777780000000002
629.3498862380942
537.0412036666655
493.67169942857106
22.287429000000003
15.276312666666676
620.233233571428
702.2559616666667
243.16480438095255
573.4102526666669
635.741110714286
578.7232249999987
68.72569466666674
629.3870133015888
418.9228006666676
-7.027800666666674
509.189252333334
57.822521
336.74080776190397
0.49207199999998474
-39.54290466666665
37.189264333333306
-19.97829466666667
-7.3583060000000025
-13.403595666666664
276.36971552380896
-27.39118800000001
-24.811765666666656
353.2135924285712
-16.37529566666667
277.4523113809527
168.2193589999999
-18.356708666666663
-25.278551000000004
-11.148209333333334
744.890347619048
614.977766142856
696.9727123333337
414.50793799999946
-32.892403
-10.796428000000002
-26.559333666666674
592.7543616666669
452.7517927142866
-7.451270666666668
-12.798590666666668
-20.028864142857152
405.51895600000006
-14.27032966666667
707.1931553333333
497.57957552381004
18.527080666666656
521.947463000001
1.5315916666666598
613.2330019999995
688.3617806666665
-16.653642666666673
673.2588066190483
627.5233176825386
-29.009914000000002
616.7630779047607
682.8278850000004
640.9422580000004
249.0513516190476
-20.686516000000005
89.04176499999987
-3.796443000000006
672.0563769999985
536.2296929999987
589.6524799999984
75.76138166666684
-18.083106333333337
187.71594833333333
-19.839284
445.2206563333324
18.55908609523807
-14.924888333333335
429.76022366666587
689.8790911904772
639.8730543333327
329.783497333333
553.0426633333345
251.5029803333334
676.5383585238102
425.21273009523685
-26.600377000000016
523.0821106666663
-23.730258999999997
291.1149309047618
-14.86387066666667
-19.39466066666668
-12.37246066666667
-16.635936333333333
631.643559285715
-12.493629095238099
546.9259559999994
617.6509719999992
113.6079048095238
-13.805874666666675
408.0103993333333
634.1436724285709
-10.284409666666667
602.2991916666664
602.6546579999998
581.5523638571419
-11.220644333333336
650.2101606190472
-19.073178666666667
652.1305079999996
-53.44271466666666
-18.774559333333343
688.6637733809509
-15.610755333333332
-29.50441990476191
332.4637253333343
633.8279033333323
303.79353199999997
-13.618525333333332
-16.469675666666667
643.6191269999994
118.43025599999979
326.48462409523785
640.9593999999998
525.9929786190489
643.060183000001
-5.450171666666672
549.5766588571437
650.0117811904765
518.1591699999996
670.8162254285703
-11.653895666666672
-15.984373333333336
-12.354122000000004
502.8750538571427
270.28006500000004
602.9175833333321
500.17640633333224
231.20833533333374
98.32191152380955
-16.202002
645.0237805238102
612.6403980000003
612.626277999998
470.67266833333287
738.8536673333346
608.6254181428567
700.5980175714292
-12.645225
600.5076970000001
576.0754573333337
296.5940774920637
604.7129179999996
497.8571703333335
397.57377623809555
402.2827343333325
-19.269879
502.98376799999943
142.0807130476188
657.3899910000006
540.1467629999996
117.76894666666679
18.987572
351.20169585714297
592.2896922857133
466.963711952381
687.5975943333341
264.0641669523802
-29.424682333333315
700.4346816666667
-15.47763166666667
330.94635333333343
-16.676436666666675
582.3828579999987
-13.273614333333333
708.4848680000011
541.7543546666668
491.8048563333336
698.3017503333332
518.9689190476196
616.403653095238
54.14261500000004
-10.587771333333334
602.6520599047616
-24.09969733333333
-13.616845333333329
597.7272673333334
-19.062162999999998
688.8715631428574
787.82476609524
611.2285212380955
556.2508458095236
-10.076779666666669
578.3397122857148
625.3076752857145
-12.465349000000003
-7.728348000000001
-9.45051066666667
578.661790333333
-22.076755666666667
-29.300746857142848
235.9980533333335
16.613183095238057
-30.15235204761907
647.0916420000003
-23.682757666666657
458.44195233333386
-21.1410177619048
102.17528271428579
612.9106363333331
278.0610212857145
-6.130444000000003
523.455398666667
-30.558871666666658
247.9483476666667
-13.094531000000003
-15.040371
352.07578628571434
-10.751731666666666
-36.76683290476192
702.9112809999996
77.92962166666656
47.44331933333338
-15.44925100000001
595.3282427142858
-8.865549333333334
41.737528095237984
-1.1643423333333303
542.081969380951
-5.69731133333334
-5.464125476190487
13.873134333333248
-22.61414866666667
586.8194560476201
446.16578495237974
-1.8559590000000092
630.7135399999997
217.7198960476193
-24.59305966666669
634.135080380952
210.78899566666672
708.2742753333334
164.17821533333336
771.6883416666681
-16.611095380952396
690.3869839047626
759.1324413333316
-24.384600333333335
690.8382673333318
580.7135313333315
-16.274703666666667
-13.048085000000004
-12.729396714285711
629.1993875238096
-21.73746966666667
-5.35224666666667
-9.234914000000002
-13.77136533333333
445.7671276666659
13.373786999999968
198.47498833333287
225.77833166666653
-12.610618000000002
-13.176445952380957
161.83564466666698
-19.863920666666687
617.6963246666681
649.7811386666674
153.65822271428564
-18.065010333333333
665.0069926666661
-8.819808333333334
557.985210666666
702.5649020000003
-13.622505
400.68037933333375
-14.786751333333335
-17.507547666666675
592.6463349999999
668.1346056190479
-13.704816666666675
668.1787560000012
267.41925
413.96332700000045
637.4056603333338
-7.9869100000000035
384.3494296666672
95.00716204761893
566.043813666667
99.22085666666655
32.8226316666667
595.5032803333327
-38.69902566666665
-5.461614000000008
632.5727278095228
-14.520424333333334
639.7114668571419
544.5426336666665
-11.984052666666672
-15.740162666666674
-19.484168333333333
-16.997491666666665
6.056342999999984
-42.09771333333333
407.25140899999906
-18.935928
559.6865524285726
580.2059003333324
269.97358566666634
-34.087452000000006
-40.17109833333334
123.08165861904746
730.3587150000009
-12.728351666666669
266.94408071428546
656.2480128095245
47.70534961904763
512.4055616190477
526.913987238095
106.6191844285713
281.9109436666666
-10.670624333333334
565.0076065714297
591.4789413333319
192.51382333333345
494.1048586666652
411.792566190476
-35.77557900000001
432.0718725238089
52.17867766666665
-9.536814333333332
-13.17008366666667
-24.050074333333338
580.6457993333343
-36.31112766666671
-15.698293666666663
731.4126829999997
110.84374866666664
270.75593604761866
-13.408859666666674
120.23495933333369
197.8406325238095
524.6623519999991
451.4891723809524
-12.699617333333332
714.4469993333336
-14.78617933333333
4.779568999999996
714.5449436666665
276.76647814285695
6.82696842857144
-7.435456000000002
615.6622743333342
713.4702828571423
112.73547200000004
444.9619633333338
495.3495273333327
-25.802061999999996
473.24546233333297
582.0440469047635
-20.055748666666666
-19.595720000000004
-7.609786333333336
-6.115819333333336
234.55360719047616
-13.789625333333333
312.035521095238
619.5564183333338
-37.84236766666669
-5.365387000000005
170.3366539999995
515.3081439047609
-26.406888666666664
680.7980656666665
24.85947233333333
230.8319306666669
-15.760402761904759
661.239539
-25.018824666666667
634.8817323333311
426.9139000000002
499.4233433333326
-8.010405000000002
-35.071643285714295
-11.078398666666669
499.8686823333338
-29.67386433333336
215.1053393333334
-7.143168666666667
555.0792316666668
662.0939256666663
564.6948245238101
15.883480761904732
464.8454156666661
630.3196899999988
37.520980000000044
285.27583499999946
520.5721469999986
90.42354066666653
-14.814755333333338
547.0655446666674
196.1646796190478
-8.172451
96.58998019047613
319.18809923809596
-40.94182300000002
1.644007952380948
-20.206204666666665
-18.214298000000007
554.604769
-9.057715666666667
379.0130876666674
190.1951876666667
-12.886386333333336
594.8648351428568
-7.9907010000000005
