0
17600
17800
3500
1400
8400
2200
2400
9800
18900
3800
12300
8700
13500
4900
26000
9800
7000
7100
-100
3300
3200
4100
16700
30300
6300
12300
14900
37300
1300
22100
5700
69400
15900
59900
21300
7900
21200
5100
2900
11900
51700
18700
26800
14000
7000
9100
16600
-200
5300
33300
10300
78700
52100
2000
1900
9500
2900
15000
16600
1200
4200
44500
27000
800
4100
4200
700
6200
22200
17800
37000
3300
5600
26000
3600
3200
1700
3500
13400
27100
4900
4200
51800
17900
7400
6600
3200
16900
2600
7000
8700
4700
3100
5000
48400
4000
6100
6000
9800
3300
-100
2600
70800
20300
18100
5700
2300
18800
9000
12200
11500
48300
1700
8500
15300
7600
5000
11600
12000
5600
59100
7900
63500
3700
25600
3000
16500
48100
10200
3000
2100
34000
8200
1500
16700
7900
4900
7400
10200
8200
8800
4900
2000
13900
5500
4400
6000
115800
800
16900
68000
45700
22900
20100
21600
22200
9200
5200
13700
32500
5700
14100
2800
23700
8200
4300
18700
1000
6300
24000
4300
9300
11500
73100
57700
11700
10800
23100
11000
28400
16400
7000
2400
3300
17900
39800
9400
11900
2400
31000
13600
13500
5600
23400
15200
14000
34300
4500
7800
15400
24200
400
9200
119300
113900
4100
21200
5100
23400
8900
20500
1900
3600
3200
1500
16800
10600
49400
15400
23900
10800
-200
20900
34600
19000
100
6400
700
8400
11900
40100
4100
19900
27600
20300
8800
1100
24200
15300
22400
13500
5400
3800
12600
8300
8700
2400
15200
2300
5500
22300
5800
4700
8300
5600
44300
26900
700
10900
22000
87000
5300
3600
6400
52500
20000
3900
22500
10400
5200
1100
7000
12400
15100
1500
19000
54300
17200
8400
2500
22500
21700
81900
2100
36900
7800
6500
22100
23500
1600
4300
26600
1200
500
3600
40400
600
3300
16600
5000
29200
1800
17100
23800
8500
6300
41000
5000
9900
11400
300
34300
16000
100
100
12400
49600
16700
2600
14900
3100
2700
31500
6500
11400
3700
3100
13700
145900
4000
6300
12300
29600
37700
49500
5900
9300
5500
15500
12500
7400
41600
147000
1500
14600
22800
7100
42700
4700
15000
11200
32100
3600
20600
5300
2200
12900
2600
3300
19300
14500
10600
8800
55700
23300
35200
14700
4900
9300
25500
7100
22600
2500
6400
18200
2500
19400
12700
71900
1600
12600
36200
35300
8100
1100
16400
4800
32500
400
3300
30500
11900
3100
9200
79900
37900
400
5300
900
2200
37500
14800
18500
14000
31600
7900
25200
1900
6900
10200
20700
2900
4500
148700
18300
24100
6000
21800
3100
2200
11500
46600
6600
3200
22800
47800
2400
6200
10600
18800
6200
8600
24800
26400
5600
16200
4600
5400
17900
9200
4600
100600
61200
1200
20500
4700
5100
4000
4100
2400
1300
2300
148200
900
69900
24000
4800
6900
7300
5200
4700
20500
28300
9400
19100
4800
3500
74100
15000
2800
13900
33300
10900
1700
4600
2500
1000
8800
3600
2900
4900
6900
43500
7200
2600
2900
30400
7000
25700
1600
11600
26900
6600
13300
9400
3300
14800
3900
9900
3800
28500
2200
5200
30700
4300
7200
30600
8700
3400
37400
42900
23200
2400
28200
3100
5000
9400
15100
90400
21500
10600
6900
7700
37400
10500
600
4300
24300
5400
36300
9000
5600
55700
13600
27000
6900
40600
9800
27900
6100
5000
8300
20600
4800
17300
3200
11200
15900
10800
16200
2500
20000
10500
52800
5300
88500
2700
8900
16900
17100
94800
13000
15000
8400
4600
8300
58700
3500
52100
6000
75400
9800
15200
6500
1200
23000
11500
24300
3500
45300
20500
4300
2400
24000
12600
13600
32800
5900
5500
42600
3300
500
80000
2000
11700
9700
900
27600
6900
16200
2600
2400
8700
33400
61000
99200
6500
1900
13500
6000
11800
9500
4400
46500
1300
4900
3800
6000
15500
7600
10700
82900
32400
9700
13100
1600
3300
37900
17900
1100
8400
22600
42300
7800
3300
6200
2900
99800
50600
29100
17000
5300
800
5400
5700
12600
107400
46000
4000
77600
142200
110500
29900
36400
19100
3900
17600
2100
8600
3900
6700
10500
29200
6700
25500
2100
1800
4600
26500
5200
4300
50500
7000
27600
15700
54600
1500
22100
6900
6500
15400
15700
14800
16400
7400
1900
47100
40400
19500
15600
4900
6500
1500
44100
142600
9500
56600
46200
61600
135000
90800
24000
58800
141500
40900
70400
7100
6300
1900
98800
33800
4100
5100
17000
4300
16900
4000
6800
67300
38000
100100
17100
16900
6000
4500
62300
5400
3700
17300
53000
11500
4200
200
57600
34500
5000
47100
99900
15600
35300
140600
34000
145200
147400
4200
26700
130300
35800
3700
19400
7200
4700
21800
13200
39600
2100
17100
6100
17400
19200
5200
2800
3900
19000
76100
122000
5200
28800
4400
88000
34200
400
4500
17100
5400
4500
14400
5500
1000
141000
72900
71300
88200
1900
3700
5600
142100
142300
1600
139100
31300
48000
69700
58400
10900
16100
29900
107500
62800
12900
3800
138300
22000
26000
14000
13000
34000
16300
4300
10800
96600
8800
22600
4900
9200
72700
13700
23300
101100
9400
21900
23300
500
10900
108600
140800
5500
88700
56100
5500
26600
6700
12900
2800
21100
18300
3900
34300
600
5300
95100
-200
5900
7200
4400
140700
82800
40500
1700
16200
10000
800
1800
103100
3800
9900
11100
3000
28300
137000
8000
59300
3200
3400
4200
23400
86500
71500
14500
43300
69700
2300
9400
137300
100700
1900
25300
140000
11900
8100
7800
13800
80800
8300
17200
111700
19900
138800
1500
34100
74700
13900
37400
2200
77400
49700
22400
146600
55300
13600
88400
90400
14400
2800
67800
23200
3900
139200
18000
6800
3800
16200
2400
4300
26100
35600
2200
51400
29200
22800
26800
7700
23400
20000
138700
-100
9000
1700
140300
108400
134400
17300
101300
65600
3500
3500
14900
118900
2100
5000
34100
27500
6300
108200
78100
3300
11700
81400
104700
104600
106500
3500
4600
1200
6500
3700
8400
138900
44900
101600
10300
54500
41400
40500
14500
140600
139000
60800
25300
100300
2500
11100
8000
11900
4200
32200
8700
18300
79900
27000
9800
36900
20900
88300
30500
8000
2800
11900
54400
138400
18300
4900
69400
2500
4600
2500
90000
141900
2400
4800
4700
600
67600
103300
7000
11700
5900
13500
22600
1600
27900
5000
12400
38400
500
5800
3500
5000
5800
3300
137300
115300
1500
41600
6000
6600
3900
89600
1300
4300
105100
68200
19900
43400
3400
14700
35900
29600
6300
31100
17800
137300
7400
6200
19100
28000
11800
135500
4100
4300
17400
4300
65800
29000
500
2300
5200
2500
13900
12400
2900
4800
4400
57700
29100
36800
101400
4800
7200
137200
7600
0
3700
52800
5400
3000
22300
7900
53100
2600
14800
30100
7800
3300
73500
2300
2500
137700
25200
5600
18000
5600
139600
19600
35600
135500
44600
90100
2600
94300
60200
5300
46600
11300
5500
129100
138100
10900
134500
3200
35000
5200
7500
38500
20400
11300
103700
19000
108800
13700
137900
3800
1000
39600
134000
1900
3100
5600
135000
22800
42500
63600
22100
135400
135900
127400
4000
12300
48700
136700
21000
135000
48000
19100
5500
24400
136800
3000
63000
21800
139900
31500
7200
10600
16100
100000
68800
7600
1200
4700
32900
10600
7100
41600
16500
19500
8500
75700
1600
14400
45900
48300
53400
37900
134400
14300
99500
82500
6600
3900
135800
47400
16200
25300
14600
3100
4000
134300
6400
11900
10800
23600
21800
8800
10100
14200
77900
9500
135400
15300
7800
11000
56900
22500
5000
15400
8600
24900
5700
140700
62200
138600
133000
69000
1300
26900
133900
136300
63000
121600
138500
19700
3000
16800
26800
13100
111700
13300
5000
7000
13100
138300
136100
3100
38600
17600
138200
15400
132500
11200
13400
13500
9700
125900
3800
9900
83600
10800
14800
137600
53200
2100
7500
5400
49800
21900
137600
25400
42800
37000
136400
16600
7400
22800
7600
34500
1400
58800
135400
1800
12000
26700
43900
14800
6400
5300
14800
13600
18500
139300
13300
136000
1800
25500
1700
2800
23000
1900
16400
2900
15900
97700
1500
70400
138700
9000
2600
122700
5000
47400
4800
64100
34400
13400
134900
20800
135200
1100
127900
2000
130800
21200
4700
79100
32800
93000
18500
8700
1400
138500
7500
3800
1200
3700
31100
900
22800
8000
30400
5500
30400
62600
24700
12500
96300
18400
117600
29400
3700
134600
32300
35200
14300
133100
900
115300
12800
3000
2900
29000
7500
5900
37400
22300
134000
134200
131900
9200
34800
5900
108900
2500
133700
4300
84700
56700
2000
116200
9100
23100
5900
18700
1400
135700
35600
6100
10300
112700
6000
78900
24600
93100
30500
29100
19400
12000
21300
5400
9600
135400
8800
2400
3600
133800
2100
13800
6800
1200
138700
8200
94700
5800
6800
86600
137100
19000
10100
78000
136200
4300
7200
2100
109700
31200
11400
45100
25400
19200
3200
16600
4000
14100
40200
12300
111500
136600
700
10400
11400
35400
12900
69900
26700
134800
1200
98100
83200
31700
9700
114000
28200
82200
140300
1700
15300
47900
800
11100
140000
17100
3000
4000
15200
27800
9400
9300
12200
140600
1500
136700
4100
3300
95100
135900
7700
138500
1300
15400
10400
9100
1300
18000
34800
30400
8400
9100
131800
1900
132900
4200
7500
36600
1800
25900
24600
6900
16500
138300
79300
2900
121300
138500
45500
1100
137600
-500
134000
135200
133700
11500
57400
16700
37300
3500
60100
9800
19300
11700
134800
78300
7700
135100
4500
9500
5300
93700
4900
82700
12800
135500
19200
20600
137500
15500
9800
38900
3100
6800
134700
88900
6500
127200
23000
134000
14700
4700
87900
22800
6600
50000
121600
86100
21400
7200
134400
5300
3500
68500
133600
9000
32500
13400
133900
76600
2700
7300
8600
2800
138500
900
3900
31300
3300
112400
1300
7700
49400
4400
97700
70200
45000
59400
12600
5700
48700
139400
135100
10200
12000
4600
9100
1900
3400
94800
115800
17700
49000
2400
135800
13700
137400
116900
7100
2500
86700
138100
7600
44400
67200
5500
11600
79400
20100
6200
136100
14600
4100
8500
40500
800
21200
8700
115300
131200
22900
105900
5400
18500
3100
1300
1900
27300
3000
55200
23500
1000
136200
900
140200
134700
134500
60300
133900
76500
7100
135900
16900
135800
11800
109500
37500
11200
15400
12400
139200
17700
135800
85200
135400
2200
5000
22100
61800
107800
120500
6100
8800
2700
5500
17700
13500
33200
90600
17600
136100
4300
26500
13900
93200
136600
42800
3700
2400
134600
3800
15800
4100
65000
135000
8600
8600
137500
29400
136100
1900
135200
41000
132400
135700
17600
10500
135600
134200
94300
11500
4100
135800
139800
5800
44100
136000
40400
66800
4000
74500
14500
1700
136500
134800
133700
93200
35600
65700
79500
136600
35200
47500
400
9400
132200
13300
37900
135300
16200
55300
126300
136600
134000
26200
13600
6300
3900
25900
124800
80600
23100
2500
1100
3900
137900
5700
50100
136700
137300
13200
47300
140100
14800
139000
9200
59200
14700
46400
137100
133800
108600
135600
16700
29600
132900
134500
138800
2100
55700
134300
100900
5100
133200
31100
134700
76300
139100
13200
27700
81100
112100
135200
68300
77200
64300
137900
29600
136500
134500
126800
2900
1700
88400
137900
14900
119700
88800
16200
53200
24100
140000
5800
12500
66400
133300
19900
1400
4600
4300
15600
3800
131800
86200
41700
1600
135600
49500
69800
1000
8800
26500
19900
3800
136600
138100
34600
134400
3700
5600
112100
134900
28600
136100
137300
4400
41800
133200
132400
6700
60800
103000
12100
12900
10500
3300
6100
500
138200
6900
33300
135200
16600
113300
132000
10000
136500
14000
11700
136300
40400
135800
122900
1500
137000
137700
136900
137400
136800
6700
139600
131200
136200
135900
114000
96800
127100
5900
15300
15600
137400
52900
21000
135400
900
74800
5700
136800
1100
132100
139600
84100
132800
3700
134900
134000
83100
8700
46300
55300
1500
3300
135300
1300
136300
8400
1400
800
135200
135800
87500
107900
73200
135100
24100
133800
119000
138700
37400
19800
137600
36800
59500
105200
10500
1300
2400
10700
110500
68300
71900
800
19000
39800
15100
133900
43500
136800
118100
135800
7200
8100
2900
14100
70600
133800
136900
1300
67000
135400
100
102400
135000
136700
6000
1200
6500
11100
138400
134800
137200
2000
38600
137300
86400
4500
8400
4800
49700
5600
133400
11200
10400
15600
1000
63200
135900
76700
28700
93000
133000
134200
45000
135300
133100
1800
7800
134000
43500
800
1500
1300
33100
6600
134500
6300
113300
77800
133200
17600
47500
3200
1800
136600
6800
134000
27900
115800
3300
25300
1300
134500
5600
135900
133700
16800
4600
122300
57300
136200
133800
3900
3300
14900
5900
134700
5500
4200
4500
135800
2600
66400
4300
200
2000
134700
3900
136000
15700
79900
134700
9800
68700
3100
41300
39100
56800
7400
96000
1000
132100
127600
9200
76400
134400
135800
10700
6700
16400
135000
900
2900
2400
3300
4500
8400
3400
134100
85700
133400
133100
3800
83700
2400
134900
14100
58300
1500
21100
135700
5900
8300
41000
134800
32100
134400
5300
135300
76000
1600
9000
134400
58200
137900
135100
131500
30200
135200
133000
133900
80500
136700
134600
4500
133300
1800
135100
19700
11500
134400
3500
103300
113300
105900
13800
37400
37900
133300
1700
134500
23500
114000
17400
6000
134600
1500
1900
135500
137200
135200
9400
133000
2500
21800
3100
135900
8600
137600
6100
133600
7900
53800
36000
133000
5500
134300
700
87600
134200
135200
11900
13200
3900
200
134700
10000
8400
136000
20800
900
139600
4400
88100
134500
41900
111800
1000
54300
5900
126800
4700
31000
32400
98000
24200
5300
27300
27400
138800
3000
115400
7700
1300
132000
4400
60100
134800
16400
6400
18500
39900
135300
7600
12600
132100
11900
18900
9900
2800
55400
600
134400
1200
135300
16300
105700
136700
26500
68500
131200
5700
133800
4500
136700
20800
44200
12400
9100
41900
137200
93200
139100
66300
133800
133600
6800
133600
135700
1600
136400
1600
12200
87900
4800
137100
9800
136600
3600
9000
91300
136900
2600
41400
16600
7100
2100
134300
16400
131600
13300
133600
5900
9100
23900
110100
133900
17100
134500
91900
135000
65500
13300
14700
83100
7500
135600
8900
135100
1500
5900
14500
18200
88200
8100
6900
52900
73400
56200
124000
113300
137800
141200
137200
108600
93100
24800
135900
1000
137000
41300
132700
72900
110300
133100
135700
134000
8000
133000
16900
45000
5500
135400
134400
135000
124500
136800
4200
136700
138500
138400
2100
1000
54700
48200
132200
134500
105900
4700
4200
10500
133700
18400
1300
3900
23800
133600
134100
133800
32500
43200
32000
77300
11300
136600
5700
76700
47900
900
37300
76200
32400
9800
800
20800
600
8100
136000
2800
131500
3400
135600
4100
8900
1200
132400
57700
88400
135300
6000
13000
44800
43300
88200
3000
4000
136500
138600
69200
136800
74000
9900
12400
61300
134700
24600
132800
50600
133000
84500
132100
137800
2900
7200
9200
43000
12600
16600
121300
13200
17200
135000
134900
51500
11300
65000
2000
95700
135700
135900
4300
19300
16200
25500
45100
5500
73000
2900
18700
68900
4100
137000
5500
24900
135600
42900
13800
135300
113400
7100
135500
27200
3400
58100
135300
5900
95000
35100
11400
137600
59900
134800
10800
4100
3700
57800
104600
135200
8800
2100
133700
133200
200
11300
2300
5100
5100
6100
136000
2900
136900
1500
93800
134100
9300
200
76600
136200
66200
137400
5700
99000
137000
1800
133100
133600
4900
133400
41300
32100
3000
3300
3400
4000
66500
2500
3300
66700
108300
3400
137000
13000
9200
134000
133000
1400
5900
131300
50900
74000
44800
9500
132300
7800
13400
3600
1300
59200
134900
4200
133200
136000
133400
7400
1800
75200
134500
13600
134400
25100
8300
133800
47100
20000
132500
18700
135400
2100
133100
132000
7000
58100
3500
81200
85100
133500
1500
136300
9800
21500
16800
12400
63400
5300
135800
10100
134100
134400
133900
38000
5500
21700
136800
136800
12600
121300
85700
31300
16800
37700
11000
6800
3900
26800
24900
135300
134400
133800
52300
8000
14400
137900
2900
135000
9800
3500
13000
4100
134600
19900
135600
12700
8000
5300
3100
105400
2800
133000
44900
134600
9700
136200
37000
133600
30500
133500
129800
135000
9800
87400
118200
131800
135600
121100
78300
131700
14500
134900
21500
8000
22600
135600
4800
138400
23000
-100
7800
108100
98200
137100
10500
3800
134500
3400
16000
44400
64900
132300
18500
16100
9700
102700
4400
134300
6200
10900
1300
26900
700
83000
133700
68900
134000
135600
104800
7500
100
9500
134700
7800
28500
116000
4000
2000
134800
27900
133800
11400
132500
8300
67600
6100
136700
138900
13400
11900
25500
22900
135500
5000
7700
14700
1500
7900
6800
5700
112600
1200
16900
28300
136100
4200
7400
6000
136500
40300
93800
36600
7000
9700
134000
135600
139500
15300
135700
3600
115800
19000
9600
2400
135400
139100
5300
131800
7800
133900
3900
7400
103100
132400
43000
88600
31700
135900
125200
3800
32300
132800
131300
70000
1600
13100
134000
135800
89100
136800
136900
17700
3000
11300
137100
136300
4800
3300
136400
133800
70900
3500
133600
3600
136900
76900
4000
4600
136000
12900
2800
135200
95600
12600
4700
11400
105000
7800
133800
132000
1900
134400
133400
134600
134300
5300
41200
54100
132100
135200
135500
4800
132700
104200
134300
136200
53200
86700
3100
137000
134400
4500
139700
134500
28600
134600
111700
135600
137500
5800
3100
24000
135800
66700
134100
107000
137900
91700
135700
72800
4600
5400
1400
138500
48600
135500
74900
137700
10100
6700
139100
136400
134500
134900
9000
99500
132400
134500
6000
7300
3100
135400
2800
133600
47800
800
106200
137800
64300
135900
135100
39400
2500
28400
135300
136200
2700
41300
134000
132600
9000
44000
106400
134400
7600
53600
135000
137100
38100
3300
1600
6600
135100
133200
200
12100
84000
26300
95200
20100
21300
89900
115800
131700
1700
135500
138300
44000
8400
133100
136100
8700
135400
134000
135500
6300
59200
64800
16000
1500
8000
1800
2800
112100
11700
134800
5800
133300
133900
135800
135400
17900
109700
139900
93800
7800
134600
138000
5400
134400
5800
132200
2500
134400
8800
135000
35800
135100
40600
27900
5200
54700
102300
135000
125700
26600
136800
16500
5700
23000
800
132900
2300
2700
20200
41600
134600
113200
9400
57700
8100
10300
135300
4700
31400
12700
132800
1400
134300
87300
98600
136500
700
5300
88400
104400
131000
134400
10100
6200
5100
1300
136400
41100
132000
134400
132200
134000
86300
23500
131900
133200
47700
2200
132100
5100
131600
135000
8400
8500
140800
3900
4300
133700
135300
135100
131900
7200
131800
12500
300
135800
134600
1000
133100
47100
3300
78900
118200
33300
137800
8400
5500
135900
134200
6900
132700
67200
2800
13500
132000
136700
13400
5500
6400
2400
2600
111000
5100
7200
133600
131800
132900
16500
49000
134200
72900
131800
14800
18500
134500
18200
3100
36800
18400
3400
1300
4100
5600
134700
136900
133700
44500
131500
131100
73900
84500
1600
117700
32700
4200
37100
135000
136200
1500
78600
106700
37500
130200
133900
132800
28700
98400
131400
132800
134800
17400
133200
6300
131200
135700
130700
135600
133000
134100
135800
134300
8100
134500
133800
131900
80900
134200
19100
134100
6000
7300
118500
22600
116500
80400
19800
112600
122500
132700
46800
7600
31000
13800
132700
11700
133200
132200
135000
1500
16200
6100
8100
4800
1700
9400
20500
37200
131900
13900
73200
133400
2200
13700
5300
17100
133300
133600
700
130800
135400
40500
27200
134900
1200
131800
7800
76000
134200
4600
133800
4300
48500
13900
136000
3300
133200
53000
133800
96300
38400
4300
7600
13700
49400
135000
60600
15900
135800
137300
138100
3500
10400
9900
113200
2400
14400
11300
2200
13900
135300
135200
15800
26300
60200
131900
134100
134000
5100
44600
135400
3600
25900
200
137600
10200
13500
133700
5300
1400
132600
136300
1100
135400
132900
13400
132600
9600
132600
65500
134000
61300
5700
136100
134700
28800
12200
134000
4900
6300
16700
7400
137500
134600
131400
133100
136400
132700
99400
7600
12100
135200
130800
5400
132500
4100
17100
11000
49000
131300
136400
135500
5300
69200
28800
139500
52900
135000
67500
134300
6800
9200
134800
12400
133200
6400
2200
135800
11400
36500
135000
133200
1500
55200
133000
19400
5400
7500
5500
135200
44000
6500
54600
122300
134000
14700
22000
22900
136200
17100
136100
6800
56300
135800
25100
135700
133500
39100
75000
132300
126700
93300
1800
3200
86700
2500
3200
2400
2300
17000
132800
79900
14300
10500
71900
79900
10000
133800
4400
83500
11400
17000
135600
20800
2100
131600
87100
6400
2200
63200
134500
133500
7200
133100
35600
19600
20600
6600
6700
12700
76500
29500
128500
5700
5500
130200
85800
132700
39500
131200
132500
15700
3600
132200
102400
63600
52400
133200
29700
71200
9300
58100
4000
46100
1500
139200
134100
26100
3400
135300
132700
134200
96100
15900
135800
133800
133200
14200
20300
134300
135400
134400
100000
127900
132000
9700
80900
134100
22700
133400
134300
15400
134000
132200
133100
133400
81000
6000
33800
136500
137000
11100
131500
132600
108200
54000
134400
121900
93500
5600
79500
45000
133600
134000
12200
3300
4000
108500
85100
135900
132800
2700
130700
133700
2500
9700
17300
135100
2800
137600
5800
9400
90700
134600
21900
83800
52500
84300
134400
133300
136800
135600
131900
4900
136200
3100
1700
132400
7200
1000
134800
132400
108100
37900
24700
130500
133900
70200
135200
133700
132800
28800
132300
106700
8900
132100
32600
85500
28400
11900
35200
4500
8400
6300
74700
10600
5700
116700
8400
92900
41700
9600
9900
6000
133900
132900
138600
89500
13400
2500
14300
133700
134500
13600
7300
5600
88600
21600
133300
133600
21500
133800
21400
133100
136000
4000
136200
135000
14300
135200
132600
136300
73300
5800
43000
17300
135200
136500
135200
33400
11700
83900
7300
137600
22100
1900
104500
135700
129500
78700
134600
84100
135500
90200
5300
115500
5700
85400
1400
31600
2200
4300
131100
7000
114200
127700
51000
8600
134300
132800
7400
134700
136000
133300
8600
136500
8200
134600
28000
6100
134500
3000
16200
89600
132100
70100
2100
1800
133000
41100
82800
134900
137200
133400
16500
134000
134500
113400
136600
19100
5700
1500
137800
77700
135700
120100
59300
33500
11900
135700
136400
136700
137900
133800
134400
133500
5600
123700
119400
102000
133400
134900
96400
81100
5500
128200
46600
131100
134000
44100
35400
83100
135100
134300
133600
66100
10800
134800
6800
82000
14800
135100
2900
133300
134000
134200
136100
133000
135700
24900
1800
137700
16600
4900
133500
9800
131600
134500
135100
137500
14500
133800
134300
3700
10500
400
133800
3600
14800
70800
25500
20900
132900
5900
117600
50400
32600
130700
65500
6800
135000
18300
55600
3700
2800
102100
1700
9900
134600
26400
33300
10700
135400
3000
49700
15100
136300
10600
21400
31600
4600
135100
134100
19200
133400
74400
13100
131200
80900
133000
60700
132500
14000
136000
132500
6700
134600
113800
2600
2400
3900
135200
10000
5400
2100
2200
137300
23400
48600
70100
1800
7100
60000
16100
135200
133300
74900
7000
132500
3800
132000
136300
1900
90100
2000
6300
134200
133400
10000
133600
66800
102500
131600
18400
90100
45800
135000
42700
22900
132600
17300
13400
132200
3300
129300
137700
4100
2400
5100
3600
36400
25500
134200
3200
135900
135600
99300
8700
25600
37700
132300
5400
92100
134300
31800
136100
134800
29200
65500
2400
133200
131700
60400
126600
111500
19100
106700
23000
200
5400
10100
132100
9800
20400
132800
29500
70700
3200
49200
56700
137100
109600
3200
134800
6500
11300
138100
71700
14000
2900
134900
134400
41800
132300
135400
6800
104200
137500
6200
4900
4300
7600
75600
1000
86500
134400
20600
8300
68500
117100
15400
134300
21200
75900
2400
134900
6600
131900
123400
133200
2500
13800
5600
111300
13600
48900
1600
132600
137500
120200
15700
134100
133300
26800
69500
136500
36600
3400
137000
88200
200
28900
80500
21600
9600
13200
5200
133000
1500
97200
88500
1200
134700
4000
