0
-6937.0
-6403.0
-6670.0
-6569.0
-6952.0
-6645.0
-6688.0
-7136.0
-6672.0
-7169.0
-7208.0
-6703.0
-6460.0
-7333.0
-7197.0
-7459.0
-6186.0
-6814.0
-7957.0
-7241.0
-7027.0
-7334.0
-6426.0
-7009.0
-7160.0
-7992.0
-6962.0
-6458.0
-7195.0
-7407.0
-6599.0
-7198.0
-6997.0
-6518.0
-7413.0
-7259.0
-6949.0
-6993.0
-6997.0
-7148.0
-6182.0
-7183.0
-7057.0
-7359.0
-6474.0
-7006.0
-7413.0
-6627.0
-6671.0
-6519.0
-7089.0
-6791.0
-6510.0
-7775.0
-7468.0
-7037.0
-7476.0
-7359.0
-7644.0
-7383.0
-7854.0
-6149.0
-6784.0
-6115.0
-7285.0
-6734.0
-6236.0
-6862.0
-7474.0
-8298.0
-7229.0
-6893.0
-6696.0
-6757.0
-7382.0
-6453.0
-7472.0
-7062.0
-6629.0
-6849.0
-7369.0
-7460.0
-6634.0
-7544.0
-6058.0
-7305.0
-7504.0
-7095.0
-7368.0
-6918.0
-6838.0
-6515.0
-6237.0
-6533.0
-6964.0
-6754.0
-6410.0
-6452.0
-7095.0
-6608.0
-6664.0
-6680.0
-5999.0
-7701.0
-6961.0
-6493.0
-7105.0
-6828.0
-6432.0
-7793.0
-6610.0
-7019.0
-6677.0
-6537.0
-7473.0
-6594.0
-7337.0
-6995.0
-6595.0
-7299.0
-8204.0
-7432.0
-6934.0
-6758.0
-7024.0
-7400.0
-6617.0
-7166.0
-7184.0
-6796.0
-7984.0
-6851.0
-6394.0
-7293.0
-7367.0
-7072.0
-6436.0
-6592.0
-7802.0
-6415.0
-6887.0
-6765.0
-7049.0
-7027.0
-6929.0
-6663.0
-6831.0
-6661.0
-7284.0
-6927.0
-7785.0
-7161.0
-6771.0
-6041.0
-6799.0
-7200.0
-6212.0
-6727.0
-6895.0
-6654.0
-6496.0
-6344.0
-6964.0
-6536.0
-7480.0
-7078.0
-6820.0
-6759.0
-6889.0
-7458.0
-6864.0
-6808.0
-7496.0
-6319.0
-6718.0
-6257.0
-7131.0
-7295.0
-6263.0
-6208.0
-7260.0
-6901.0
-6798.0
-7227.0
-6282.0
-7186.0
-7374.0
-7365.0
-7237.0
-6572.0
-7103.0
-7566.0
-6408.0
-7137.0
-6981.0
-7406.0
-6354.0
-6608.0
-6507.0
-7652.0
-7089.0
-7065.0
-7136.0
-6455.0
-6647.0
-6353.0
-6625.0
-7262.0
-7186.0
-5965.0
-6315.0
-6587.0
-6525.0
-7673.0
-7364.0
-6708.0
-6662.0
-6008.0
-7016.0
-6727.0
-6968.0
-5946.0
-6535.0
-6954.0
-7077.0
-6827.0
-7412.0
-7322.0
-6758.0
-7567.0
-6389.0
-6070.0
-6320.0
-7628.0
-7354.0
-6908.0
-6080.0
-6247.0
-6835.0
-7168.0
-6581.0
-6598.0
-6317.0
-7108.0
-6243.0
-6799.0
-7408.0
-6923.0
-6844.0
-7147.0
-7066.0
-6261.0
-7053.0
-7447.0
-6733.0
-7171.0
-6322.0
-6751.0
-6505.0
-7149.0
-6610.0
-6905.0
-6803.0
-6634.0
-7490.0
-7818.0
-6976.0
-7101.0
-7187.0
-6726.0
-6470.0
-6699.0
-6355.0
-7596.0
-7112.0
-6361.0
-7217.0
-7224.0
-6149.0
-7567.0
-6438.0
-6943.0
-6573.0
-7172.0
-6338.0
-7082.0
-6341.0
-6528.0
-7371.0
-7195.0
-7607.0
-7542.0
-6460.0
-7155.0
-7471.0
-6584.0
-6400.0
-7434.0
-6484.0
-7054.0
-7010.0
-6732.0
-6647.0
-7579.0
-7453.0
-6801.0
-7241.0
-6277.0
-7654.0
-6761.0
-7688.0
-6976.0
-7110.0
-6490.0
-6846.0
-6991.0
-6531.0
-6555.0
-7790.0
-6766.0
-6610.0
-6848.0
-7071.0
-7448.0
-6815.0
-8327.0
-6800.0
-6996.0
-7770.0
-7222.0
-7097.0
-6775.0
-7300.0
-6228.0
-7180.0
-7516.0
-6709.0
-7204.0
-7169.0
-6982.0
-6706.0
-7280.0
-6608.0
-7140.0
-7156.0
-5823.0
-6685.0
-7035.0
-8178.0
-6544.0
-7945.0
-7152.0
-7142.0
-7116.0
-7113.0
-7067.0
-7228.0
-7083.0
-7366.0
-6856.0
-6126.0
-6159.0
-7139.0
-8097.0
-6421.0
-6710.0
-6855.0
-7034.0
-7087.0
-7052.0
-6824.0
-6513.0
-6408.0
-7449.0
-7226.0
-7860.0
-6663.0
-7066.0
-6927.0
-6029.0
-6297.0
-6924.0
-6903.0
-7181.0
-6983.0
-6545.0
-7347.0
-6820.0
-7096.0
-6963.0
-6567.0
-7237.0
-6912.0
-6607.0
-7879.0
-6971.0
-6460.0
-6442.0
-7217.0
-6883.0
-7676.0
-6841.0
-7055.0
-6689.0
-6213.0
-7214.0
-7035.0
-7073.0
-6353.0
-7367.0
-6662.0
-8288.0
-7236.0
-7449.0
-6408.0
-7052.0
-7429.0
-7293.0
-6346.0
-6655.0
-6164.0
-7417.0
-7367.0
-7064.0
-6883.0
-6753.0
-6853.0
-6610.0
-6303.0
-6705.0
-6469.0
-7351.0
-7836.0
-7154.0
-6568.0
-7436.0
-7194.0
-7704.0
-6881.0
-7136.0
-6151.0
-8149.0
-6527.0
-7106.0
-6593.0
-7746.0
-6978.0
-7424.0
-7279.0
-7687.0
-7490.0
-7885.0
-7288.0
-7180.0
-7101.0
-7084.0
-6998.0
-8191.0
-7621.0
-7849.0
-6746.0
-7441.0
-6916.0
-7030.0
-6752.0
-6638.0
-7735.0
-8045.0
-7820.0
-7337.0
-6775.0
-7075.0
-6621.0
-7149.0
-6236.0
-6558.0
-7499.0
-8144.0
-7834.0
-6945.0
-7515.0
-7818.0
-7390.0
-7576.0
-7811.0
-7044.0
-6976.0
-7536.0
-7174.0
-7215.0
-6685.0
-6587.0
-6942.0
-6669.0
-6684.0
-6886.0
-7408.0
-6851.0
-7085.0
-7343.0
-6897.0
-7026.0
-6911.0
-6435.0
-6957.0
-6863.0
-6618.0
-7981.0
-7002.0
-7122.0
-7003.0
-7494.0
-6780.0
-7733.0
-7403.0
-7099.0
-7026.0
-6350.0
-6763.0
-6767.0
-7672.0
-6520.0
-6693.0
-7577.0
-6619.0
-7038.0
-7342.0
-6356.0
-7410.0
-6692.0
-6968.0
-6443.0
-7434.0
-6574.0
-6698.0
-6533.0
-6742.0
-7118.0
-7017.0
-7122.0
-7250.0
-6454.0
-6666.0
-7549.0
-7632.0
-6310.0
-7051.0
-6982.0
-6205.0
-6441.0
-6491.0
-7506.0
-7549.0
-7023.0
-7062.0
-7406.0
-6696.0
-7407.0
-7053.0
-6892.0
-7244.0
-7333.0
-7545.0
-7209.0
-6982.0
-6722.0
-7068.0
-6987.0
-7419.0
-6348.0
-7047.0
-7041.0
-7374.0
-6650.0
-6676.0
-6829.0
-7558.0
-7533.0
-6809.0
-7595.0
-7104.0
-7732.0
-7383.0
-7169.0
-6941.0
-6896.0
-8194.0
-7164.0
-6531.0
-6256.0
-6960.0
-7359.0
-7143.0
-6544.0
-7398.0
-7477.0
-6834.0
-7584.0
-6954.0
-6870.0
-7503.0
-7388.0
-8375.0
-7319.0
-7228.0
-7477.0
-7098.0
-7452.0
-6775.0
-7742.0
-6438.0
-7112.0
-6899.0
-7777.0
-7336.0
-6908.0
-7451.0
-7405.0
-6414.0
-7109.0
-6608.0
-6319.0
-6652.0
-6100.0
-6822.0
-7125.0
-7481.0
-6933.0
-7356.0
-6730.0
-8441.0
-7540.0
-7169.0
-7307.0
-6335.0
-6538.0
-7199.0
-6886.0
-7122.0
-7380.0
-7530.0
-6810.0
-7673.0
-7300.0
-7958.0
-7784.0
-6676.0
-8274.0
-7756.0
-7476.0
-6703.0
-6732.0
-6583.0
-7029.0
-7006.0
-6862.0
-7194.0
-6703.0
-7313.0
-7035.0
-7269.0
-6499.0
-7971.0
-7176.0
-7130.0
-6649.0
-6913.0
-7556.0
-8124.0
-6390.0
-6885.0
-6811.0
-6729.0
-6729.0
-7278.0
-6665.0
-7950.0
-6896.0
-6258.0
-7167.0
-7746.0
-7289.0
-7379.0
-7736.0
-6914.0
-7549.0
-7160.0
-7058.0
-6823.0
-6697.0
-7283.0
-7597.0
-7405.0
-7451.0
-6244.0
-6665.0
-7177.0
-6702.0
-7553.0
-7610.0
-6984.0
-7673.0
-6943.0
-6988.0
-6576.0
-7791.0
-6864.0
-7087.0
-6944.0
-7119.0
-6862.0
-6448.0
-7587.0
-6387.0
-6198.0
-7340.0
-6361.0
-6479.0
-6645.0
-6588.0
-7424.0
-7849.0
-6448.0
-6852.0
-7166.0
-6328.0
-6656.0
-7007.0
-7295.0
-7131.0
-7482.0
-6771.0
-6724.0
-6887.0
-6360.0
-7581.0
-7226.0
-7343.0
-6520.0
-7890.0
-6354.0
-7359.0
-7398.0
-7669.0
-7406.0
-7830.0
-7677.0
-7066.0
-7345.0
-7097.0
-7706.0
-7283.0
-6964.0
-8107.0
-8025.0
-7944.0
-7107.0
-8053.0
-7423.0
-7687.0
-7903.0
-7743.0
-6800.0
-6888.0
-7096.0
-6965.0
-7291.0
-7619.0
-7574.0
-7711.0
-6615.0
-7276.0
-7418.0
-6516.0
-6843.0
-7335.0
-7575.0
-7774.0
-6810.0
-7866.0
-7638.0
-7340.0
-7937.0
-7535.0
-7924.0
-8278.0
-6881.0
-7764.0
-7844.0
-7333.0
-6813.0
-7436.0
-7356.0
-6945.0
-7477.0
-7147.0
-6233.0
-7336.0
-7625.0
-6807.0
-6572.0
-7505.0
-6861.0
-6482.0
-7986.0
-6929.0
-7084.0
-7275.0
-7201.0
-6951.0
-7357.0
-6871.0
-7266.0
-7839.0
-6794.0
-7747.0
-7571.0
-7485.0
-7775.0
-7565.0
-7364.0
-7846.0
-7483.0
-7653.0
-7547.0
-6963.0
-7489.0
-7477.0
-6542.0
-6954.0
-7131.0
-7340.0
-7128.0
-7469.0
-6311.0
-7255.0
-7397.0
-6595.0
-6888.0
-7076.0
-6779.0
-6773.0
-8384.0
-7098.0
-7704.0
-7531.0
-7587.0
-7787.0
-6898.0
-7060.0
-8034.0
-7729.0
-7631.0
-8106.0
-6611.0
-7347.0
-7559.0
-7652.0
-7215.0
-7370.0
-8158.0
-7656.0
-6440.0
-7018.0
-6257.0
-7219.0
-6701.0
-7149.0
-6455.0
-7766.0
-7497.0
-6853.0
-7107.0
-7138.0
-7835.0
-7494.0
-7109.0
-7147.0
-7035.0
-7475.0
-7591.0
-7521.0
-6771.0
-7723.0
-7285.0
-7601.0
-7072.0
-7542.0
-7301.0
-7393.0
-7379.0
-7701.0
-7035.0
-7556.0
-7657.0
-6231.0
-6595.0
-7421.0
-7110.0
-6672.0
-6767.0
-6761.0
-7684.0
-6671.0
-7219.0
-6682.0
-6879.0
-6826.0
-7383.0
-6921.0
-7981.0
-6364.0
-7471.0
-7202.0
-7221.0
-8043.0
-7251.0
-6650.0
-7389.0
-6769.0
-7476.0
-7459.0
-8247.0
-7619.0
-7010.0
-6407.0
-7214.0
-7455.0
-6847.0
-6981.0
-7248.0
-7359.0
-6681.0
-6814.0
-7304.0
-7600.0
-6560.0
-7039.0
-6887.0
-7916.0
-6384.0
-7715.0
-8418.0
-7562.0
-6763.0
-7789.0
-7331.0
-6901.0
-7554.0
-7972.0
-8141.0
-7593.0
-7397.0
-7365.0
-7073.0
-7258.0
-6536.0
-8259.0
-7674.0
-7118.0
-7685.0
-7859.0
-7122.0
-7524.0
-7367.0
-6644.0
-7448.0
-6116.0
-7329.0
-7644.0
-7329.0
-6494.0
-7696.0
-7259.0
-6894.0
-7130.0
-7432.0
-7678.0
-8027.0
-7116.0
-7791.0
-7563.0
-8128.0
-7124.0
-6980.0
-6611.0
-8028.0
-7182.0
-6727.0
-8040.0
-7692.0
-7182.0
-7696.0
-7535.0
-7107.0
-7138.0
-7053.0
-7841.0
-7506.0
-7701.0
-6815.0
-7915.0
-6928.0
-7783.0
-7236.0
-7403.0
-7015.0
-7733.0
-6572.0
-7508.0
-6533.0
-6893.0
-7634.0
-7943.0
-7509.0
-7321.0
-7771.0
-7641.0
-6860.0
-7788.0
-7104.0
-7756.0
-7166.0
-8238.0
-7405.0
-7517.0
-6833.0
-6822.0
-6854.0
-7147.0
-6962.0
-7208.0
-7138.0
-7524.0
-7532.0
-7663.0
-7578.0
-7301.0
-6725.0
-7967.0
-7657.0
-8100.0
-7547.0
-6177.0
-7027.0
-7393.0
-7751.0
-7656.0
-6808.0
-7544.0
-7728.0
-6756.0
-7703.0
-8075.0
-7175.0
-7274.0
-7523.0
-7371.0
-7417.0
-6966.0
-8118.0
-6289.0
-6798.0
-7500.0
-7052.0
-7295.0
-7696.0
-7876.0
-6604.0
-7310.0
-7471.0
-7431.0
-7665.0
-6040.0
-7073.0
-7473.0
-7023.0
-6889.0
-8052.0
-7711.0
-7255.0
-7098.0
-7434.0
-6607.0
-6966.0
-6909.0
-7695.0
-7971.0
-7323.0
-6899.0
-7863.0
-8164.0
-7838.0
-7504.0
-8047.0
-7875.0
-6962.0
-7448.0
-7076.0
-7277.0
-7429.0
-7197.0
-7597.0
-7482.0
-7181.0
-7131.0
-7735.0
-6819.0
-7721.0
-7281.0
-7502.0
-7393.0
-7689.0
-7630.0
-6830.0
-8171.0
-7771.0
-7063.0
-7165.0
-6782.0
-7797.0
-7521.0
-7347.0
-7215.0
-7926.0
-7464.0
-6659.0
-7107.0
-7258.0
-7725.0
-7255.0
-7265.0
-7030.0
-7606.0
-6670.0
-6258.0
-7322.0
-7029.0
-7088.0
-7286.0
-7529.0
-6802.0
-7937.0
-7474.0
-7349.0
-7230.0
-7719.0
-7086.0
-8008.0
-6531.0
-7043.0
-7233.0
-8021.0
-7392.0
-7138.0
-7193.0
-7726.0
-7108.0
-6776.0
-7201.0
-7156.0
-7388.0
-6596.0
-7077.0
-6731.0
-7723.0
-7389.0
-7260.0
-7674.0
-7377.0
-7626.0
-7100.0
-7274.0
-7793.0
-6974.0
-7302.0
-6778.0
-6500.0
-7901.0
-6911.0
-7284.0
-6604.0
-7595.0
-7425.0
-7232.0
-8394.0
-7155.0
-6974.0
-6856.0
-7571.0
-7690.0
-7258.0
-7507.0
-6641.0
-7077.0
-7845.0
-8054.0
-8212.0
-7827.0
-7061.0
-7402.0
-7563.0
-7089.0
-7277.0
-7598.0
-7490.0
-6715.0
-7343.0
-7679.0
-7335.0
-7477.0
-7626.0
-7406.0
-7104.0
-7831.0
-7460.0
-7057.0
-6512.0
-7685.0
-7226.0
-8127.0
-8125.0
-7384.0
-7167.0
-7272.0
-7567.0
-7937.0
-6777.0
-6392.0
-7616.0
-7830.0
-7627.0
-7315.0
-6606.0
-7603.0
-7359.0
-7052.0
-7507.0
-6813.0
-7992.0
-7072.0
-6744.0
-7584.0
-8477.0
-7585.0
-7371.0
-6725.0
-7683.0
-7350.0
-7205.0
-7784.0
-8538.0
-7843.0
-6774.0
-7343.0
-7862.0
-7974.0
-7506.0
-7732.0
-7078.0
-7776.0
-7372.0
-6978.0
-7527.0
-7847.0
-7460.0
-7371.0
-7788.0
-8577.0
-6594.0
-7206.0
-6766.0
-7540.0
-7740.0
-7270.0
-7215.0
-7782.0
-7559.0
-8278.0
-7244.0
-7196.0
-7744.0
-7708.0
-6973.0
-6244.0
-8047.0
-8319.0
-7144.0
-7446.0
-6876.0
-7705.0
-7206.0
-6996.0
-7848.0
-7831.0
-8030.0
-7549.0
-6550.0
-8003.0
-6777.0
-6988.0
-7936.0
-7127.0
-7906.0
-7215.0
-7332.0
-7234.0
-7589.0
-7850.0
-8092.0
-7320.0
-7437.0
-7358.0
-7630.0
-7560.0
-7243.0
-7294.0
-7972.0
-7015.0
-7852.0
-7118.0
-7727.0
-7800.0
-7535.0
-8080.0
-7366.0
-7587.0
-7145.0
-7218.0
-7382.0
-7945.0
-6575.0
-7294.0
-6329.0
-7443.0
-6595.0
-7694.0
-7002.0
-7394.0
-6864.0
-7379.0
-7680.0
-7691.0
-6847.0
-6463.0
-8042.0
-8197.0
-7965.0
-7709.0
-7460.0
-7825.0
-7309.0
-6938.0
-7702.0
-7852.0
-6958.0
-8031.0
-7098.0
-6836.0
-8010.0
-7521.0
-8026.0
-7161.0
-7314.0
-7478.0
-7223.0
-7399.0
-7584.0
-7752.0
-7474.0
-7270.0
-7254.0
-6872.0
-7741.0
-6815.0
-7027.0
-7572.0
-6832.0
-8236.0
-7590.0
-6955.0
-8187.0
-7764.0
-7478.0
-7313.0
-7302.0
-7732.0
-8068.0
-7682.0
-6402.0
-7348.0
-7999.0
-7420.0
-6704.0
-7805.0
-7502.0
-7839.0
-7537.0
-7957.0
-8245.0
-7124.0
-7575.0
-8011.0
-7570.0
-7418.0
-7861.0
-6689.0
-7620.0
-8296.0
-6961.0
-7774.0
-7342.0
-7570.0
-7476.0
-6838.0
-7669.0
-7822.0
-7310.0
-7714.0
-7044.0
-7322.0
-7644.0
-8021.0
-6737.0
-7741.0
-7904.0
-7677.0
-7674.0
-8033.0
-7871.0
-7744.0
-6949.0
-8403.0
-8116.0
-7634.0
-7428.0
-8020.0
-7420.0
-7720.0
-7662.0
-7219.0
-7894.0
-8203.0
-6295.0
-7169.0
-8143.0
-7555.0
-7160.0
-7205.0
-8219.0
-7392.0
-7796.0
-7847.0
-7541.0
-7381.0
-7305.0
-7106.0
-6520.0
-8091.0
-7209.0
-6576.0
-8073.0
-7337.0
-7993.0
-7605.0
-6958.0
-7529.0
-7834.0
-7161.0
-8325.0
-7794.0
-6284.0
-7317.0
-7670.0
-6903.0
-6064.0
-7333.0
-7927.0
-7589.0
-8084.0
-7974.0
-7394.0
-7763.0
-8468.0
-7328.0
-7165.0
-7785.0
-7750.0
-7258.0
-8101.0
-7996.0
-8223.0
-7151.0
-7936.0
-7542.0
-8040.0
-7291.0
-7611.0
-7717.0
-7672.0
-6939.0
-7493.0
-8117.0
-7652.0
-7415.0
-7935.0
-7191.0
-7860.0
-7374.0
-7141.0
-7565.0
-6830.0
-7769.0
-7208.0
-7490.0
-7429.0
-7385.0
-7306.0
-6355.0
-7859.0
-7725.0
-7522.0
-7291.0
-6675.0
-7559.0
-7705.0
-7646.0
-7317.0
-7640.0
-8160.0
-8255.0
-7014.0
-7802.0
-7143.0
-6770.0
-7154.0
-7664.0
-8014.0
-7342.0
-7472.0
-7165.0
-7108.0
-7292.0
-6541.0
-8906.0
-7844.0
-7646.0
-7452.0
-7438.0
-7934.0
-7822.0
-7294.0
-7713.0
-7823.0
-7187.0
-7293.0
-7486.0
-7491.0
-7407.0
-8251.0
-7591.0
-7485.0
-7407.0
-7076.0
-7586.0
-7784.0
-8179.0
-7036.0
-7339.0
-7003.0
-7964.0
-7656.0
-7985.0
-7471.0
-7530.0
-7438.0
-7638.0
-7944.0
-7300.0
-7875.0
-7661.0
-6865.0
-8002.0
-8038.0
-7533.0
-7014.0
-7950.0
-7749.0
-7227.0
-7227.0
-7472.0
-8315.0
-8394.0
-6912.0
-7769.0
-7479.0
-7220.0
-7396.0
-7612.0
-6999.0
-7811.0
-7557.0
-7304.0
-7268.0
-7681.0
-7410.0
-8129.0
-7849.0
-7877.0
-7364.0
-6859.0
-8413.0
-8083.0
-6414.0
-7084.0
-7198.0
-7344.0
-7763.0
-7157.0
-7554.0
-7234.0
-7464.0
-7972.0
-7504.0
-7469.0
-7630.0
-7327.0
-8344.0
-7399.0
-7413.0
-7593.0
-7601.0
-6823.0
-8001.0
-7941.0
-7411.0
-7849.0
-7806.0
-6948.0
-7446.0
-7795.0
-7433.0
-8149.0
-8200.0
-6398.0
-7578.0
-7587.0
-7194.0
-7493.0
-6574.0
-7439.0
-8187.0
-7532.0
-7502.0
-7902.0
-8774.0
-7665.0
-7010.0
-7867.0
-7366.0
-7390.0
-6810.0
-7887.0
-7164.0
-7728.0
-7251.0
-7143.0
-7391.0
-7976.0
-7919.0
-6997.0
-7903.0
-6715.0
-8107.0
-7723.0
-8040.0
-7255.0
-7380.0
-7906.0
-7797.0
-7148.0
-7205.0
-6932.0
-7742.0
-7592.0
-7517.0
-7179.0
-8105.0
-7305.0
-7050.0
-6355.0
-7798.0
-7777.0
-6946.0
-7231.0
-7705.0
-7847.0
-7691.0
-7300.0
-7150.0
-8399.0
-8346.0
-7191.0
-7649.0
-7406.0
-8066.0
-8104.0
-7576.0
-7659.0
-7127.0
-8486.0
-8037.0
-7320.0
-7984.0
-8250.0
-7383.0
-7262.0
-7032.0
-7660.0
-6856.0
-7577.0
-7362.0
-7656.0
-7659.0
-7725.0
-7933.0
-6965.0
-7655.0
-7403.0
-6908.0
-7101.0
-7444.0
-7682.0
-8177.0
-7829.0
-7785.0
-7421.0
-8041.0
-7113.0
-6867.0
-7841.0
-7191.0
-8574.0
-7061.0
-7988.0
-7525.0
-7640.0
-7014.0
-7536.0
-6809.0
-7363.0
-7498.0
-7540.0
-6737.0
-7252.0
-7834.0
-7903.0
-8251.0
-6793.0
-7271.0
-7943.0
-7554.0
-8071.0
-7405.0
-7489.0
-7133.0
-7818.0
-7888.0
-7370.0
-6907.0
-7415.0
-8578.0
-7801.0
-7576.0
-7583.0
-8001.0
-7203.0
-7025.0
-8018.0
-7962.0
-8158.0
-7845.0
-6805.0
-6880.0
-8301.0
-7833.0
-8059.0
-6861.0
-7658.0
-7775.0
-7536.0
-7799.0
-7581.0
-7590.0
-7392.0
-7316.0
-6930.0
-7323.0
-7735.0
-7738.0
-7769.0
-7806.0
-6709.0
-7164.0
-8219.0
-7561.0
-7470.0
-8243.0
-7163.0
-7564.0
-7388.0
-6654.0
-7548.0
-7872.0
-7446.0
-7808.0
-7884.0
-7366.0
-7017.0
-7413.0
-6939.0
-7848.0
-7716.0
-6726.0
-7188.0
-7366.0
-8090.0
-7284.0
-7579.0
-7954.0
-7990.0
-7724.0
-7272.0
-7153.0
-7427.0
-7894.0
-7748.0
-7515.0
-6957.0
-7179.0
-8069.0
-7636.0
-6859.0
-7824.0
-7515.0
-7710.0
-7262.0
-7584.0
-8410.0
-7809.0
-7520.0
-7163.0
-7980.0
-7828.0
-8159.0
-7505.0
-7923.0
-8050.0
-8385.0
-7824.0
-7614.0
-8425.0
-6969.0
-7674.0
-7023.0
-8156.0
-8066.0
-7642.0
-7286.0
-8471.0
-8174.0
-8040.0
-7207.0
-7500.0
-8273.0
-7650.0
-7024.0
-7380.0
-7467.0
-8005.0
-7231.0
-7872.0
-7901.0
-7653.0
-7495.0
-7020.0
-7568.0
-7564.0
-7608.0
-7841.0
-7434.0
-7647.0
-8025.0
-7674.0
-7822.0
-7767.0
-7870.0
-8819.0
-7907.0
-8459.0
-7886.0
-7832.0
-7512.0
-8237.0
-7570.0
-7554.0
-7196.0
-7557.0
-7603.0
-7890.0
-7653.0
-7861.0
-7479.0
-7250.0
-7739.0
-7612.0
-7540.0
-7707.0
-7777.0
-7682.0
-7827.0
-7869.0
-8141.0
-7431.0
-7531.0
-6885.0
-7920.0
-6821.0
-8520.0
-7657.0
-7325.0
-8719.0
-7933.0
-7887.0
-6320.0
-7779.0
-7906.0
-6719.0
-7585.0
-7608.0
-7146.0
-7591.0
-7632.0
-8033.0
-8383.0
-8004.0
-7546.0
-7960.0
-7861.0
-8065.0
-6640.0
-6527.0
-7547.0
-7919.0
-6928.0
-7987.0
-7673.0
-7715.0
-7335.0
-8308.0
-7392.0
-7600.0
-6635.0
-6760.0
-7481.0
-7577.0
-8393.0
-7598.0
-7986.0
-7813.0
-7769.0
-7395.0
-8023.0
-7632.0
-7488.0
-9535.0
-8454.0
-8155.0
-8215.0
-7569.0
-7441.0
-8041.0
-8234.0
-7232.0
-7988.0
-7666.0
-7988.0
-7704.0
-7854.0
-6643.0
-7501.0
-7597.0
-7431.0
-7518.0
-6798.0
-8141.0
-7317.0
-7867.0
-8062.0
-7393.0
-7751.0
-8024.0
-8112.0
-7215.0
-7949.0
-6850.0
-8385.0
-6948.0
-7868.0
-8045.0
-6456.0
-7634.0
-7141.0
-7278.0
-8045.0
-8392.0
-8230.0
-7630.0
-6691.0
-7737.0
-7603.0
-8315.0
-7358.0
-7401.0
-7197.0
-7531.0
-7698.0
-7751.0
-7728.0
-8139.0
-7593.0
-8030.0
-8211.0
-7391.0
-7460.0
-8086.0
-8153.0
-7464.0
-7146.0
-7807.0
-7532.0
-7826.0
-7835.0
-7229.0
-7627.0
-7381.0
-6251.0
-6974.0
-7133.0
-7421.0
-7724.0
-8023.0
-7577.0
-8130.0
-7893.0
-7455.0
-6973.0
-7956.0
-8191.0
-7687.0
-7901.0
-7868.0
-7632.0
-6978.0
-8475.0
-7491.0
-7451.0
-7668.0
-7455.0
-7521.0
-7526.0
-7165.0
-7984.0
-7820.0
-7394.0
-8278.0
-7988.0
-7463.0
-7837.0
-8524.0
-7983.0
-7772.0
-7442.0
-7721.0
-7761.0
-8318.0
-8056.0
-6297.0
-7760.0
-6796.0
-7869.0
-7495.0
-7811.0
-7534.0
-7490.0
-7476.0
-8023.0
-8746.0
-7818.0
-7629.0
-7077.0
-8984.0
-7955.0
-7036.0
-7908.0
-7054.0
-7841.0
-7644.0
-7733.0
-7612.0
-7957.0
-7428.0
-7878.0
-7665.0
-7176.0
-7711.0
-7337.0
-9007.0
-7464.0
-7421.0
-7570.0
-7260.0
-6706.0
-7080.0
-7654.0
-8717.0
-6932.0
-6973.0
-7124.0
-7413.0
-8378.0
-8401.0
-7586.0
-7607.0
-7105.0
-7666.0
-7538.0
-8066.0
-7793.0
-7646.0
-7005.0
-7564.0
-7860.0
-7885.0
-6916.0
-7694.0
-7831.0
-7867.0
-8026.0
-7580.0
-7585.0
-7429.0
-8517.0
-8164.0
-7393.0
-8594.0
-7518.0
-7329.0
-8446.0
-7278.0
-7843.0
-7878.0
-7538.0
-8136.0
-7345.0
-7479.0
-9436.0
-7192.0
-7680.0
-8188.0
-7810.0
-7479.0
-8053.0
-8180.0
-7945.0
-7960.0
-8050.0
-7487.0
-7152.0
-7455.0
-7877.0
-7594.0
-7698.0
-7597.0
-8654.0
-7630.0
-7477.0
-7875.0
-7507.0
-7012.0
-7631.0
-8320.0
-8423.0
-9420.0
-7602.0
-7617.0
-7900.0
-8548.0
-7975.0
-8357.0
-7428.0
-7725.0
-7719.0
-7806.0
-7163.0
-7134.0
-8646.0
-7584.0
-8146.0
-8921.0
-7508.0
-7944.0
-8420.0
-8041.0
-8337.0
-8074.0
-8181.0
-7803.0
-7485.0
-8058.0
-7719.0
-7099.0
-8140.0
-7983.0
-7617.0
-7696.0
-8541.0
-7698.0
-8059.0
-7802.0
-7850.0
-8468.0
-7608.0
-7741.0
-7610.0
-7375.0
-7783.0
-7420.0
-7612.0
-7961.0
-7638.0
-7492.0
-6976.0
-7967.0
-6662.0
-7554.0
-7746.0
-8379.0
-7015.0
-7164.0
-8316.0
-7911.0
-7750.0
-8363.0
-8716.0
-8263.0
-8378.0
-7250.0
-7434.0
-8177.0
-8905.0
-7565.0
-7192.0
-7268.0
-7969.0
-7825.0
-8522.0
-7575.0
-7878.0
-7703.0
-6717.0
-7095.0
-8081.0
-7897.0
-7086.0
-7710.0
-8777.0
-8719.0
-7612.0
-9640.0
-7723.0
-7631.0
-7118.0
-7227.0
-7184.0
-9074.0
-8148.0
-7533.0
-7934.0
-8134.0
-7261.0
-7850.0
-8267.0
-7703.0
-7679.0
-8133.0
-8183.0
-8210.0
-8719.0
-7524.0
-7857.0
-7554.0
-7025.0
-8910.0
-8515.0
-7805.0
-8062.0
-7522.0
-7856.0
-7277.0
-8317.0
-7909.0
-7661.0
-10330.0
-7542.0
-7645.0
-8368.0
-7862.0
-8661.0
-9496.0
-8288.0
-8142.0
-8021.0
-8004.0
-7530.0
-7905.0
-7425.0
-8050.0
-7604.0
-7208.0
-7844.0
-7546.0
-7602.0
-8500.0
-8263.0
-7412.0
-7612.0
-7710.0
-8413.0
-7983.0
-7946.0
-8101.0
-7556.0
-7779.0
-7449.0
-7494.0
-7746.0
-8588.0
-7329.0
-7980.0
-7162.0
-7842.0
-7292.0
-7626.0
-7535.0
-7946.0
-8246.0
-8431.0
-7962.0
-7952.0
-8064.0
-7798.0
-8031.0
-8602.0
-7324.0
-6727.0
-7602.0
-6834.0
-7819.0
-8188.0
-7977.0
-8068.0
-7848.0
-9065.0
-7960.0
-8111.0
-7508.0
-7615.0
-7482.0
-8777.0
-7809.0
-7866.0
-8508.0
-7774.0
-8568.0
-7621.0
-8311.0
-7593.0
-7402.0
-8093.0
-7764.0
-8010.0
-8230.0
-7848.0
-8562.0
-8212.0
-7923.0
-7921.0
-7204.0
-7702.0
-7090.0
-7152.0
-7498.0
-7376.0
-7862.0
-8216.0
-8535.0
-8760.0
-8354.0
-8011.0
-8865.0
-7576.0
-7572.0
-7999.0
-7985.0
-9707.0
-8058.0
-8424.0
-7216.0
-7894.0
-7946.0
-7782.0
-7168.0
-7688.0
-7623.0
-7710.0
-8141.0
-8208.0
-7454.0
-7673.0
-7926.0
-8330.0
-7775.0
-9464.0
-8403.0
-8306.0
-8937.0
-8654.0
-8239.0
-7752.0
-7767.0
-8199.0
-8068.0
-7891.0
-7702.0
-8189.0
-7842.0
-7046.0
-8692.0
-8055.0
-8325.0
-7751.0
-7720.0
-8861.0
-8405.0
-7326.0
-7810.0
-7537.0
-7361.0
-8202.0
-8170.0
-7166.0
-7408.0
-9377.0
-8903.0
-8026.0
-7596.0
-9662.0
-8127.0
-7603.0
-8184.0
-10157.0
-7862.0
-9474.0
-8434.0
-8266.0
-7768.0
-7614.0
-7873.0
-8167.0
-8212.0
-7074.0
-7604.0
-8324.0
-7820.0
-9042.0
-7443.0
-7331.0
-8022.0
-7974.0
-8449.0
-8143.0
-8913.0
-7672.0
-7770.0
-7752.0
-8484.0
-8387.0
-7703.0
-7859.0
-7206.0
-8111.0
-7381.0
-7856.0
-7490.0
-8510.0
-8027.0
-8383.0
-7933.0
-7537.0
-7626.0
-8093.0
-8216.0
-8027.0
-9566.0
-8048.0
-7115.0
-7747.0
-7584.0
-7302.0
-7220.0
-8614.0
-7561.0
-7730.0
-8171.0
-7576.0
-7787.0
-7784.0
-8521.0
-8774.0
-8645.0
-7649.0
-7337.0
-6920.0
-7937.0
-7806.0
-7202.0
-7405.0
-7247.0
-7761.0
-10050.0
-7980.0
-8221.0
-8042.0
-8330.0
-8060.0
-6761.0
-8909.0
-8631.0
-7730.0
-7939.0
-8859.0
-7139.0
-8364.0
-8329.0
-7053.0
-7625.0
-7689.0
-7970.0
-8378.0
-9041.0
-7925.0
-7366.0
-7374.0
-7978.0
-8312.0
-8667.0
-8227.0
-8961.0
-7718.0
-8132.0
-7778.0
-8011.0
-7490.0
-8608.0
-7411.0
-8285.0
-7518.0
-8237.0
-8218.0
-8577.0
-8125.0
-7606.0
-7787.0
-8078.0
-8255.0
-8167.0
-7603.0
-8493.0
-7322.0
-8159.0
-8409.0
-8648.0
-8505.0
-7968.0
-8521.0
-9285.0
-7524.0
-8674.0
-8198.0
-8096.0
-7658.0
-8227.0
-7403.0
-7630.0
-7679.0
-7632.0
-7988.0
-7150.0
-7920.0
-9291.0
-9076.0
-8288.0
-8023.0
-8016.0
-8780.0
-8121.0
-7956.0
-7471.0
-8408.0
-7916.0
-8399.0
-8914.0
-7836.0
-7438.0
-8297.0
-8204.0
-7596.0
-7728.0
-8066.0
-8311.0
-8559.0
-9051.0
-8966.0
-7881.0
-7759.0
-7773.0
-7942.0
-7126.0
-8995.0
-8216.0
-7352.0
-8906.0
-8118.0
-7726.0
-8075.0
-8385.0
-7725.0
-7710.0
-8661.0
-7599.0
-9815.0
-8184.0
-8550.0
-8016.0
-8417.0
-8078.0
-8288.0
-9102.0
-7669.0
-8541.0
-8669.0
-7957.0
-8278.0
-8407.0
-7523.0
-8016.0
-8016.0
-7836.0
-9384.0
-7775.0
-7780.0
-7800.0
-8704.0
-8027.0
-7980.0
-8994.0
-8505.0
-8027.0
-8469.0
-8336.0
-8534.0
-8344.0
-7780.0
-8348.0
-8199.0
-7335.0
-7724.0
-7968.0
-7314.0
-7483.0
-7863.0
-7919.0
-7198.0
-7669.0
-7599.0
-8199.0
-8546.0
-7536.0
-8162.0
-8744.0
-8075.0
-7967.0
-8308.0
-7938.0
-9038.0
-7464.0
-7773.0
-7240.0
-8963.0
-8063.0
-7895.0
-8753.0
-7968.0
-8571.0
-8109.0
-7990.0
-8952.0
-7952.0
-7796.0
-8707.0
-8515.0
-8747.0
-7394.0
-8128.0
-8626.0
-8090.0
-7769.0
-8255.0
-7832.0
-8373.0
-8052.0
-8338.0
-8045.0
-8596.0
-8654.0
-7967.0
-8096.0
-7664.0
-9821.0
-7690.0
-8093.0
-9033.0
-8534.0
-8080.0
-8156.0
-8707.0
-8041.0
-8182.0
-9314.0
-8193.0
-7553.0
-8252.0
-7793.0
-9004.0
-8344.0
-8737.0
-8843.0
-8045.0
-8201.0
-7792.0
-8225.0
-7838.0
-8268.0
-7767.0
-9022.0
-7784.0
-8409.0
-8796.0
-8180.0
-7811.0
-9290.0
-8842.0
-7987.0
-8906.0
-8267.0
-8586.0
-8956.0
-9091.0
-8506.0
-8405.0
-8288.0
-8006.0
-8472.0
-8513.0
-7838.0
-7449.0
-7895.0
-8428.0
-9056.0
-8238.0
-8856.0
-7910.0
-8641.0
-8272.0
-8772.0
-7855.0
-8869.0
-8139.0
-7939.0
-7923.0
-8115.0
-8486.0
-7918.0
-8956.0
-8491.0
-8259.0
-8048.0
-8005.0
-8175.0
-7591.0
-7642.0
-7869.0
-8409.0
-8061.0
-8087.0
-7888.0
-8200.0
-7558.0
-9512.0
-8892.0
-7894.0
-8355.0
-7725.0
-7959.0
-8820.0
-8223.0
-8412.0
-7532.0
-8041.0
-8026.0
-8933.0
-8570.0
-8026.0
-7981.0
-8419.0
-8370.0
-8474.0
-7699.0
-8276.0
-8772.0
-8320.0
-7860.0
-8151.0
-8175.0
-8132.0
-7984.0
-8995.0
-8074.0
-7604.0
-7954.0
-9243.0
-8547.0
-9331.0
-8374.0
-8311.0
-7669.0
-7877.0
-8290.0
-9157.0
-8362.0
-8595.0
-8468.0
-10195.0
-8686.0
-8539.0
-8394.0
-8258.0
-8210.0
-9414.0
-8270.0
-8429.0
-8387.0
-9568.0
-9613.0
-8858.0
-8402.0
-7382.0
-8469.0
-8697.0
-8296.0
-8322.0
-8275.0
-8114.0
-8087.0
-8407.0
-8490.0
-8612.0
-8260.0
-8208.0
-8523.0
-7812.0
-8209.0
-8521.0
-7998.0
-7873.0
-8375.0
-8541.0
-8828.0
-8782.0
-7554.0
-8523.0
-8499.0
-7868.0
-8894.0
-9661.0
-8592.0
-7456.0
-8007.0
-8174.0
-8662.0
-7607.0
-8135.0
-7995.0
-7528.0
-7829.0
-8855.0
-8261.0
-8778.0
-8496.0
-8391.0
-8644.0
-8090.0
-8798.0
-8733.0
-8673.0
-8900.0
-8824.0
-7733.0
-8006.0
-8107.0
-8371.0
-8715.0
-8734.0
-7732.0
-7775.0
-8032.0
-7363.0
-8484.0
-8219.0
-8604.0
-7807.0
-9329.0
-7897.0
-8846.0
-8591.0
-8032.0
-8014.0
-9002.0
-8409.0
-8470.0
-8375.0
-8220.0
-8220.0
-9020.0
-8331.0
-8973.0
-7819.0
-8499.0
-8458.0
-8891.0
-7780.0
-8567.0
-8806.0
-7549.0
-8832.0
-8763.0
-7754.0
-9195.0
-8047.0
-8301.0
-7680.0
-9418.0
-8280.0
-8161.0
-8449.0
-8323.0
-7965.0
-8296.0
-8906.0
-8218.0
-8425.0
-8043.0
-7948.0
-8520.0
-8209.0
-8345.0
-8253.0
-8577.0
-7782.0
-8929.0
-8280.0
-8069.0
-8065.0
-9140.0
-8679.0
-8725.0
-7612.0
-7870.0
-8341.0
-8632.0
-10546.0
-8721.0
-8214.0
-8199.0
-8187.0
-8216.0
-7918.0
-8471.0
-8385.0
-9349.0
-7936.0
-8220.0
-7949.0
-8635.0
-8044.0
-8690.0
-8390.0
-8216.0
-8716.0
-7868.0
-8389.0
-8496.0
-7660.0
-7875.0
-7973.0
-8121.0
-8290.0
-8731.0
-8404.0
-7966.0
-8939.0
-9741.0
-8886.0
-8422.0
-8037.0
-8728.0
-8144.0
-8449.0
-9359.0
-9048.0
-8128.0
-8348.0
-8756.0
-7904.0
-8053.0
-8074.0
-8343.0
-8293.0
-7535.0
-8778.0
-8035.0
-8335.0
-8526.0
-7972.0
-8634.0
-8092.0
-9112.0
-8445.0
-8068.0
-7967.0
-7461.0
-8412.0
-8117.0
-7944.0
-8046.0
-8013.0
-8229.0
-8251.0
-8463.0
-8399.0
-8158.0
-8271.0
-8416.0
-8711.0
-8568.0
-8210.0
-9167.0
-8475.0
-8084.0
-9190.0
-7865.0
-9017.0
-8082.0
-8462.0
-8357.0
-8129.0
-8174.0
-7729.0
-7872.0
-9271.0
-8726.0
-8601.0
-8420.0
-8584.0
-8474.0
-8181.0
-8582.0
-7906.0
-7675.0
-8483.0
-8745.0
-7930.0
-10005.0
-9130.0
-9082.0
-8094.0
-8205.0
-7862.0
-8773.0
-8251.0
-8746.0
-8398.0
-8628.0
-8467.0
-8018.0
-8798.0
-8169.0
-8112.0
-8335.0
-8563.0
-8520.0
-9408.0
-9039.0
-8150.0
-7809.0
-8289.0
-8363.0
-8293.0
-7604.0
-7984.0
-9101.0
-8764.0
-8466.0
-8048.0
-8098.0
-8502.0
-8683.0
-7653.0
-8041.0
-8611.0
-7670.0
-8175.0
-8227.0
-8521.0
-7928.0
-8169.0
-8235.0
-9143.0
-8160.0
-7962.0
-8422.0
-8278.0
-8195.0
-8765.0
-8877.0
-9367.0
-8512.0
-8193.0
-8283.0
-8270.0
-8695.0
-8382.0
-8240.0
-8430.0
-7340.0
-8369.0
-7817.0
-8221.0
-8031.0
-8647.0
-8245.0
-8441.0
-9798.0
-9344.0
-8071.0
-8039.0
-7880.0
-8454.0
-8084.0
-8274.0
-8496.0
-8203.0
-9258.0
-8643.0
-8260.0
-8386.0
-9667.0
-8957.0
-7915.0
-9357.0
-8121.0
-8618.0
-8185.0
-8772.0
-8429.0
-7678.0
-8117.0
-8252.0
-7653.0
-8229.0
-8500.0
-8146.0
-8538.0
-8579.0
-8608.0
-7834.0
-7669.0
-8321.0
-8127.0
-8796.0
-8679.0
-8311.0
-8192.0
-8238.0
-8652.0
-8793.0
-8401.0
-8456.0
-7940.0
-8541.0
-8479.0
-9044.0
-8166.0
-8400.0
-8200.0
-8250.0
-8959.0
-9143.0
-8401.0
-8602.0
-8266.0
-9064.0
-7728.0
-7602.0
-8334.0
-9074.0
-8717.0
-8073.0
-8067.0
-8819.0
-8728.0
-8509.0
-7962.0
-8448.0
-7757.0
-7804.0
-8938.0
-8269.0
-8151.0
-8855.0
-8020.0
-8728.0
-8243.0
-7585.0
-8731.0
-8514.0
-8350.0
-8333.0
-8203.0
-6990.0
-8132.0
-8186.0
-9217.0
-7966.0
-8141.0
-8102.0
-8155.0
-7803.0
-7872.0
-8371.0
-8156.0
-7857.0
-8475.0
-8540.0
-7987.0
-8768.0
-8212.0
-8171.0
-9218.0
-7960.0
-8013.0
-8188.0
-8515.0
-8488.0
-8666.0
-8615.0
-8629.0
-8063.0
-7985.0
-8995.0
-8793.0
-8230.0
-8422.0
-8069.0
-8366.0
-8127.0
-7901.0
-8389.0
-9014.0
-8756.0
-7551.0
-8170.0
-8253.0
-8978.0
-8655.0
-8344.0
-7918.0
-7823.0
-8140.0
-7831.0
-7944.0
-9100.0
-8425.0
-7843.0
-8888.0
-9314.0
-7895.0
-8092.0
-8041.0
-8721.0
-8007.0
-8948.0
-8678.0
-8346.0
-8500.0
-8096.0
-8832.0
-7943.0
-9093.0
-8097.0
-8184.0
-7817.0
-8741.0
-8448.0
-7735.0
-9708.0
-9291.0
-8404.0
-8873.0
-9098.0
-8296.0
-8483.0
-8231.0
-8362.0
-8302.0
-8098.0
-8903.0
-8629.0
-8432.0
-8035.0
-8257.0
-8427.0
-8439.0
-8715.0
-8383.0
-8323.0
-8695.0
-8101.0
-8341.0
-8101.0
-8109.0
-8204.0
-8037.0
-8480.0
-8507.0
-8359.0
-9540.0
