0
-1.08709
-1.04356
-1.02907
-1.05527
-1.0512299999999999
-1.07548
-1.05356
-1.05115
-1.0389
-1.04941
-1.06364
-1.05009
-1.05911
-1.0333
-1.0443500000000001
-1.04745
-1.04393
-1.05881
-1.06347
-1.04223
-1.04395
-1.05917
-1.03118
-1.06989
-1.03862
-1.0414
-1.06206
-1.04171
-1.04608
-1.06348
-1.04258
-1.04703
-1.03912
-1.0341
-1.03721
-1.05349
-1.03261
-1.03375
-1.04808
-1.0644
-1.05647
-1.0437
-1.03417
-1.02712
-1.02667
-1.04064
-1.04168
-1.0766
-1.04111
-1.03713
-1.02845
-1.03783
-1.04624
-1.03463
-1.03232
-1.06018
-1.02702
-1.05025
-1.02924
-1.05031
-1.04278
-1.04661
-1.09222
-1.04623
-1.0573
-1.06813
-1.06038
-1.05085
-1.02967
-1.06935
-1.0295
-1.04432
-1.04929
-1.03333
-1.03649
-1.02971
-1.04266
-1.05358
-1.03567
-1.05739
-1.05133
-1.0522
-1.0551
-1.03302
-1.06027
-1.06235
-1.03073
-1.06554
-1.03178
-1.04398
-1.03836
-1.04423
-1.02852
-1.02685
-1.03828
-1.04456
-1.05757
-1.06373
-1.03085
-1.06735
-1.07393
-1.06693
-1.04678
-1.04749
-1.054
-1.04859
-1.05013
-1.05285
-1.04661
-1.04265
-1.05293
-1.03047
-1.04839
-1.05721
-1.05156
-1.04643
-1.05743
-1.03485
-1.0511
-1.04812
-1.05313
-1.04065
-1.06002
-1.04948
-1.0334
-1.04464
-1.04242
-1.04758
-1.05849
-1.05097
-1.03721
-1.03293
-1.05126
-1.05232
-1.05774
-1.05597
-1.02575
-1.04771
-1.04781
-1.04641
-1.07595
-1.07012
-1.03411
-1.04423
-1.07502
-1.05832
-1.06084
-1.03916
-1.02801
-1.03913
-1.0495
-1.02943
-1.04544
-1.05596
-1.05061
-1.02726
-1.06841
-1.04042
-1.06073
-1.06547
-1.04717
-1.04433
-1.06735
-1.06819
-1.04973
-1.06107
-1.0601
-1.04558
-1.05488
-1.05007
-1.04044
-1.04218
-1.04683
-1.02988
-1.03982
-1.08125
-1.04958
-1.04039
-1.05526
-1.04562
-1.0426
-1.03784
-1.05864
-1.03073
-1.04827
-1.04844
-1.05254
-1.03407
-1.04797
-1.04663
-1.03381
-1.05155
-1.02932
-1.04712
-1.07016
-1.07176
-1.05389
-1.05802
-1.05695
-1.04791
-1.05381
-1.03986
-1.03935
-1.04917
-1.0410300000000001
-1.06615
-1.06116
-1.04308
-1.05175
-1.03708
-1.05756
-1.05695
-1.04347
-1.06104
-1.04501
-1.05264
-1.06606
-1.04894
-1.05137
-1.04287
-1.0626
-1.05866
-1.05014
-1.04834
-1.03788
-1.03077
-1.02572
-1.03771
-1.04138
-1.06559
-1.06979
-1.04065
-1.05265
-1.06093
-1.04098
-1.02804
-1.03094
-1.03911
-1.06085
-1.0545
-1.05237
-1.04768
-1.0277
-1.03583
-1.06041
-1.04803
-1.04853
-1.05564
-1.0499
-1.04043
-1.06056
-1.05817
-1.05586
-1.05779
-1.05388
-1.05104
-1.03371
-1.0438
-1.04377
-1.07152
-1.05665
-1.05646
-1.03707
-1.04433
-1.05595
-1.02994
-1.04557
-1.03711
-1.06586
-1.04986
-1.07498
-1.05035
-1.05969
-1.04766
-1.06135
-1.04114
-1.07278
-1.02587
-1.06361
-1.05917
-1.06656
-1.05661
-1.03559
-1.03188
-1.05349
-1.0481800000000001
-1.0609
-1.06112
-1.03387
-1.04442
-1.03971
-1.02968
-1.02392
-1.04085
-1.06199
-1.04992
-1.0355
-1.04396
-1.02292
-1.04817
-1.0576699999999999
-1.05272
-1.04091
-1.05528
-1.03046
-1.05804
-1.08012
-1.04398
-1.033
-1.04077
-1.04719
-1.04966
-1.02741
-1.03666
-1.07263
-1.06166
-1.05099
-1.05458
-1.02713
-1.03802
-1.05981
-1.0543
-1.08161
-1.03618
-1.0279
-1.05847
-1.03191
-1.06116
-1.04931
-1.05178
-1.06341
-1.07083
-1.03972
-1.05467
-1.03821
-1.05483
-1.06083
-1.06787
-1.03855
-1.05775
-1.05985
-1.06695
-1.0673300000000001
-1.0517
-1.07353
-1.03387
-1.03767
-1.0411
-1.04687
-1.06522
-1.0507
-1.05867
-1.03147
-1.07018
-1.05903
-1.04454
-1.04547
-1.05925
-1.04715
-1.05363
-1.06362
-1.05542
-1.07485
-1.05455
-1.0707
-1.05372
-1.02831
-1.05344
-1.04603
-1.06507
-1.05434
-1.06147
-1.05393
-1.07318
-1.0584
-1.03063
-1.06896
-1.056
-1.05558
-1.02519
-1.06244
-1.03637
-1.06671
-1.05602
-1.03923
-1.06998
-1.04914
-1.05694
-1.0753
-1.03799
-1.04895
-1.06492
-1.04671
-1.06488
-1.05711
-1.06787
-1.04237
-1.06425
-1.05128
-1.04692
-1.03077
-1.03891
-1.02868
-1.03548
-1.0679400000000001
-1.05156
-1.05457
-1.05899
-1.0423
-1.04828
-1.05583
-1.04776
-1.06637
-1.06063
-1.03086
-1.02587
-1.06642
-1.02986
-1.03709
-1.07007
-1.04645
-1.05135
-1.05587
-1.0435
-1.04569
-1.04423
-1.04268
-1.06739
-1.05889
-1.04561
-1.07785
-1.02725
-1.06382
-1.03357
-1.06227
-1.03516
-1.06146
-1.05191
-1.05209
-1.04365
-1.04814
-1.06228
-1.04458
-1.03036
-1.06057
-1.06657
-1.02857
-1.03153
-1.03436
-1.05211
-1.0565
-1.04373
-1.03647
-1.06812
-1.06077
-1.059
-1.04424
-1.06412
-1.03603
-1.0769
-1.04305
-1.0323
-1.04587
-1.06924
-1.06138
-1.0369
-1.08399
-1.03297
-1.0501800000000001
-1.04481
-1.03811
-1.05161
-1.06843
-1.06196
-1.0668
-1.07267
-1.04711
-1.04341
-1.05813
-1.05311
-1.05104
-1.07217
-1.05871
-1.05824
-1.06292
-1.07779
-1.06615
-1.05768
-1.0552
-1.05636
-1.07479
-1.07085
-1.05925
-1.0506
-1.06952
-1.05148
-1.03266
-1.05025
-1.05421
-1.06212
-1.05404
-1.06649
-1.0659
-1.04376
-1.05666
-1.06552
-1.02977
-1.07496
-1.04463
-1.05825
-1.04604
-1.05874
-1.05104
-1.05715
-1.04822
-1.0564500000000001
-1.05539
-1.04567
-1.03196
-1.03373
-1.05714
-1.04157
-1.04141
-1.06107
-1.04564
-1.05874
-1.03505
-1.03739
-1.03175
-1.06911
-1.06451
-1.05389
-1.04453
-1.0486900000000001
-1.06268
-1.02513
-1.0626
-1.07496
-1.03888
-1.03381
-1.05071
-1.05403
-1.04609
-1.05067
-1.065
-1.04394
-1.06632
-1.04887
-1.05877
-1.04823
-1.04265
-1.06352
-1.07012
-1.06209
-1.05905
-1.05858
-1.04533
-1.0535
-1.02721
-1.04647
-1.04573
-1.05858
-1.05594
-1.04946
-1.08191
-1.06328
-1.02799
-1.06756
-1.02777
-1.03897
-1.04312
-1.03782
-1.06093
-1.04221
-1.06005
-1.04335
-1.0615
-1.0573
-1.05662
-1.05076
-1.05774
-1.06319
-1.06236
-1.03218
-1.08386
-1.02978
-1.04049
-1.04968
-1.07327
-1.02151
-1.06746
-1.06211
-1.0734
-1.03724
-1.07054
-1.06161
-1.05164
-1.0541
-1.06549
-1.05114
-1.0605
-1.05801
-1.06535
-1.05853
-1.0714299999999999
-1.05866
-1.06501
-1.04259
-1.06052
-1.04604
-1.07159
-1.03354
-1.06956
-1.03214
-1.04443
-1.05381
-1.04658
-1.07314
-1.06426
-1.07517
-1.03428
-1.0325
-1.04884
-1.02999
-1.03535
-1.0594
-1.04733
-1.06037
-1.04109
-1.0556
-1.05301
-1.05226
-1.04358
-1.06589
-1.04923
-1.05149
-1.05763
-1.05727
-1.05817
-1.04292
-1.0671
-1.04384
-1.06822
-1.06112
-1.05505
-1.06128
-1.05835
-1.074
-1.06715
-1.03916
-1.06029
-1.07819
-1.05661
-1.06542
-1.07604
-1.06856
-1.0569
-1.09096
-1.0545200000000001
-1.05371
-1.05431
-1.04556
-1.05203
-1.06112
-1.03084
-1.04227
-1.04479
-1.05676
-1.07768
-1.05511
-1.0327
-1.04382
-1.05837
-1.05491
-1.0707
-1.07337
-1.05451
-1.04865
-1.07646
-1.04822
-1.03295
-1.05148
-1.05067
-1.0507
-1.0396
-1.05105
-1.06129
-1.06812
-1.05419
-1.05499
-1.06435
-1.06374
-1.04372
-1.03473
-1.0699
-1.05791
-1.03615
-1.06941
-1.04243
-1.06574
-1.06782
-1.06942
-1.04532
-1.05341
-1.04931
-1.03768
-1.07054
-1.05403
-1.03582
-1.0675
-1.07179
-1.04335
-1.0443
-1.05588
-1.06812
-1.05072
-1.06069
-1.06644
-1.0576
-1.04927
-1.04529
-1.03244
-1.05895
-1.04596
-1.06357
-1.03587
-1.04115
-1.03162
-1.0778699999999999
-1.05073
-1.04283
-1.06065
-1.06786
-1.09225
-1.02848
-1.06016
-1.05751
-1.07122
-1.03451
-1.07896
-1.08819
-1.06785
-1.02924
-1.05922
-1.0627199999999999
-1.05554
-1.06654
-1.0854300000000001
-1.08132
-1.05061
-1.04895
-1.05941
-1.02606
-1.04545
-1.07372
-1.02624
-1.03895
-1.08585
-1.03434
-1.06572
-1.04727
-1.05426
-1.04664
-1.04177
-1.04557
-1.03236
-1.03487
-1.0451
-1.07285
-1.05808
-1.04467
-1.05629
-1.05205
-1.05502
-1.07706
-1.04551
-1.03808
-1.05301
-1.05734
-1.04102
-1.08471
-1.04563
-1.06126
-1.04995
-1.07028
-1.05919
-1.03327
-1.05738
-1.04607
-1.02937
-1.06401
-1.05412
-1.05865
-1.04647
-1.05753
-1.03664
-1.06774
-1.09064
-1.02691
-1.03368
-1.06725
