0
50.31551259259254
47.385992222222065
48.338563333333425
52.95060111111103
52.112889999999936
47.60383888888884
50.60571259259254
52.503728518518464
45.28195000000006
49.09739777777762
49.56372370370365
47.61808592592588
31.39348074074072
50.404895925925665
49.63620444444432
48.47508814814815
43.51211555555544
52.51264925925918
47.427949259259265
45.459605185185154
49.53503740740729
13.742034814814831
49.776712962962954
50.34621259259238
23.763747407407337
0.7610333333333332
49.324297407407286
49.58123777777769
48.26413222222213
50.950955925925896
46.5889914814812
49.207984814814814
18.53820518518516
49.625893703703596
47.74463185185188
40.33965925925908
49.66390296296288
51.36593444444438
50.785671481481415
32.84209481481482
46.64731962962973
52.93572518518494
47.95408481481483
15.21227037037038
13.676640740740739
54.23967074074075
49.37790259259245
50.29076999999973
12.271966296296291
53.633574444444456
51.19910407407396
8.69972925925925
20.95933888888888
8.574515185185177
45.12170259259264
38.334149259259256
43.61152703703698
19.913139629629647
48.11803851851849
47.868054074074074
38.48871111111111
27.742092962962914
51.3830603703703
48.92949518518519
47.3669518518517
23.17627925925925
46.63089518518512
42.68535407407399
50.36377703703691
49.90875740740732
15.395597407407404
48.955467037037
48.052178888888854
1.9231170370370392
49.16278666666657
8.413875555555562
2.2221870370370356
49.465286296296036
47.25629037037022
13.91546259259261
52.41534259259253
45.032888148148004
48.49722703703679
4.744702962962973
51.53862074074051
47.23454740740737
49.48861888888877
48.957762592592275
51.155641111111215
41.59394666666662
49.6165222222223
49.57787555555549
49.620965555555415
36.16576851851843
53.52289481481465
50.169478518518474
42.714257777777675
48.55991629629613
22.543089629629655
0.9703133333333311
51.12484148148157
30.576006296296228
10.16049148148147
50.71888814814809
31.22419481481485
48.13233518518504
51.04155777777765
48.77301370370365
47.8978233333332
46.478231851851774
54.06048148148118
49.13793851851828
47.24742925925916
49.4043951851852
47.00048370370356
42.85618222222205
48.163065185185246
49.59812703703706
51.982423703703574
48.8418444444444
10.502863703703705
48.80791074074077
55.82677074074052
47.97910296296291
49.97305962962962
30.10118222222222
44.75764481481485
47.52738925925915
46.40240444444437
3.868193333333327
39.845853333333366
52.6155096296297
11.828550000000003
55.423795925925724
52.10711111111097
52.581530740740504
52.96534222222232
49.22813444444426
51.59789111111102
39.44900333333329
51.140480740740564
41.09650037037038
