0
155500
149100
162900
156900
151200
150900
150100
158000
153900
153300
145000
153700
99200
148300
149700
146200
147300
154600
151900
154400
155000
48100
145700
144700
79400
9000
152300
147900
154500
156400
152500
148000
73400
150400
153500
130300
156500
155100
152500
110200
152900
157100
153400
49600
53300
155900
150100
156600
41300
157800
154100
30400
83400
27500
144700
119500
154000
63800
158000
151400
124500
91700
152200
149000
150800
73600
146300
132500
148600
155000
52400
151300
145500
10900
144900
31200
8200
146600
149500
47500
152800
143500
148600
16100
155900
152300
148200
144700
151500
142200
151800
147300
150000
117500
158800
160700
150600
149300
69200
11700
155200
103400
39100
151600
104800
154400
150600
153100
149400
140000
160600
149900
157300
146300
145000
146400
157100
148600
155800
152400
39700
147800
158600
151100
158300
103200
156100
154600
157800
19800
127800
155600
37800
159100
154200
155900
159900
157800
151500
122400
153200
122500
