0
77.24337307692309
101.49382307692345
21.036961538461544
6.900565384615382
62.261953846154
11.568280769230766
98.27919615384614
24.136288461538467
50.681169230769235
97.95049615384627
60.59519615384639
98.45871923076915
21.545538461538435
67.42169615384641
24.403049999999993
74.2518000000002
19.95137692307692
45.048723076923196
10.50474999999999
19.087676923076938
40.35635
41.39160384615388
0.5990038461538465
83.62547692307731
26.32313076923077
81.99367692307705
98.44815384615376
7.546719230769233
31.412561538461567
29.88364230769226
74.60580769230772
3.5974500000000003
30.696223076923086
82.97408461538481
55.52473461538486
7.7449692307692395
20.50505384615384
100.98888846153878
86.46944230769235
71.50243076923101
51.60318461538473
68.32274230769222
20.262007692307677
7.658723076923085
52.93348846153853
3.372707692307695
73.21014230769248
98.61453076923095
20.339546153846168
29.583788461538393
98.69489230769256
87.94022307692332
67.81386538461551
47.325361538461586
97.29229615384637
7.262726923076919
13.712953846153841
50.28592307692311
26.647846153846142
45.344253846153805
99.03271923076991
34.57172307692306
9.759515384615383
67.81377307692314
94.83569615384633
97.9074653846155
20.10625384615384
54.423434615384885
52.87271153846169
99.05551923076928
51.447342307692274
33.1245615384615
96.83123461538511
20.821830769230804
82.68612307692304
86.8380730769232
17.140769230769237
97.52869230769267
11.867857692307703
8.398976923076933
83.82056538461538
56.68711538461558
5.742023076923081
4.841888461538464
98.19907307692326
54.68216538461538
40.255476923076884
89.00017692307725
67.17110384615404
7.232853846153846
44.9700846153846
66.2045153846156
17.9438846153846
74.76735000000001
98.19778846153879
100.06889615384608
98.09841923076951
41.653261538461486
97.68140769230807
14.330688461538456
11.681411538461534
64.58671153846156
64.05808846153859
93.09900000000049
29.880603846153818
29.0450384615385
28.22671153846148
98.94670769230817
20.07392307692304
72.77760384615424
10.317176923076907
11.038153846153847
19.076607692307643
69.81176153846171
7.401473076923077
6.19422692307692
8.435303846153854
41.71970000000001
83.63225384615404
27.294461538461555
19.569142307692314
20.594430769230787
92.95189230769282
36.29000384615395
74.0988423076925
14.789776923076907
12.62171538461537
14.21069230769229
57.092623076923154
17.020930769230766
55.19939615384617
7.015538461538467
67.49276923076941
97.14303076923062
44.42368846153846
80.06301923076927
98.29940000000043
15.11953076923076
66.26462692307689
100.38958076923105
45.5150346153846
8.443296153846152
