0
106700
135300
29300
9600
84300
16600
132800
33100
69200
134100
82100
132900
29200
91200
33800
102700
27200
61200
14300
25900
54600
55700
1100
113000
37400
110400
133700
10700
43600
40700
101000
5200
41700
112600
74900
10700
28400
135800
117400
97200
69700
92700
28200
10500
73400
4800
99200
133600
27500
39600
133000
119700
91500
65700
132800
10300
19300
69000
36600
62200
132900
48200
13500
93700
127600
133100
27100
73600
70900
134200
70600
44900
134700
28300
113200
117100
23700
131700
16500
11600
114900
75900
7900
7100
134000
75900
55800
119500
92100
10200
61900
88900
24200
102700
131900
135400
132900
56600
130900
20100
16300
87800
87700
126100
40100
39600
39700
134800
27400
98600
14200
15400
25600
94300
10500
9000
11500
58500
112900
37100
26400
28300
125200
49200
99200
20700
17400
19900
76800
23100
75600
9700
91300
131000
61700
108200
133900
20500
89600
134900
61900
11900
