0
47.3513629629629
45.71154814814803
48.0213185185185
11.672907407407413
43.74937777777779
47.44814814814813
23.490222222222307
13.25924814814815
36.889955555555666
44.49157777777761
43.81517777777772
10.708311111111119
7.002666666666672
46.248059259259186
44.29726296296289
49.06939259259257
30.763051851851912
36.03039259259247
43.33890740740723
10.919022222222216
8.649081481481474
45.186255555555576
43.81537407407419
10.8444074074074
43.696255555555474
47.97788518518517
41.89703333333336
27.014207407407465
39.84069629629628
41.76128888888899
45.16429259259243
3.624292592592597
8.63793333333332
21.166011111111096
5.521637037037032
34.36689629629634
40.955107407407375
43.66932592592578
43.81205555555549
50.098892592592485
47.62785555555546
50.42152222222207
23.579548148148188
4.963974074074077
45.175788888888796
7.815937037037042
46.535551851851785
21.092929629629598
28.192233333333345
0.8469370370370366
45.37081111111115
40.99921111111121
47.61168148148148
45.75960740740713
32.35806296296299
44.41982592592579
46.73286296296309
45.757570370370175
43.35644444444452
43.24007777777767
3.008607407407408
11.428622222222208
39.576355555555516
-0.10792222222222214
46.924296296296156
2.967848148148146
42.56555185185178
44.471359259259415
46.29914814814807
3.161351851851852
31.161077777777855
8.360540740740737
45.22285185185184
41.53036296296286
45.61095555555548
44.395881481481425
4.967007407407402
42.678744444444405
34.132270370370456
22.372792592592596
16.764596296296315
13.949555555555557
45.548062962962995
47.722603703703726
22.213777777777757
46.35243703703694
46.85435185185193
8.338311111111112
25.913981481481446
44.982629629629606
45.008366666666554
47.17362962962954
45.79040370370365
46.874774074073805
43.35677037037016
50.278296296296276
43.41514814814806
8.364255555555568
12.924974074074079
46.02254814814793
26.675088888888897
42.808066666666484
5.587351851851853
44.919566666666505
44.917062962963
46.77800370370357
44.63652592592584
37.533774074074195
45.81436666666674
15.551255555555567
21.918162962962985
12.646481481481525
24.241781481481503
12.754914814814835
8.208729629629627
45.31987037037028
43.60277777777774
42.50474814814818
9.88779259259257
25.32791481481487
44.75741481481459
38.089633333333325
42.97624074074075
36.490662962962965
43.2712148148148
17.8662962962963
41.68031851851835
43.7868851851851
42.700944444444396
46.57014444444445
28.962681481481503
12.198811111111086
1.4100777777777749
42.73303333333341
2.778270370370371
46.237955555555445
37.55904074074086
45.343744444444475
39.589422222222154
46.11509999999991
29.953625925925895
14.946640740740778
46.547103703703684
28.94308888888888
44.78178518518519
45.8201777777777
44.91421851851843
47.60535925925925
45.425229629629726
45.46741481481473
45.87942962962945
46.49381111111108
46.02231111111094
47.34794444444432
14.87241111111113
14.886544444444475
46.70753333333323
39.957751851851775
46.62853703703693
25.309492592592605
44.50532592592589
45.72654074074068
46.423062962962774
43.92499259259266
49.243359259259215
44.80890370370352
46.751377777777705
31.943629629629633
47.02943333333329
31.00240370370375
44.90932222222229
45.53752222222202
45.16557777777763
21.938914814814822
44.911162962962884
45.55043703703703
46.57642962962948
48.076833333333276
44.425640740740775
45.49433333333336
15.3908148148148
43.89776296296293
19.627029629629646
46.47917037037029
47.845811111111
46.79946666666659
45.08855185185188
46.72972962962968
51.34408518518514
48.39647407407396
49.041040740740726
52.752733333333204
48.59116296296283
48.09164074074062
10.288170370370366
44.794277777777786
7.249451851851861
31.001029629629606
35.53521481481491
21.06035925925925
18.80464444444446
25.773044444444484
33.211040740740735
14.125118518518526
5.245670370370379
21.134200000000003
13.723496296296288
45.53249259259251
43.3749999999999
14.145381481481495
42.677999999999905
3.347425925925929
46.521281481481346
1.6372000000000013
44.88283333333338
43.60736666666664
43.03815925925934
24.793233333333337
45.10235555555564
46.00339259259256
8.886218518518525
47.790100000000045
46.9952814814814
31.09886296296301
4.891381481481482
47.22500740740741
49.045014814814806
27.445511111111138
47.247270370370195
14.758670370370378
19.389848148148175
25.036314814814858
41.039888888888896
22.927733333333347
46.973462962963
13.867640740740724
48.548059259259276
46.472733333333245
47.562903703703675
47.084733333333226
13.679114814814794
46.339111111110995
47.614340740740516
46.95977037037016
45.88601851851855
44.68455185185175
46.38434814814807
47.57260370370382
44.43151851851843
49.683737037036856
20.23170370370373
46.64602962962965
40.38693703703691
18.46602592592594
25.92051111111121
45.750618518518465
6.610985185185179
28.64748888888895
21.765233333333345
40.65652222222206
2.2235296296296294
8.77434814814814
0.25091851851851854
46.375881481481606
3.2237592592592605
28.6706111111111
39.730833333333436
46.198903703703586
44.59789259259253
14.148970370370359
45.66207407407409
29.14952962962969
44.036599999999865
44.17935925925926
15.171662962962966
1.156807407407407
19.481792592592587
44.49356666666666
47.50090740740742
44.7443777777778
46.00379629629621
12.87138888888891
46.40224074074071
42.3517888888889
46.650740740740765
45.1016777777776
45.357922222222115
43.47979259259248
45.545503703703794
45.72930370370383
45.87308148148146
46.41061481481467
19.384377777777782
34.60663333333335
48.21759999999996
4.761062962962962
48.642274074074095
29.389814814814855
48.07314444444418
48.018451851851935
47.573781481481404
13.611044444444452
34.6238666666667
46.87110370370359
45.70546296296293
46.912333333333244
19.309214814814865
44.814511111111166
35.970611111111076
46.66655925925926
44.81117037037029
45.6754999999999
48.35842222222209
41.89662222222213
46.485148148148234
16.77308518518519
11.048255555555558
0.14022592592592642
46.05854074074061
39.774922222222315
47.43255185185181
42.879366666666535
8.887100000000016
15.982796296296335
48.309748148148195
49.74751481481483
44.82049629629618
45.16226666666662
44.92851111111103
44.98491111111106
12.142525925925945
29.142229629629572
46.61046296296281
46.994392592592455
19.43376296296298
44.68681481481453
46.61635925925914
48.741448148147974
49.46017037037027
47.69516296296262
19.327414814814816
45.21276666666664
47.942911111111044
47.918377777777614
7.807870370370386
45.051203703703685
46.56069259259264
47.064451851851985
44.619922222222165
43.405837037036875
47.24168148148134
45.72315185185174
3.9361037037037008
44.65556296296283
16.889692592592606
45.73474074074061
46.005948148147894
46.32350740740746
46.21289259259237
1.0115481481481474
47.767574074074176
46.27239999999994
27.843062962963014
7.227466666666663
44.137170370370235
42.85680000000004
42.55534444444434
26.701407407407387
10.016662962962975
50.06423333333316
44.138737037036954
43.6450888888888
45.21048518518501
44.8631222222222
44.28599629629626
43.54831111111113
43.844155555555595
44.00107407407402
43.2120703703703
10.926777777777774
42.98847037037033
44.24739259259262
43.405799999999964
44.2172888888889
28.642340740740796
44.267003703703644
25.242651851851818
11.89407407407406
10.781944444444447
13.744137037037031
11.135603703703705
44.86540000000016
6.548837037037049
42.56448518518524
50.777507407407185
46.255288888888956
46.28675185185189
43.82084814814827
45.619537037036814
47.40160740740736
49.15565925925935
3.1373222222222257
12.756707407407422
37.12336666666675
0.8020148148148134
47.090303703703775
47.67651481481482
45.10281851851845
1.9094185185185202
30.7295296296297
49.368381481481414
27.206322222222248
44.71212962962966
45.58017037037045
47.96108518518528
32.28239259259258
45.36468148148135
50.06535925925925
44.52848518518525
47.34811851851855
46.695596296296365
37.07397407407405
47.52400740740733
48.69195185185188
23.07253703703706
50.74030000000002
48.27930740740742
45.91811851851843
48.53447407407397
46.029896296296236
16.024300000000004
11.545118518518516
32.05168888888896
50.25640370370351
15.733251851851854
38.28459999999999
44.64148888888881
47.55691481481473
45.93816666666666
5.0785814814814865
48.56675925925903
34.30360740740737
39.90902962962968
47.637774074074336
50.9152999999999
47.35627037037012
45.830318518518496
17.267548148148148
49.05267777777768
46.25080000000013
48.34084814814814
46.310062962962846
45.409629629629535
8.969111111111124
49.66261111111114
48.02393703703694
7.1800296296296295
45.046485185185034
22.245233333333342
46.246581481481456
49.174918518518595
47.155233333333136
43.83178148148147
48.194107407407486
44.63812962962957
44.2424037037036
43.77057777777781
33.09231481481479
42.23546666666662
48.45811481481481
47.491140740740704
45.66871111111096
44.6611851851851
43.90060370370373
43.41376296296295
45.23727407407414
37.39856296296292
7.464503703703709
39.26513703703704
46.166625925925715
45.724192592592566
44.4081
44.122922222222265
45.62845555555531
43.928681481481554
3.262307407407409
49.42758518518507
48.34824074074068
45.42316296296311
45.36523333333324
46.78756296296292
2.0042444444444425
37.910918518518464
51.09338148148149
12.550655555555554
35.363629629629685
49.721511111111084
46.59035555555538
46.861985185185084
7.140399999999994
47.654637037037
14.418785185185195
12.658103703703697
47.999759259259186
7.1084814814814905
45.64497037037019
40.223585185185186
49.077418518518556
42.22590370370383
48.011599999999795
12.037285185185187
47.36649999999983
38.081333333333376
46.6850259259259
47.76754444444434
20.344344444444456
45.49948888888894
27.30407037037042
48.57091851851838
47.137837037036896
1.0588814814814804
45.74464814814813
44.66761481481489
3.135966666666665
44.60444444444442
38.07274444444445
48.300818518518206
44.63322222222234
47.957022222222186
0.7827333333333328
30.700985185185242
45.738670370370286
49.681059259259264
45.9953111111112
46.404125925925904
17.119562962962974
44.49691481481481
47.38899629629612
48.25495185185172
44.58544814814805
46.56932592592596
29.817366666666704
46.0566333333334
46.10933703703692
20.27275925925928
45.85908518518513
48.744151851851846
48.64530370370374
47.03741851851868
0.8838888888888872
46.510348148148154
44.47004074074064
46.44921111111099
46.47485185185163
45.766629629629634
43.002196296296255
44.31172962962948
27.015699999999995
45.84325925925914
49.234062962962845
34.52045925925924
44.729796296296186
47.76917407407405
30.881896296296315
46.238203703703796
25.178133333333374
46.70857407407396
47.55699999999991
7.210759259259259
46.58035185185178
50.49147037037042
46.6346333333334
46.3691666666665
48.464514814814734
0.5917037037037036
47.2663851851851
10.130611111111115
22.20235555555553
48.34570740740731
40.26981111111113
48.629559259259224
48.34147407407385
46.393385185185316
46.86728518518507
49.314133333333295
47.04839999999985
50.60003703703684
5.710603703703711
48.07095925925892
23.087718518518546
9.84668888888888
47.59317037037032
30.064748148148187
50.3996592592592
28.77338148148155
49.01023333333338
43.35467777777767
12.743759259259257
47.76021851851847
48.76972592592589
45.45701481481478
46.747811111110956
42.56408888888887
44.042288888888734
45.76713703703698
38.091948148148255
48.36495185185181
46.248251851851755
45.06945925925922
42.24003703703712
45.76577407407406
7.868014814814819
46.355674074074116
46.35307777777771
47.320507407407455
44.07503333333332
46.28424074074073
47.92736296296283
42.73450740740736
14.19731851851851
47.6402037037037
8.376859259259257
48.840559259259194
7.239225925925938
1.4441222222222208
35.76338148148154
13.8375925925926
43.89923703703692
49.532325925926095
46.975859259259316
20.010448148148154
46.13334074074069
10.922025925925931
49.79652962962927
47.45391111111113
47.47523703703712
45.97628888888895
34.2458481481482
49.369592592592404
48.86077037037013
51.579622222222014
50.52087037037008
46.60780740740738
48.185037037036906
45.491359259259205
44.7283814814815
14.670022222222252
21.866674074074076
45.22543333333336
33.41410000000012
0.6476777777777782
28.6148592592593
34.4404592592593
34.02726296296302
43.586322222222066
48.16728518518502
44.34012222222209
48.35338888888905
49.589677777777624
34.39812962962962
29.04814814814825
35.856666666666705
48.63008148148139
46.548118518518415
4.966437037037039
49.69918888888884
35.96913333333334
45.252844444444534
27.389614814814845
45.576962962962824
30.926462962963022
4.526029629629633
17.432822222222228
22.216774074074056
45.30002592592574
46.95440370370383
48.67762222222207
27.352800000000055
8.65441851851852
46.13214074074069
42.71891111111115
4.650155555555556
14.495174074074072
49.093462962962946
48.12403333333311
45.892077777777764
0.4737222222222226
47.33099999999985
39.11808148148148
46.07676296296258
45.67593333333333
45.84942222222215
44.83852592592581
34.41584074074076
47.687511111111185
44.11981111111108
11.605596296296307
46.96220000000004
45.59680740740754
46.059814814814786
47.820403703703576
48.15188518518514
44.29698148148149
49.47573333333336
19.83965555555556
45.7519592592592
45.68660740740725
45.29249629629638
36.5205555555556
43.2764444444444
45.544692592592575
44.81897037037015
46.558837037036845
12.787148148148166
46.15706666666655
18.1199074074074
17.40400740740746
43.676681481481396
45.25192962962957
44.336292592592464
45.198807407407344
22.00276666666666
44.74779259259244
15.485259259259262
45.09867407407393
3.4164962962962893
43.84349259259253
35.496696296296406
43.59900370370359
44.075066666666665
47.87182222222215
49.04087037037029
46.639085185185266
31.62450000000006
17.363203703703704
47.45135925925912
47.12341481481478
39.62422222222227
30.05678148148146
13.420785185185185
46.97704444444446
45.31222592592586
46.33888148148138
47.87589999999992
49.48545555555549
46.11562592592582
43.50726666666667
46.737633333333214
48.01159259259262
48.63927407407395
3.620029629629631
29.443077777777823
49.69410740740743
45.89494444444442
49.13427777777777
19.55154814814813
41.97400370370369
47.90440000000006
40.21557407407419
46.1531333333333
33.52746296296297
26.20414814814819
46.32365925925917
30.49820000000005
31.705799999999975
38.16291481481483
46.67848148148152
33.98564444444448
41.63104814814812
23.115870370370445
5.902259259259268
46.45000370370361
36.79690740740741
38.556255555555424
42.30667777777784
47.35067777777777
48.047496296296124
47.68360370370362
50.12126666666662
24.143200000000036
46.19404814814815
34.56586296296299
5.225155555555565
4.160481481481479
46.28296666666648
44.88672962962968
47.74095925925903
47.46948888888871
15.227703703703689
47.89294814814804
6.316503703703697
49.69379999999976
7.553759259259273
32.77423703703714
47.38288888888878
47.25443703703699
38.26285925925927
46.37209999999986
46.5136555555554
44.67681481481491
51.479999999999954
36.72481851851844
48.120077777777695
49.18802962962944
47.1075518518517
51.754399999999855
47.66285185185189
46.377114814814725
