0
159200
159700
160700
41600
156000
162400
81600
46300
131100
156000
150600
43500
28800
162700
151100
163600
115700
128500
157700
41100
31000
158100
154100
41600
150000
162500
152100
92900
141200
142800
152800
15100
33300
73200
21700
122300
149600
151000
150000
166300
160800
168000
86800
21800
156300
29800
161600
80000
100800
5500
154200
146100
163300
157700
113300
153700
156500
160300
149700
150600
14600
43800
136500
2100
157400
13900
142700
157300
165100
13100
112800
31700
158900
148400
155400
149800
20000
149700
117100
79900
57500
52800
159200
161200
80400
156700
158900
32700
93100
152900
155700
161000
155800
159500
152200
168200
154300
33900
48800
159700
91500
150300
21200
155700
153800
161200
153700
132500
161100
55500
80900
47200
87700
48100
31400
157600
153300
146200
36700
88600
150700
133200
150500
126800
153400
65600
147200
151700
149700
157800
103900
43500
7500
149400
11800
160800
131600
155100
141000
156600
107800
56000
161200
105000
151700
158700
152600
165400
152900
158800
158300
159600
156900
160500
54300
52500
157500
142700
159400
85300
153700
158600
161900
152800
165400
153100
158700
112400
157500
107200
154500
154500
156000
77800
156500
154000
158300
162900
155900
157500
58900
167300
69200
160300
159600
158400
153500
161000
173300
162200
166700
176400
167300
164000
38800
156000
26600
107000
121000
81700
71400
95700
120800
50000
19900
78300
52100
160900
153900
49900
148500
13300
157900
8100
154800
150300
154600
87300
155400
158200
33800
164700
157900
107900
20200
160400
164200
94800
160300
52300
67900
85900
142800
81900
164600
50600
165400
157500
163900
157500
50800
162300
161300
157600
155300
156200
159700
161200
149900
167500
74800
158300
137800
64600
89400
158000
24800
102300
76500
141000
12500
32800
4100
157900
14200
102900
144000
155800
152800
49600
154100
107000
151200
151900
53900
9200
74500
150300
160400
153300
157400
45600
155900
148200
161300
156000
154500
155500
155800
158500
157900
158800
72300
119700
164700
18800
162200
102100
163200
164300
163300
49800
123300
161200
156500
157500
67000
154200
129900
160000
154900
153900
162600
151800
162400
62600
39300
2500
158600
138300
164300
150300
32400
57500
165100
166900
157400
153000
156900
156900
45700
107000
161900
160900
72800
156100
157300
162400
168400
159200
72400
155700
162300
161400
28000
153100
158200
158900
154500
154000
160600
158900
15400
153800
63700
158600
159700
157700
158200
8500
164900
156600
102500
28800
152200
148500
149700
95600
37700
168300
154000
153600
154400
151800
152000
146100
152700
148700
149500
39900
146800
155500
148500
156300
104600
155800
88700
43400
39000
51400
39700
156600
24400
149000
171200
161700
161600
148900
156700
163100
165400
14100
44300
134100
4900
158500
161500
152600
9500
104300
166000
95100
155600
154900
165200
115000
160600
168100
154400
163400
157400
124400
163100
167000
81100
170100
165800
158000
164900
160100
56700
44600
110400
172000
61700
135000
150900
166900
158400
20200
168100
122600
139400
162200
167400
163000
152600
62500
164100
159300
165100
156500
158300
32700
173100
159400
28700
154400
81900
155200
163400
157500
152500
163100
152900
150400
156000
115600
150300
164200
161300
156900
159800
153100
151100
156800
132200
28900
137800
153700
158200
151200
151800
158100
149800
14600
167900
166700
159200
154800
156500
9300
136400
168700
44700
123200
167700
158100
159800
29700
159400
51800
45100
162700
25600
154900
138200
166100
145000
159300
43700
162000
127800
156400
163200
68700
156300
92800
166100
162100
6700
157000
150700
12600
152400
130800
163400
151800
159900
6300
105800
163000
165400
154200
161800
59300
156100
162800
164300
151600
161800
104400
157500
156700
73600
157100
167000
163900
160700
5100
159700
153200
156900
161600
155600
149300
152900
91800
157300
164600
119500
154700
164900
111500
158500
87300
159500
162000
27700
158900
171100
160200
161100
161500
4600
162500
38100
79800
163100
140700
162700
164900
159800
157100
168300
159300
170200
23500
162700
79700
37500
157600
108400
168100
101200
165600
156000
54700
163400
164500
153400
156900
156300
150900
156700
132700
164300
158900
157300
148600
154100
29200
154100
161400
160400
160200
158600
161900
146900
55400
161200
30400
162700
26800
8700
125500
50200
154000
167200
160000
70600
155900
40300
169100
165000
162100
156300
119200
166300
163000
170700
168400
163100
162100
154600
152500
51900
75800
154800
116100
4800
97900
116800
116000
154500
170600
154500
164400
164100
117800
100300
120600
163300
160700
21700
167100
125100
155100
99400
156500
113300
20600
60000
83900
156400
158500
165300
97200
31100
158600
148800
17700
51500
164600
165600
153300
6000
162000
136300
159200
157500
159900
153700
120800
162300
154200
41300
162000
157700
158800
161200
162500
152500
165600
69000
157300
155000
154700
125700
152400
158200
154900
159400
46300
158400
63200
65900
152500
152900
155500
155000
77400
155500
60100
156800
14300
158200
122300
150400
155700
162600
163000
159800
108000
61300
165400
161500
138300
106600
46400
160500
156400
157900
162000
168900
156400
153000
160200
160900
164900
15200
99300
165800
160500
166800
70600
153100
164700
135200
160200
118700
92200
157300
102600
108000
131800
163300
117300
151600
79300
22300
169300
133400
136500
153300
161400
168200
158500
163800
83700
157000
116000
20400
17500
163800
152900
162700
161700
53200
165100
23500
167400
27700
113500
167100
162100
130300
156600
155400
156100
172800
125600
166800
166400
158900
175500
161600
158800
