0
32.77949999999999
31.26963000000002
13.005690000000008
27.62898000000003
25.547520000000027
19.166939999999975
0.19900999999999902
7.663649999999995
13.44949
3.8756499999999994
8.85790000000001
3.624919999999996
8.999700000000011
0.29544999999999977
1.6326400000000016
1.3969000000000014
2.972980000000002
1.7625700000000006
3.0207300000000004
5.50712000000001
-0.07935999999999965
10.739859999999995
1.1300200000000005
1.745909999999998
1.0493300000000012
4.680130000000011
0.46337999999999946
3.9322100000000013
6.529669999999976
13.49634000000002
5.07421000000001
0.40163999999999844
4.324509999999996
3.537770000000002
4.481789999999991
25.62242000000003
12.166880000000011
10.652549999999987
4.057590000000001
15.326489999999986
11.369620000000005
8.697260000000002
12.713120000000005
26.166820000000047
1.216639999999999
6.633730000000011
6.74985
26.42719
19.73708999999997
10.173809999999984
6.094089999999994
0.49074000000000084
11.28348000000002
27.23577999999996
27.701649999999958
15.772609999999961
20.822469999999996
27.05501999999998
24.918820000000014
26.363809999999894
2.9024699999999974
8.682390000000002
5.738149999999981
8.325399999999979
5.549680000000007
18.63529999999995
28.727489999999964
27.46382999999993
29.611109999999975
13.85411999999999
4.297050000000007
28.682740000000003
12.944620000000006
28.175559999999958
6.883249999999986
28.653799999999976
0.43233999999999995
1.8508699999999991
27.67717999999993
22.05610000000002
30.83759999999987
32.87619000000015
12.160150000000007
17.548019999999944
6.326829999999999
27.773839999999996
18.143539999999998
23.946659999999994
28.200589999999913
28.961679999999948
9.40245999999998
33.67885000000005
31.484100000000034
28.831780000000037
30.543120000000005
14.314090000000007
24.360639999999986
26.615659999999902
29.38334000000001
3.0541399999999985
8.698160000000001
4.182550000000006
33.11315
13.39345
4.400010000000004
31.31873999999997
28.19761999999999
29.77402999999999
26.988209999999963
5.690880000000006
13.80018000000001
30.262159999999966
31.90612999999999
30.315359999999995
15.198820000000008
29.05764999999994
34.03122999999995
30.701889999999953
36.221399999999974
11.753840000000018
12.264889999999994
30.993320000000026
28.483579999999975
35.675660000000114
5.553869999999992
8.555210000000018
18.578250000000033
2.566870000000003
3.2462099999999996
32.415270000000035
32.04202999999996
34.71329000000005
32.13916000000008
4.232559999999998
7.453860000000002
2.992029999999995
11.961089999999997
33.41579999999997
10.161509999999986
32.61921999999994
25.25694999999997
5.860919999999997
32.564940000000014
31.63403000000006
10.477570000000007
10.276939999999996
24.97213000000001
30.65044999999994
16.64039999999997
24.854769999999967
0.8634600000000006
5.714860000000004
32.72917000000006
35.08766999999997
34.905660000000026
30.35601000000001
34.50444
32.71102999999997
12.052140000000007
31.66484999999988
4.361839999999999
12.574729999999985
35.80403000000003
8.789850000000003
22.929919999999974
14.02801000000001
0.20764999999999922
33.31102000000007
11.700460000000001
23.490629999999964
7.413900000000014
19.50397999999996
33.07719999999996
33.40629999999993
33.07745000000005
34.35945999999996
23.262279999999993
31.50276999999995
15.81430999999997
25.505260000000035
8.888520000000021
5.697679999999995
30.16234999999992
24.026590000000013
1.4414200000000021
36.47085
16.77643000000003
29.576210000000028
32.27645999999994
1.3762200000000009
33.91734999999993
21.78407
36.77125000000003
20.509849999999958
19.424129999999934
28.071349999999974
32.53773999999998
30.8501299999999
5.010819999999998
35.892650000000046
5.6981600000000014
32.66178999999984
14.057960000000008
29.344209999999922
21.451710000000034
2.9215700000000027
33.636629999999954
16.814480000000003
32.52045999999997
30.888069999999942
17.985959999999977
29.94279000000002
9.45994999999999
32.37216999999993
34.02509
30.798219999999947
31.686030000000024
9.74706999999998
34.46500999999995
25.26965999999994
12.918389999999986
36.28735999999995
17.782659999999975
6.141149999999997
19.329650000000033
35.602790000000084
36.27142000000007
30.33678000000005
-0.3631199999999999
31.69625000000005
32.099449999999955
15.887610000000006
6.48666
34.204440000000105
10.050680000000002
34.613990000000015
20.014580000000045
35.9969099999999
26.203370000000028
2.972210000000001
6.465619999999996
31.58497
16.02445999999995
21.584599999999952
23.746329999999947
31.398230000000048
32.40787000000001
16.68315999999998
7.889780000000002
10.988070000000008
20.534219999999983
1.3801500000000004
3.428340000000003
25.281219999999955
32.33142999999997
33.82160999999999
16.10385
32.420100000000026
31.17172999999992
3.7910299999999966
0.5368600000000006
12.58845999999998
18.98998999999998
24.520749999999925
34.53557999999983
34.45690999999999
26.79560000000001
9.761419999999987
30.953600000000034
4.574129999999998
34.95502999999998
3.954590000000004
12.531470000000029
35.494240000000055
24.005700000000008
4.470979999999999
31.97470999999991
32.99006999999986
35.59748999999996
0.8869400000000012
5.758480000000003
30.564460000000008
33.79856000000007
5.014480000000001
34.331640000000036
31.75247999999994
30.198000000000043
31.743109999999874
30.67981000000005
29.96864999999992
18.54657000000001
31.38329999999995
35.79606999999997
32.26772000000002
34.99991000000006
33.57040000000005
31.70924999999994
4.119590000000007
30.823699999999967
36.253070000000015
14.733319999999996
14.412089999999969
12.43483
12.651359999999992
7.871319999999999
35.58967999999988
8.384979999999997
18.9945
10.427220000000005
31.906850000000013
24.521330000000024
31.938889999999972
19.127980000000026
36.65246999999998
35.63230999999995
21.018209999999982
34.88077000000004
33.62977999999991
28.815669999999955
3.019709999999998
8.872509999999998
33.81652999999998
34.861179999999976
29.874919999999953
37.01498000000004
29.336729999999935
33.06933
33.62817999999993
3.504470000000002
36.308340000000015
7.84943
33.40030000000002
1.8578100000000006
4.188160000000003
9.439129999999988
31.93096999999991
23.071519999999936
10.298170000000002
35.41238999999999
8.914030000000002
32.154079999999894
10.325710000000006
31.467539999999907
33.196869999999976
32.00321999999997
34.69004999999997
31.119339999999845
32.94359000000001
33.9358299999999
8.284150000000007
30.87640999999994
3.2297899999999986
28.02564999999993
34.67397999999994
12.026460000000013
34.036259999999984
4.472210000000002
15.567699999999984
29.561700000000016
34.49517000000001
33.57899000000003
31.264800000000008
34.37466000000007
34.18085999999995
34.7778799999998
20.62412999999993
22.934289999999976
32.911249999999995
30.97162999999998
35.27604000000007
31.493070000000024
31.493069999999953
2.462930000000007
32.43560999999982
9.825640000000012
3.425129999999996
28.524770000000018
33.54556000000003
33.95967999999999
32.725399999999894
3.8071200000000003
35.835800000000056
32.27588999999992
-0.3466900000000003
34.41172999999995
4.2742700000000005
8.924330000000008
35.47995999999994
22.33614999999997
16.811239999999987
19.706220000000005
25.058050000000026
0.6670600000000009
31.76524999999988
34.29013999999996
0.8981500000000007
34.39923999999993
32.88508999999992
7.231649999999982
29.64487
34.21971000000002
2.5315099999999973
34.381069999999994
36.363479999999946
30.559719999999956
32.687299999999915
16.336450000000017
23.672069999999938
26.003600000000006
36.94907999999999
9.809030000000016
29.649260000000027
33.737549999999985
33.92936999999995
36.18170999999999
8.834309999999997
27.804219999999976
20.93620999999994
31.519809999999993
6.126909999999998
23.441699999999944
36.961549999999995
7.948960000000003
-0.2696200000000001
33.00191999999997
19.896380000000008
34.520009999999914
17.53054
32.74611999999995
32.98584999999996
35.27313000000005
32.04557999999992
9.23219999999999
17.52068999999998
7.539900000000015
31.775489999999863
31.14040999999993
16.52729000000001
1.7400700000000016
37.013470000000055
32.60996999999997
35.05077999999993
34.59324999999995
30.267339999999997
19.493989999999986
29.622840000000032
32.080080000000024
32.64717999999994
4.731739999999999
1.3737100000000013
26.85851999999998
21.602120000000024
14.376179999999962
15.767529999999951
32.770860000000006
28.429909999999957
31.876940000000005
30.405189999999934
5.801930000000008
32.506769999999946
31.41413000000007
2.554250000000003
30.977749999999862
13.75841999999998
32.32536999999998
6.92887000000001
36.57062999999984
32.143070000000016
33.02577000000009
29.986029999999907
34.19141000000005
7.961110000000007
12.449210000000027
37.038419999999824
5.3313700000000015
28.153079999999967
31.464250000000064
34.33286000000006
33.81178999999999
33.50147999999999
33.97567999999991
33.734340000000095
30.638639999999967
7.249220000000005
37.270009999999985
15.600019999999994
35.084990000000076
0.9470000000000005
5.155640000000003
33.67381
36.18533999999988
7.317710000000011
34.59670000000001
2.228589999999999
31.029169999999922
20.950749999999985
30.76302999999992
31.424420000000033
27.937029999999986
15.53065999999998
26.512150000000013
30.410769999999957
1.9598500000000003
11.405889999999987
1.1902500000000003
1.2915900000000011
-0.46784999999999977
10.062510000000001
2.1115100000000018
-0.6856200000000001
0.037389999999998924
0.7158400000000014
3.9949499999999967
4.217520000000001
0.5970299999999982
0.6281799999999986
3.788389999999997
1.1701699999999988
4.037830000000004
4.982270000000003
2.25624
1.4413299999999998
7.26888999999999
5.185100000000004
1.1277200000000005
2.8906799999999997
3.035979999999996
6.867410000000001
14.43896000000001
0.9426899999999991
0.9676199999999995
1.0827100000000018
19.517159999999983
3.8338500000000026
11.64534000000001
19.10408
0.6828400000000008
2.0337899999999993
4.183570000000008
6.903660000000003
4.058619999999997
0.9613300000000009
20.731459999999988
23.932919999999953
0.5492999999999997
2.6562099999999997
17.2066
0.7873700000000001
27.26687999999993
12.63498000000001
0.9212599999999986
22.616770000000045
0.10271999999999992
23.420510000000004
7.058899999999996
27.76172999999994
0.809569999999999
0.14768000000000048
12.488160000000024
3.8430100000000005
24.855770000000028
4.7895600000000025
8.02287999999999
26.005839999999974
4.927560000000003
27.80224999999998
21.11079999999995
27.581220000000055
7.423540000000006
31.180049999999973
28.934169999999998
11.146750000000008
15.100189999999959
18.311209999999996
27.403629999999815
6.018559999999995
10.385889999999995
27.28115999999996
12.767039999999973
6.1793000000000085
26.00463
2.8126899999999986
22.208589999999965
10.268070000000023
10.104040000000007
2.4354300000000024
2.889750000000003
3.367899999999998
27.258210000000037
26.998929999999973
18.95594000000002
1.6542199999999978
18.707829999999987
8.031820000000012
2.3213100000000013
9.85953000000002
27.77475000000001
5.246649999999992
18.342889999999993
31.149349999999906
25.40342000000002
29.22430000000002
18.39803999999998
27.582150000000013
17.293029999999963
16.42348
29.673319999999933
28.71207999999988
9.571350000000008
12.940710000000017
29.068269999999963
28.627429999999993
14.834769999999992
6.198810000000001
32.99533999999993
18.15140000000002
11.223919999999978
32.22833999999984
0.7370599999999998
27.339000000000024
4.0471299999999975
13.018669999999988
11.946799999999984
28.015549999999916
16.320629999999976
15.347089999999998
29.80566999999993
16.35429999999998
13.406170000000007
14.783219999999963
26.243579999999962
8.614190000000017
8.492830000000007
10.572919999999995
16.56422
22.52381999999992
0.5079300000000011
26.850499999999965
7.0205400000000004
21.16335000000001
16.002569999999974
30.270399999999974
31.184309999999854
25.923259999999964
28.5041399999999
8.64982000000001
8.88524000000001
26.593510000000027
10.147200000000003
28.353810000000035
2.906780000000003
12.593549999999995
11.615960000000024
31.977420000000045
30.73351999999994
24.158769999999993
0.21296000000000026
8.72074999999998
26.823019999999953
24.738400000000023
7.715160000000012
30.83181999999997
31.09343999999988
28.31491999999989
32.31174999999995
6.193239999999997
-0.41349
0.8598300000000005
5.5470900000000025
22.000279999999965
11.45284999999998
10.527550000000018
27.516190000000005
1.2637899999999993
0.43243999999999994
14.021360000000001
32.504590000000015
28.041459999999983
31.182049999999904
0.6133600000000008
32.866869999999984
1.1478999999999981
19.088599999999946
16.27966000000001
30.47882999999998
9.439639999999995
28.040210000000023
28.791489999999833
30.32387999999995
30.15387000000004
5.004320000000003
10.49402000000003
31.48193999999993
21.074009999999987
3.2186700000000004
1.6767499999999989
34.38751999999993
13.762769999999977
3.173330000000006
34.17233999999999
5.420499999999998
32.74671000000002
19.09906999999995
25.39429000000001
18.554970000000004
9.798419999999993
30.61338000000008
32.41201
17.49348
27.139649999999964
14.05509
12.952479999999982
29.53904999999997
13.571080000000011
30.28218999999991
3.9068700000000005
31.006819999999998
31.60890999999996
29.750019999999942
28.66828999999996
29.851509999999923
27.324730000000073
34.31656999999998
1.9302199999999994
6.5587900000000054
4.92432
10.69506000000002
25.258339999999997
5.941510000000003
6.268809999999994
9.24081000000001
30.041650000000033
7.612570000000019
0.1440800000000002
7.246300000000003
30.39204999999995
26.760399999999994
27.2956
2.018440000000008
30.739609999999903
7.684170000000007
0.6134900000000014
31.153710000000004
29.94653000000004
23.924849999999985
14.42166999999998
30.956889999999884
27.289280000000065
30.620979999999946
13.319090000000006
31.458719999999907
28.182239999999908
18.461119999999966
14.127730000000014
14.806300000000014
1.397470000000001
30.447119999999938
28.43941000000002
7.224939999999991
9.352900000000004
29.955839999999903
30.584369999999982
5.011949999999995
31.77293999999997
5.949449999999996
16.244369999999954
27.046139999999973
14.84008999999999
20.545970000000008
14.436059999999996
32.94723999999996
31.971520000000083
30.3603
19.247609999999984
31.477269999999947
7.60687999999999
30.13476999999994
1.194979999999998
8.658350000000022
1.8305700000000007
5.844810000000002
10.669329999999992
9.82156999999999
21.568039999999993
13.421230000000019
6.314170000000001
34.517280000000014
32.7878499999999
6.878040000000013
25.25990999999999
27.204089999999905
28.507289999999916
18.469209999999993
-0.21257000000000026
21.15303
15.175839999999983
0.029759999999999787
23.37622999999998
32.22593000000003
14.357369999999992
20.955270000000006
18.616439999999947
3.605990000000001
5.831920000000003
22.87607999999998
15.515360000000058
3.2913099999999975
23.300129999999978
28.259990000000062
11.142520000000012
5.512880000000003
-0.34667999999999943
9.305239999999989
29.815600000000018
34.90088000000008
24.815429999999974
2.9910499999999987
9.472989999999996
17.604469999999974
7.117929999999998
5.378660000000004
25.07903000000002
25.214609999999897
13.748969999999982
13.003469999999977
10.339340000000023
32.466849999999965
31.08457999999993
33.19015999999981
22.68839000000004
0.6620300000000003
28.57514000000006
15.34026
33.80275999999999
30.436719999999937
31.54748
22.36991999999994
28.649410000000007
14.34547000000002
31.44047999999998
1.0423199999999988
18.55891999999996
28.449409999999965
1.9281500000000018
18.748410000000014
30.599619999999998
33.50534999999985
30.11193999999995
14.104749999999992
0.9592700000000003
28.471029999999885
20.922390000000092
0.020180000000000975
31.437229999999936
17.979840000000014
10.733270000000006
29.04806999999999
3.379840000000004
33.46040999999997
31.14880999999992
22.645319999999966
4.994769999999997
30.719870000000075
29.246229999999994
3.6114600000000037
1.8304400000000007
6.6458100000000035
23.739419999999985
30.285689999999878
17.277509999999996
21.116469999999932
9.418060000000011
27.460989999999953
20.55252000000002
13.818019999999992
30.84003999999997
26.001409999999954
5.728449999999998
28.466729999999924
2.97077
31.253980000000055
21.019999999999985
16.656470000000027
30.249929999999868
8.404890000000009
27.994349999999947
30.32586999999989
31.476800000000033
8.466900000000003
28.990589999999973
12.101540000000002
31.11230999999993
2.6135599999999983
29.78771
28.194209999999977
31.425489999999968
27.873969999999954
29.59209999999996
29.76330999999998
29.419359999999955
0.5871799999999996
28.64427999999994
3.1731299999999996
8.263509999999998
11.910629999999994
7.946750000000005
28.67882
29.60748999999997
10.680039999999972
29.279509999999874
29.84052999999991
32.41423999999997
29.263989999999993
31.29012999999987
4.711589999999998
31.200729999999993
2.7100199999999997
29.776829999999936
30.3119400000001
32.285190000000114
5.468760000000001
33.91003000000001
30.78074
30.886879999999945
31.78342999999998
28.949780000000025
10.879530000000038
-0.08391000000000026
31.226349999999904
30.923150000000025
18.317240000000023
16.165570000000013
34.25865999999998
31.408779999999958
1.489450000000001
10.97853999999999
9.55033
32.838680000000004
16.35324000000003
30.00935000000003
33.38888000000007
32.32067000000006
22.562110000000008
4.67699
35.380450000000046
28.582360000000083
32.74569999999998
19.892630000000036
37.948109999999986
9.186440000000015
30.74970999999997
17.00714999999999
32.02436999999994
4.761159999999993
9.827690000000018
1.4175400000000011
4.0592099999999975
33.52140999999993
28.918310000000037
31.0908399999999
8.273629999999995
36.040099999999924
30.674959999999974
30.022239999999943
33.026979999999924
30.078289999999956
31.195819999999877
7.424070000000002
33.126929999999916
4.860209999999999
0.9716100000000005
29.694709999999954
29.703179999999943
25.054799999999933
16.91214999999999
31.03661999999997
5.235340000000005
8.186110000000005
3.1169499999999966
32.103629999999974
31.028079999999918
1.8084000000000016
31.38960999999997
7.027479999999999
30.05949999999995
24.201930000000004
31.015419999999956
29.44633999999987
3.630699999999992
31.722089999999966
30.005079999999925
29.83459999999994
1.4317600000000001
21.72266999999996
11.364139999999983
2.61085
15.251750000000015
33.404409999999956
20.698209999999996
13.256319999999988
18.809670000000004
15.079800000000034
28.260029999999897
28.088099999999947
2.0986899999999964
-0.17027000000000037
3.383370000000001
0.3641199999999991
0.3306400000000016
17.17664
1.820279999999999
1.971830000000001
2.4644700000000004
2.6680899999999967
3.999569999999993
1.786690000000001
10.187460000000002
16.284959999999995
4.454289999999998
5.057790000000006
18.13723999999999
0.58046
3.7589299999999977
1.9398600000000017
3.755210000000001
4.247290000000003
1.3148900000000006
4.786499999999999
5.168860000000002
0.737199999999999
0.6463600000000005
9.151809999999987
1.4953799999999986
5.103270000000007
3.8286999999999987
15.678879999999982
17.21034999999997
3.753910000000003
1.75895
2.08759
1.0211200000000002
25.21017999999992
6.325169999999992
7.253820000000006
8.078490000000015
7.368269999999994
0.37163000000000035
6.498979999999998
27.455719999999918
16.31026000000003
5.100279999999985
19.075090000000017
5.682839999999998
0.3851800000000014
13.98539999999999
3.3243699999999956
0.7473499999999995
12.961529999999987
1.2624899999999997
5.105269999999992
26.312959999999975
26.23657999999993
0.78813
2.5750199999999985
5.709949999999999
3.9256499999999965
14.740549999999986
19.38308999999994
5.271040000000004
18.694419999999965
3.7434499999999913
7.074960000000003
4.263320000000008
8.04852000000001
17.665070000000007
1.2846499999999974
4.3697799999999996
12.46405000000001
13.306409999999962
25.922449999999948
9.124090000000013
24.14291999999992
5.526830000000002
4.203270000000009
0.5426399999999987
3.5954499999999987
4.213700000000004
12.511489999999993
0.10988999999999916
3.174239999999993
1.842370000000002
3.8393100000000047
1.6965800000000004
24.580660000000005
8.398670000000006
1.43133
23.549399999999913
17.55085999999997
19.554890000000007
0.08773999999999993
31.230470000000047
17.423759999999987
28.477559999999954
22.951270000000065
10.04412
1.34341
29.99233000000001
27.762939999999887
8.114020000000002
23.025279999999967
0.8416700000000008
2.2635700000000014
3.157730000000007
26.307379999999988
29.034339999999997
9.356580000000008
27.308300000000088
21.59427999999997
19.54951000000002
15.521180000000033
25.892209999999885
26.035659999999993
30.121129999999972
28.846739999999922
16.970489999999963
9.91469000000001
9.712120000000025
25.741509999999966
17.128739999999976
15.585620000000016
13.481660000000016
9.549760000000019
3.3679600000000036
3.6772300000000007
23.471719999999937
29.47207000000008
11.078039999999993
19.510029999999936
9.05437000000002
24.736459999999962
2.621509999999998
26.532460000000054
4.871479999999997
4.754650000000008
19.04395999999997
20.808939999999946
10.368090000000024
0.24038000000000004
6.2884899999999915
3.4925100000000002
22.329950000000014
20.726910000000014
6.566600000000013
7.158980000000005
0.9148200000000004
26.79315000000004
6.839030000000003
6.731680000000015
10.73964000000001
12.868519999999997
27.612700000000018
9.386010000000018
9.300970000000016
1.4465099999999986
19.961569999999956
9.915340000000006
26.64862999999998
2.6342200000000022
20.620709999999963
6.444439999999993
12.918089999999983
18.150769999999987
30.192460000000086
20.268889999999995
7.806000000000003
6.266420000000007
16.720840000000006
27.850169999999885
4.334269999999997
4.9927399999999915
4.046809999999997
1.5940700000000008
13.671289999999994
9.586400000000012
0.11387000000000036
28.64196999999999
0.48338999999999843
3.3044700000000002
30.57335999999998
15.363220000000027
11.418819999999998
8.398720000000004
27.63060999999998
26.677119999999842
26.774319999999978
29.289189999999973
30.431929999999944
28.433679999999942
9.12162999999998
14.017339999999981
29.745579999999915
10.668339999999995
30.24034999999993
29.332220000000046
11.37207000000001
3.0270800000000007
27.429290000000055
4.935990000000008
22.10732000000004
7.587020000000006
1.80267
1.2773299999999992
7.912170000000003
2.1213
7.435520000000009
28.605079999999965
29.75328999999997
8.957090000000003
23.730909999999923
2.561789999999997
7.180159999999999
13.578930000000017
25.543409999999998
12.760420000000005
14.044530000000002
21.46764999999999
3.1075799999999996
20.226590000000016
5.287290000000001
31.116469999999985
7.457270000000003
31.983109999999954
5.823960000000005
25.710290000000015
1.253970000000003
18.782330000000048
27.932079999999978
15.563639999999996
24.047999999999977
6.161639999999996
0.4441499999999998
30.263379999999866
19.935849999999963
29.383509999999955
1.4091200000000002
32.54424000000006
11.71520000000001
28.239889999999967
13.759279999999999
24.52605999999999
3.7772999999999994
0.9760099999999992
17.492070000000034
29.47526000000001
9.595390000000013
23.725519999999904
0.48489999999999966
7.16205000000001
32.04406999999998
29.84838000000001
5.584020000000006
4.890159999999999
30.21251999999992
25.650689999999983
26.5995999999999
22.42110000000006
27.931600000000046
1.7456199999999993
24.37383999999998
5.824010000000012
1.9664100000000024
27.82073999999997
19.65343000000001
8.471579999999994
27.872729999999976
30.67873000000002
8.195460000000006
30.971270000000015
2.711849999999999
8.969829999999995
8.034689999999989
7.524999999999999
27.53994999999998
0.5706800000000003
10.231490000000012
22.543659999999942
7.4534400000000005
28.84101999999995
18.29979999999997
8.549060000000011
14.548069999999983
9.195509999999995
19.758109999999988
10.374010000000021
11.073349999999985
22.413069999999966
19.490689999999955
