0
178500
171800
73200
154500
146600
111900
2600
44800
78400
22900
52000
21700
55000
3400
11200
8600
18000
10900
17300
33900
900
60800
7400
11500
6700
29900
3800
24200
38400
75800
30400
4100
25600
20400
26400
146900
70500
61900
23500
87400
65700
49000
70200
146300
8100
39200
38800
149400
110800
58300
36200
4600
62700
153600
153400
90300
119600
152500
139400
147700
18400
49800
32700
48800
32600
103800
159000
154100
163100
77300
24900
161000
73300
154900
39000
158500
3300
11300
155000
123200
170300
181000
67500
97500
36700
155700
99700
131100
156200
159300
52400
184100
172900
161400
167400
81800
137300
145900
162700
18400
49800
24700
179300
74900
24900
173100
154800
166200
150100
32900
79500
166200
174600
169100
83700
159000
185800
168300
196400
65000
68000
169500
159700
193900
31800
50200
101600
14900
18900
177000
175900
188500
177700
24400
42000
17700
67800
182600
58300
179200
139800
33200
178200
173300
58700
57100
138400
167200
91100
138200
5900
33300
179400
190900
189000
168400
187800
177900
67200
174600
25700
69700
195300
49600
125800
76400
2600
181300
63800
128600
41700
109600
180100
182800
181400
186000
129100
171800
86600
140000
50200
32700
166500
132500
9700
199400
94700
163700
177100
9300
185800
119900
199200
112400
108800
155400
178400
169600
28600
196200
32400
178200
78300
162800
118000
18000
184700
92000
179200
168700
100300
164800
52800
178000
186100
169700
174600
56300
188400
140800
72600
196400
101100
33900
106400
193700
198800
168100
-900
172500
174900
89300
36100
187400
57300
189100
110000
194300
143500
17600
36900
172500
89800
118400
130000
172200
178800
92800
44000
62100
113100
8600
20000
140700
177200
184500
89400
176200
170400
22400
4200
70700
105600
133100
189500
187900
147400
57000
172800
26000
189500
22600
69400
193500
132300
25200
174800
179000
194900
6100
31700
167900
183700
28700
185600
174200
166300
174500
168100
162400
102000
171700
193500
178000
190000
182900
173900
24800
169800
197600
81600
79200
67600
72200
44800
195000
45800
105200
57900
177900
134900
178100
106400
198200
193000
114000
190500
182800
159800
17500
50600
183800
190600
164000
200500
162200
180800
182500
20200
196000
44200
183500
10800
23800
52500
174600
126100
58200
191400
49200
178600
57600
173000
181800
174800
191500
173200
181600
186800
44800
169000
18800
156900
189000
65400
186600
26800
85200
164000
187800
184500
170800
187800
186400
189400
114800
127800
180100
171300
193400
175500
173200
15100
178800
55500
20000
157600
183200
185200
179900
23500
195200
176100
-1000
188100
25400
50900
193600
122500
93800
110500
135700
5100
175000
186800
6200
187100
180200
40600
163500
190300
15600
188000
198000
170400
177700
91300
131100
146400
199600
54300
165000
185700
186900
198000
49700
153600
115600
173700
33900
127700
199900
44100
-100
181300
109900
187500
96400
179200
180900
192400
176000
50100
98000
42600
173600
170000
91500
12400
200800
179800
192800
187400
166300
108900
163400
176500
179200
27300
8800
148800
119800
79700
87800
178500
156200
176500
168200
33000
178100
173200
15300
169300
77700
176000
38700
198800
178500
179900
166700
185600
44800
70900
200500
30500
155100
173000
187600
183900
181100
186400
184100
170500
41700
201900
85500
190700
6600
30500
185100
196200
42400
187600
13300
172300
114500
170200
174000
154900
86200
147500
166500
13000
65900
8300
8900
-800
57700
14800
-2500
1400
5800
25100
25500
5100
5200
22400
8500
25300
29300
14500
10000
42700
31100
7600
17900
19900
39800
83700
6700
7400
7400
110800
23700
66100
111300
5100
12800
24300
41400
23800
7100
117100
134400
4800
16100
95200
6400
151600
71800
6200
128600
2000
132600
41800
155300
5700
1900
71800
23100
139400
27900
46500
145700
28800
157300
118700
155900
42800
173700
157700
64300
88300
105300
153400
36000
59500
154400
71200
36300
144500
17000
124300
58700
57500
15100
17100
20300
152900
151700
106000
10200
104300
45200
14900
56300
153700
30300
102900
172500
143100
163100
103600
154100
96800
92700
164400
160100
53600
71800
160900
159600
83600
34900
180500
103000
63300
176100
5200
152800
24700
74400
67600
155100
94000
85700
163800
93700
74500
84800
144800
49200
48400
58500
92500
124900
4400
148300
40100
117500
88000
168600
172300
146200
158500
49200
51000
146300
56000
159200
17200
70700
64200
176900
168500
134400
2500
48700
146900
136700
44200
171400
170500
156700
176900
35800
-1200
6300
33400
121400
64300
58400
152300
8600
3800
77700
179900
154100
172300
5000
179700
7900
106700
90300
169700
53400
155500
160200
167800
166000
28600
59200
173800
119000
19100
10800
189600
77200
18700
186900
31600
180700
106500
141400
105100
54100
169300
177500
96600
151400
77700
72200
162100
76100
167700
24200
171900
175600
166000
160600
165500
155000
186900
11900
37100
28400
59800
139900
33700
35200
50500
166100
43700
2500
41600
166600
149800
154300
12300
168100
43000
4600
175200
164600
135200
80400
169700
151100
168000
74400
173300
155300
102800
78100
83200
9500
168500
158300
41600
52300
165200
169400
28300
173700
34400
90100
148600
83700
114300
79600
182100
178300
166400
107800
171300
42800
165100
8200
49100
11400
33100
59700
54900
122300
75300
36400
189100
180000
39000
140200
151500
157900
101600
400
117600
85600
1300
128400
176500
81500
116300
102600
21300
34500
127100
88000
19400
130600
155800
62700
33200
-400
53300
163400
188800
138900
17900
53800
97800
40900
30800
139200
140700
76700
75000
58200
179300
171800
182900
128300
5600
158200
85200
183900
168900
174400
128900
160900
81500
172800
6400
102800
157500
12000
103200
167500
181800
166300
78800
6400
157800
117100
1400
172500
99700
60500
160300
20400
183500
170300
126700
29100
168500
161800
21700
11700
37800
130300
165700
95700
117200
53900
151700
116100
79200
169100
144900
32700
159700
17200
172800
117800
94300
166100
46500
154100
166900
172800
47600
161200
67800
171900
16700
166500
156700
171300
153800
162800
165700
162400
4600
158200
18900
46700
67300
46100
159400
164400
60400
161200
164200
176500
162000
171300
27500
172200
16400
164100
168700
178700
31300
185100
170600
173400
173200
161700
63200
700
170100
169200
102200
88700
186000
172600
9400
61700
55200
179600
90900
165300
185500
177700
125600
26600
191300
157800
181500
111200
203900
50200
169600
93700
174700
28000
54800
9600
22800
182500
159900
170600
46500
196100
170000
165900
181500
166400
171400
42100
180300
27700
6200
163100
165000
142000
93600
169900
30200
45100
19000
176500
170300
11000
172400
40300
167600
131800
171500
163400
21000
175900
164600
165400
9300
119700
65000
15000
84000
182800
114800
74600
105600
87100
156300
155900
12600
300
19800
3200
3400
97400
12400
12700
15000
16800
24200
12700
57900
92900
26900
30000
103500
4600
22100
12600
22100
26000
9000
28300
31000
5400
4700
53300
9900
30900
23700
90400
97400
22300
11100
12600
7400
143600
37600
41700
46600
42900
3500
37800
151800
93100
29800
110000
34500
3600
79900
21000
5900
73600
9200
29100
147100
148300
5800
15100
32900
23000
83400
110900
30900
106800
22600
41200
25500
46200
100100
8900
24800
72500
75000
144800
53400
137500
31800
25200
4400
22100
24400
71900
1800
19200
11200
22800
11100
144100
49000
9200
131200
98400
111600
1900
171800
99200
159800
133500
56200
9900
166300
156600
47100
130500
5900
14500
18500
150500
162700
53800
151900
120300
112100
88100
144500
148100
167800
161100
97000
57300
56500
145300
98900
86800
74900
55100
19400
22700
134000
164100
64900
109100
50900
139000
16100
149000
28800
26700
108400
116300
60000
3000
35100
21400
128500
115700
37300
40700
6300
150400
38800
38400
61100
72200
154200
54700
52700
10300
113000
57200
152200
16100
116500
37800
77300
103200
167600
113100
46000
35100
95700
154900
24500
29000
22800
10800
76400
56100
2000
158500
5100
19900
170100
87000
65000
49300
156300
149300
149100
162000
169700
158000
52200
79100
167900
60700
169800
163900
63500
19600
157200
28700
126100
43700
11100
8700
45000
13000
43500
158500
169700
50400
134500
15900
41100
75600
143800
74700
80500
120500
18500
114700
31200
171100
41700
177700
32500
144700
8900
104800
158400
88600
135100
35600
4100
167500
111500
165400
9200
180400
65900
158700
81600
136900
22500
7100
96200
164000
56500
135300
4100
41000
176800
165000
31600
29300
169000
144300
151800
126800
156600
11400
136500
35200
12300
154900
109200
48700
155400
169900
47000
170200
16700
50000
46600
43200
154700
4300
57300
125900
41500
161200
102200
48200
81800
51300
110400
59100
63300
125900
109100
