0
-1.03865
-1.04189
-1.01644
-1.06922
-1.05646
-1.04364
-1.0492
-1.06717
-1.05276
-1.05801
-1.06732
-1.05693
-1.02663
-1.05632
-1.03997
-1.03369
-1.04281
-1.05325
-1.04596
-1.0529
-1.04302
-1.03689
-1.06196
-1.0516
-1.05911
-1.04664
-1.0579
-1.05039
-1.0503
-1.06354
-1.0667200000000001
-1.03477
-1.03682
-1.03944
-1.03771
-1.08778
-1.03351
-1.07506
-1.05921
-1.0421
-1.04923
-1.03122
-1.0354
-1.07328
-1.03412
-1.07419
-1.07376
-1.05013
-1.0668
-1.0498
-1.04429
-1.07258
-1.04108
-1.04764
-1.04631
-1.0329
-1.03026
-1.05118
-1.03125
-1.05956
-1.05157
-1.05857
-1.04484
-1.0678
-1.05844
-1.05399
-1.0659399999999999
-1.03344
-1.05765
-1.04227
-1.05656
-1.03462
-1.05672
-1.06264
-1.05498
-1.03947
-1.04929
-1.05454
-1.04172
-1.06164
-1.03218
-1.0462
-1.05789
-1.048
-1.0598
-1.03367
-1.03732
-1.05894
-1.09723
