0
-5000
-4900
-5000
-5000
-5000
-5000
-5000
-5000
-5000
-5000
-5000
-5000
-5000
-5000
-5000
-5000
-5000
-5000
-5000
-5000
-5000
-5000
-5000
-5000
-5000
-5000
-5000
-5000
-5000
-5000
-5000
-5000
-5000
-5000
-5000
-5000
-5000
-5000
-5000
-5000
-5000
-5000
-5000
-5000
-5000
-5000
-5000
-5000
-5000
-5000
-5000
-5000
-5000
-5000
-5000
-5000
-5000
-5000
-5000
-5000
-5000
-5000
-5000
-5000
-5000
-5000
-5000
-5000
-5000
-5000
-5000
-5000
-5000
-5000
-5000
-5000
-5000
-5000
-5000
-5000
-5000
-5000
-5000
-5000
-5000
-5000
-5000
-5000
-5000
