0
-447.39616666666694
-445.21400000000006
-196.74183333333326
-358.4524999999998
-398.65750000000014
-195.00400000000022
-224.00283333333348
-91.58483333333335
-537.2366666666665
-287.17016666666655
-176.73966666666666
-170.82866666666672
-230.94449999999998
-428.3671666666671
-243.05900000000017
-654.3738333333333
-284.26999999999987
-217.9188333333333
-308.37233333333353
-283.25316666666686
-375.627666666667
-232.2815000000001
-331.4984999999998
-227.1591666666669
-270.6680000000003
-391.8349999999999
-291.04566666666665
-285.3868333333334
-296.56816666666697
-342.2611666666668
-297.15350000000024
-388.67449999999974
-302.2834999999997
-604.0673333333335
-413.94933333333347
-150.81666666666663
-386.55949999999996
-431.6003333333336
-639.3811666666669
-294.82249999999965
-240.57966666666647
-361.0808333333331
-337.8550000000002
-169.08033333333316
-359.8863333333334
-187.52249999999995
-262.1231666666665
-571.5803333333333
-264.0953333333333
-313.1565000000002
-303.70566666666684
-394.9508333333336
-311.62100000000015
-253.3441666666666
-251.21816666666672
-315.2888333333332
-363.24450000000024
-312.2839999999998
-359.52350000000007
-342.14399999999966
-298.7706666666665
-243.62266666666665
-363.77366666666654
-445.1103333333333
-233.13450000000034
-261.34499999999986
-694.3573333333328
-186.38483333333326
-287.9646666666666
-258.8771666666668
-203.48666666666662
-451.4930000000003
-278.07916666666654
-255.62916666666666
-251.89199999999988
-190.61800000000022
-313.37549999999993
-265.1283333333333
-253.47600000000014
-263.96166666666664
-408.24683333333337
-311.2568333333332
-334.9179999999997
-426.28233333333327
-357.1046666666665
-223.43249999999998
-376.2878333333337
-304.2371666666667
-244.49283333333344
-425.1136666666664
-411.06699999999995
-185.9898333333332
-242.68383333333355
-247.42733333333337
-246.24466666666655
-357.88783333333356
-423.72883333333357
-421.7948333333336
-254.9205
-449.4269999999995
-213.60866666666678
-212.37483333333324
-182.11216666666652
-331.41583333333335
-415.2553333333331
-154.4911666666667
-239.9333333333332
-272.78566666666677
-245.41950000000023
-199.47216666666654
-246.52466666666672
-259.06233333333336
-243.16183333333336
-237.094
-290.3064999999998
-241.24016666666685
-390.06950000000006
-222.07999999999996
-280.20399999999995
-280.56299999999976
-208.82450000000023
-420.4804999999998
-310.38499999999993
-582.1903333333336
-303.7066666666665
-247.26333333333335
-230.955
-257.56166666666655
-290.87166666666656
-251.30900000000005
-159.45100000000005
-242.9348333333332
-176.9233333333335
-339.6691666666667
-430.989
-555.4981666666666
-431.0763333333335
-544.0756666666665
-306.8344999999999
-210.82666666666663
-258.81566666666646
-296.67666666666645
-372.38049999999987
-397.70400000000006
-281.3216666666664
-328.722
-386.27049999999946
-525.374
-216.16383333333349
-466.38483333333323
-139.94633333333329
-280.09249999999946
-416.44233333333324
-468.53800000000024
-434.45700000000005
-224.3805
-524.2204999999999
-219.50750000000022
-518.4028333333331
-301.8048333333331
-282.9201666666668
-197.21199999999993
-303.01533333333305
-288.14933333333323
-275.9920000000001
-258.48250000000013
-261.7943333333329
-359.95766666666674
-360.3738333333332
-342.9851666666668
-308.58983333333305
-274.60883333333345
-294.51750000000015
-583.3549999999998
-677.8896666666669
-279.7469999999997
-398.90833333333364
-237.2955
-355.49199999999956
-540.6141666666663
-296.01766666666686
-290.01733333333374
-109.11683333333332
-268.68050000000005
-164.3728333333333
-414.8418333333333
-304.8598333333335
-233.22899999999996
-363.23116666666675
-268.2336666666666
-229.9811666666663
-183.9491666666668
-174.00816666666674
-261.27233333333345
-241.9271666666665
-300.2508333333333
-446.17716666666604
-219.1908333333334
-259.4978333333334
-269.2631666666664
-406.4013333333326
-327.5413333333332
-374.23199999999986
-240.35966666666684
-504.99333333333317
-277.11766666666654
-387.4641666666669
-332.08549999999957
-281.9758333333335
-477.0988333333333
-251.79933333333327
-377.4383333333334
-194.08500000000004
-325.46400000000034
-289.15316666666695
-324.8999999999998
-302.96750000000003
-366.12799999999976
-331.60949999999957
-398.1935000000002
-399.01666666666637
-86.93700000000001
-235.7586666666666
-266.8311666666668
-267.68249999999966
-378.39850000000007
-249.97483333333338
-422.07133333333326
-187.50183333333337
-416.6066666666666
-543.9725000000001
-383.4408333333331
-265.51049999999975
-310.52766666666696
-335.6141666666662
-462.77183333333346
-246.50300000000036
-211.36950000000016
-526.7784999999999
-567.2891666666669
-442.2406666666667
-196.935
-311.7454999999998
-224.47483333333344
-448.8569999999999
-224.69166666666655
-382.97716666666656
-215.7948333333334
-326.96599999999984
-171.82383333333317
-378.65549999999985
-410.939333333333
-357.1080000000001
-300.6628333333333
-362.7106666666664
-364.78950000000026
-321.39216666666675
-245.77016666666682
-279.4781666666666
-157.00983333333315
-145.10033333333342
-293.31416666666706
-118.07116666666671
-456.5726666666667
-434.1391666666667
-246.63833333333318
-412.71583333333314
-177.17699999999996
-272.3756666666669
-412.3186666666668
-295.8314999999997
-488.2656666666669
-531.0031666666666
-279.27383333333296
-435.8903333333331
-288.45066666666645
-222.6943333333333
-533.2663333333333
-353.619833333333
-376.47033333333314
-149.45566666666673
-495.69799999999987
-372.6270000000002
-391.1168333333337
-271.85699999999997
-167.5493333333333
-282.0193333333335
-350.52300000000014
-194.6141666666666
-260.8388333333334
-288.5233333333331
-331.2816666666668
-282.41283333333314
-392.89283333333316
-363.21100000000007
-382.1753333333335
-497.2374999999997
-454.66800000000023
-449.68749999999966
-494.69733333333363
-450.1656666666669
-494.75799999999987
-371.61399999999975
-325.02616666666694
-402.49466666666666
-296.1628333333332
-254.19633333333323
-343.4456666666664
-512.952833333333
-268.19316666666657
-361.5823333333328
-226.46200000000013
-306.04216666666633
-326.3340000000002
-467.0753333333336
-258.30999999999983
-339.0781666666662
-475.2570000000002
-255.5091666666667
-262.3903333333337
-189.50050000000005
-235.19066666666674
-339.59566666666615
-380.53783333333325
-440.30083333333323
-581.8014999999998
-538.1898333333338
-371.77666666666653
-448.8666666666667
-363.7383333333333
-290.48933333333304
-219.93999999999994
-272.9228333333337
-414.3321666666666
-463.7363333333334
-376.1336666666669
-208.61049999999994
-307.3259999999999
-316.1696666666667
-256.57766666666646
-230.1635
-286.8016666666665
-111.37616666666656
-411.1598333333338
-492.19566666666674
-311.78066666666643
-217.60366666666673
-303.5856666666665
-286.7639999999998
-293.76466666666664
-233.63116666666645
-259.5986666666667
-362.2354999999997
-321.63149999999996
-272.39699999999976
-439.8944999999998
-292.07183333333353
-159.8001666666667
-199.58900000000003
-250.77516666666662
-322.9903333333333
-192.64050000000012
-180.51633333333336
-311.3380000000001
-421.86016666666694
-170.4933333333333
-481.69783333333356
-498.8295
-317.2494999999999
-538.2513333333336
-301.513
-291.837833333333
-264.4364999999996
-344.6625000000002
-286.12966666666654
-422.1783333333335
-317.7993333333332
-543.432333333333
-227.21783333333346
-328.14233333333317
-321.90216666666646
-295.221333333333
-221.4519999999998
-566.2906666666667
-298.77549999999974
-256.0070000000004
-419.6653333333337
-285.0711666666666
-214.41833333333335
-434.93599999999986
-301.3210000000001
-422.7011666666665
-372.7813333333334
-247.80350000000004
-385.16333333333336
-430.3703333333334
-149.87933333333334
-281.90833333333313
-216.59166666666667
-155.66533333333334
-284.98599999999965
-216.328
-216.3388333333332
-341.42483333333337
-382.88699999999966
-240.75066666666666
-419.9328333333334
-381.13466666666625
-272.4311666666664
-234.85083333333327
-440.15833333333296
-294.5011666666668
-378.8724999999994
-440.5088333333332
-192.10033333333317
-236.16783333333333
-219.52349999999993
-350.70066666666645
-304.8524999999996
-225.4270000000001
-280.37983333333324
-274.93516666666665
-267.4641666666664
-181.91433333333333
-214.50033333333334
-237.63516666666683
-330.97499999999997
-348.1215000000001
-488.93433333333303
-322.4873333333333
-437.0948333333331
-264.93899999999974
-302.70300000000003
-413.1831666666661
-374.65283333333366
-195.23466666666656
-201.887333333333
-385.5336666666667
-331.20366666666655
-606.3821666666672
-411.2306666666665
-489.53933333333305
-221.16433333333336
-445.83850000000035
-315.6171666666662
-309.2734999999998
-234.57150000000016
-229.9913333333333
-389.50050000000044
-271.7608333333332
-380.03499999999957
-426.9490000000001
-243.39733333333322
-287.2573333333335
-204.2655000000002
-328.9811666666667
-397.64333333333343
-401.0894999999996
-292.1305000000002
-210.55583333333317
-249.95750000000004
-223.22783333333325
-213.85633333333348
-249.99516666666648
-303.2889999999999
-241.48333333333332
-287.62899999999985
-608.681166666667
-482.5116666666666
-327.4508333333335
-251.08649999999983
-224.59749999999994
-190.8138333333333
-413.4388333333335
-238.47183333333345
-506.8998333333331
-287.2513333333334
-175.94250000000008
-224.72016666666647
-401.28116666666665
-212.32849999999988
-382.51533333333333
-266.04983333333314
-452.90216666666663
-418.39516666666657
-363.07049999999987
-195.54683333333338
-401.19283333333345
-329.32016666666675
-345.09849999999994
-305.42900000000014
-506.3938333333332
-480.3159999999999
-471.16583333333307
-500.31316666666714
-327.77116666666643
-356.6885000000001
-326.7373333333329
-350.4521666666665
-468.83216666666647
-274.22383333333346
-235.54950000000005
-409.0990000000001
-291.77300000000037
-273.72583333333347
-353.57566666666685
-227.71149999999983
-317.022166666666
-404.6086666666668
-413.6203333333337
-428.44833333333344
-264.3534999999998
-298.2933333333328
-432.08583333333337
-249.1358333333332
-290.5205
-401.5358333333335
-228.0414999999998
-222.72166666666647
-376.56183333333297
-308.07749999999976
-322.7911666666665
-375.17233333333326
-163.3735
-134.03883333333337
-271.84783333333337
-250.3130000000001
-460.3623333333334
-235.9286666666667
-176.23816666666676
-443.5176666666669
-345.589333333333
-259.00550000000015
-182.3818333333333
-85.23999999999997
-242.9798333333335
-381.2884999999999
-269.58899999999994
-326.28583333333336
-479.8238333333332
-294.8958333333333
-356.1714999999999
-256.49433333333303
-257.9038333333334
-107.0888333333333
-337.6624999999996
-173.0711666666667
-169.4773333333335
-282.69250000000005
-307.2608333333328
-238.9160000000003
-232.3016666666669
-243.8228333333334
-187.0378333333334
-356.3461666666664
-224.44699999999997
-120.81299999999997
-352.58116666666666
-365.57233333333323
-180.30433333333352
-406.49433333333354
-368.3458333333336
-387.26483333333334
-170.4754999999999
-565.2208333333338
-367.6641666666668
-349.2353333333332
-215.65683333333354
-209.47316666666686
-354.44966666666664
-275.10433333333316
-105.98999999999998
-422.46966666666674
-355.83583333333337
-139.48550000000006
-280.3778333333331
-277.94083333333316
-270.0820000000002
-300.04299999999995
-552.4318333333334
-135.61216666666667
-490.32749999999965
-314.89450000000005
-298.06383333333355
-255.15350000000015
-538.8895000000007
-591.2608333333335
-325.9665000000002
-232.89483333333325
-300.02216666666646
-303.9501666666667
-522.4514999999998
-346.7521666666667
-185.44616666666695
-219.89683333333332
-192.5626666666666
-503.875666666667
-177.35166666666677
-438.7370000000002
-295.89399999999983
-362.13150000000013
-207.55416666666653
-210.80800000000022
-266.9678333333333
-319.7279999999995
-239.34466666666657
-365.9860000000001
-306.9508333333332
-208.51633333333345
-334.22683333333356
-323.54866666666686
-216.0615
-263.95833333333326
-280.96500000000026
-361.63566666666657
-403.31816666666657
-329.9293333333334
-144.1298333333331
-350.4211666666666
-343.1093333333334
-449.1809999999999
-226.9256666666666
-238.17866666666677
-108.32416666666668
-224.87466666666666
-290.3353333333331
-187.91433333333347
-278.48433333333327
-319.52416666666625
-531.9916666666667
-203.84216666666683
-261.7548333333336
-322.7231666666668
-412.10083333333347
-319.02599999999984
-245.35799999999992
-206.39766666666677
-355.53416666666664
-234.49016666666682
-104.00983333333332
-303.0161666666665
-231.19433333333336
-246.47816666666634
-242.13
-261.25733333333307
-502.1073333333333
-159.10166666666674
-183.41400000000013
-236.3649999999999
-332.4344999999997
-547.7729999999995
-503.0913333333329
-202.51033333333316
-284.0646666666665
-374.8558333333334
-437.68949999999984
-243.25650000000024
-322.9293333333334
-278.0883333333329
-201.25066666666677
-192.9298333333333
-331.41283333333314
-248.43183333333326
-267.42933333333343
-435.84016666666673
-166.3348333333333
-220.1786666666667
-251.6006666666668
-221.18816666666655
-306.80816666666675
-282.4256666666667
-217.78933333333336
-427.6716666666666
-368.2151666666671
-195.95516666666683
-425.2185000000004
-251.3595000000002
-210.91083333333356
-205.93383333333318
-330.3815000000002
-368.47983333333354
-315.52299999999974
-519.4013333333328
-280.7486666666668
-548.349
-343.13850000000014
-214.79533333333336
-348.64666666666665
-511.457666666667
-277.5695000000002
-171.85933333333338
-238.216
-245.95749999999973
-171.8853333333334
-292.4785
-303.36583333333357
-261.5526666666666
-170.5729999999998
-231.362
-394.6984999999997
-286.2386666666666
-379.98133333333385
-233.05283333333333
-283.70566666666696
-274.5490000000001
-299.7575000000002
-297.02049999999974
-219.73783333333344
-447.7791666666665
-311.1073333333335
-474.72399999999993
-387.9769999999999
-190.64016666666677
-342.0650000000002
-277.46683333333334
-343.68283333333284
-286.6206666666664
-265.1811666666666
-212.26399999999975
-188.31516666666664
-380.0549999999995
-175.22599999999994
-164.37633333333324
-240.92533333333344
-494.7123333333338
-430.6493333333331
-337.676666666667
-236.92933333333357
-276.245
-230.89950000000005
-227.5321666666666
-257.19499999999994
-327.9300000000001
-281.7931666666666
-340.80383333333333
-319.2070000000001
-383.7249999999997
-385.8109999999996
-453.40966666666645
-397.9245
-480.0578333333336
-549.8048333333338
-378.48333333333284
-311.7644999999997
-399.3688333333333
-253.8794999999998
-331.8248333333336
-197.57466666666676
-244.07133333333329
-404.52233333333356
-475.52749999999986
-220.45949999999996
-200.18283333333355
-267.8111666666662
-357.8674999999998
-294.8053333333337
-218.7924999999999
-183.20766666666665
-285.93983333333347
-268.66933333333316
-291.1158333333333
-304.2208333333333
-311.3175000000002
-294.35683333333344
-448.08366666666706
-460.1735
-243.01016666666663
-228.80066666666647
-304.51500000000004
-166.0995
-460.9886666666668
-248.34249999999986
-352.20649999999983
-266.334333333333
-351.4113333333329
-298.7629999999996
-332.48566666666676
-419.3188333333336
-256.36900000000014
-309.2823333333333
-279.222
-349.8213333333335
-200.85633333333357
-290.1346666666666
-211.1403333333334
-168.36633333333336
-271.7246666666667
-300.4986666666666
-348.4773333333334
-246.97266666666667
-158.4288333333334
-319.9928333333332
-105.84766666666661
-262.5676666666666
-338.06183333333325
-487.1728333333333
-362.32699999999977
-138.1858333333333
-188.14016666666654
-247.42966666666658
-328.7926666666666
-219.34450000000018
-438.86433333333315
-245.5846666666665
-273.4196666666666
-286.77133333333336
-335.7791666666664
-76.88550000000001
-268.47033333333343
-215.2351666666666
-263.4676666666667
-415.9718333333332
-369.7296666666665
-382.793
-328.87499999999983
-365.0383333333333
-263.9816666666668
-395.295
-236.22416666666663
-204.44416666666672
-248.2043333333334
-168.72216666666665
-447.11816666666675
-359.5223333333333
-249.51733333333343
-204.93516666666656
-342.939833333333
-352.0155
-212.44600000000034
-335.76366666666667
-328.82566666666696
-269.61049999999994
-220.63483333333363
-86.15999999999997
-346.01416666666654
-274.0863333333329
-235.9843333333334
-309.4300000000002
-168.95316666666668
-342.81099999999986
-259.06166666666684
-341.5858333333336
-375.0231666666669
-275.18550000000005
-343.7783333333333
-255.07466666666681
-332.79516666666683
-463.88366666666707
-359.1056666666666
-188.50583333333353
-184.82300000000012
-189.7558333333334
-210.81633333333338
-348.59566666666717
-281.7624999999998
-290.81366666666696
-174.95733333333334
-189.2693333333333
-347.55333333333357
-255.9823333333335
-439.5944999999999
-288.15583333333325
-214.98999999999987
-526.8578333333332
-256.8208333333332
-187.1186666666666
-177.12783333333334
-214.49833333333325
-395.2940000000001
-499.7421666666665
-265.84133333333307
-223.54283333333336
-123.63966666666659
-289.01449999999954
-121.24516666666669
-273.35716666666667
-435.8659999999996
-375.7300000000001
-473.289166666667
-195.35550000000003
-441.36433333333287
-154.5249999999998
-356.42266666666694
-244.19033333333334
-487.6683333333338
-327.79933333333383
-243.31483333333333
-220.02100000000002
-337.3301666666669
-226.20566666666653
-388.85549999999967
-506.925333333333
-286.0729999999999
-192.92150000000018
-586.4745000000001
-199.20216666666676
-208.9044999999998
-346.75983333333346
-230.0818333333334
-143.73916666666653
-251.2346666666666
-139.4271666666666
-364.42016666666666
-381.3891666666665
-340.6236666666667
-101.87483333333336
-241.33216666666686
-503.1976666666664
-223.38599999999997
-423.90649999999977
-248.5628333333335
-290.6843333333335
-136.29933333333335
-288.84483333333293
-301.82716666666647
-215.08250000000015
-194.9766666666666
-526.0121666666668
-299.78133333333335
-390.028833333333
-373.44216666666654
-399.2783333333339
-224.26449999999994
-285.39149999999995
-242.4158333333333
-415.8159999999997
-681.3421666666673
-238.1753333333334
-286.29599999999965
-236.34883333333357
-293.0940000000002
-586.1156666666667
-272.5401666666664
-382.25049999999953
-206.99266666666682
-235.04383333333342
-237.78916666666666
-332.83466666666664
-392.49499999999995
-309.7953333333333
-245.37516666666664
-321.76233333333346
-318.9789999999996
-432.0988333333335
-394.29283333333353
-193.45750000000004
-342.0160000000001
-189.21850000000003
-191.54816666666673
-404.65666666666664
-346.83466666666664
-418.0184999999998
-113.50616666666664
-215.90866666666676
-401.1174999999996
-406.5083333333332
-295.63983333333346
-272.2213333333333
-325.9298333333332
-272.06449999999995
-212.33350000000016
-316.9015000000001
-347.7523333333333
-226.86283333333336
-522.4730000000003
-331.8624999999999
-238.46883333333327
-205.95233333333326
-299.9153333333333
-320.1193333333334
-332.80449999999996
-228.2433333333333
-266.8996666666664
-188.11983333333316
-210.672
-243.12716666666662
-219.06700000000006
-339.63349999999986
-343.77316666666655
-189.05066666666676
-260.95066666666673
-349.19883333333354
-434.5068333333332
-209.5438333333334
-329.4764999999999
-237.4174999999999
-342.18349999999975
-308.77499999999986
-359.7560000000003
-499.60300000000007
-615.4390000000005
-246.15833333333347
-181.6143333333334
-257.5700000000003
-446.1528333333335
-273.55983333333324
-263.7103333333332
-219.20783333333327
-324.0173333333336
-295.19650000000007
-164.08183333333335
-254.7833333333333
-190.91783333333336
-505.2161666666666
-142.8925
-192.49850000000015
-325.35166666666686
-495.7785000000002
-353.1055000000002
-458.66250000000036
-221.70966666666664
-370.84383333333335
-229.44216666666674
-239.31399999999985
-309.4098333333335
-217.94916666666668
-194.7106666666667
-171.06166666666658
-326.9798333333339
-177.5259999999999
-244.8223333333333
-194.07333333333344
-303.87916666666626
-211.6899999999999
-458.87516666666664
-312.494833333333
-176.71666666666678
-250.38650000000004
-145.50883333333377
-133.6903333333333
-215.6365000000001
-256.3413333333333
-247.56383333333332
-288.73083333333324
-150.02450000000007
-215.7054999999999
-260.48433333333344
-457.40783333333366
-235.15700000000004
-144.51650000000012
-214.92350000000002
-80.00083333333336
-313.5580000000002
-162.73833333333312
-290.20100000000025
-172.96433333333331
-202.1295
-376.1546666666663
-329.76316666666673
-294.1235000000001
-284.0898333333334
-269.91800000000035
-269.9956666666667
-279.3183333333331
-282.6426666666665
-224.82633333333345
-564.7276666666664
-260.7266666666666
-325.6606666666665
-233.1208333333331
-268.7025
-232.38833333333332
-126.27850000000001
-341.8803333333332
-248.6781666666667
-227.60666666666657
-187.7115
-468.13383333333354
-232.8066666666666
-281.63866666666615
-281.36016666666654
-232.68366666666674
-210.4045000000001
-331.37500000000017
-283.23266666666643
-238.1351666666664
-223.67683333333304
-257.10900000000004
-324.07966666666624
-346.6616666666667
-219.76666666666682
-194.6676666666666
-410.9528333333332
-346.8071666666664
-262.59349999999995
-288.44300000000004
-439.29449999999935
-307.5346666666665
-362.7068333333332
-307.62
-175.28050000000033
-403.9505
-364.66083333333336
-230.73566666666653
-263.8678333333331
-373.8394999999999
-180.36466666666686
-65.19200000000002
-295.96099999999984
-82.59933333333333
-195.72566666666668
-89.44200000000001
-232.40433333333334
-343.5151666666665
-326.1273333333331
-239.87783333333326
-234.6185000000002
-350.7138333333331
-464.359333333333
-309.02649999999954
-214.16166666666675
-328.10366666666664
-132.10083333333336
-268.5730000000002
-298.73300000000023
-368.8393333333334
-256.1613333333335
-229.64150000000006
-274.5415000000001
-311.8865000000001
-296.41766666666666
-298.23616666666675
-294.56783333333345
-124.73966666666668
-323.0091666666666
-260.34933333333333
-142.27149999999992
-417.2783333333332
-251.76633333333334
-341.1005
-348.08049999999986
-231.89783333333355
-244.7359999999999
-204.5913333333333
-299.8051666666664
-252.2863333333333
-292.82466666666664
-252.9806666666664
-157.25549999999993
-295.57666666666677
-205.63866666666684
-202.9116666666667
-278.2291666666665
-311.9034999999997
-40.5455
-396.3858333333331
-362.25266666666687
-276.5378333333333
-273.4783333333332
-282.8101666666665
-480.18116666666646
-421.5270000000002
-113.57849999999999
-326.0746666666667
-238.57266666666675
-149.6003333333333
-445.58800000000014
-454.8241666666665
-146.68516666666667
-368.46716666666634
-148.97483333333335
-252.00783333333356
-226.08716666666663
-300.4608333333333
-254.77316666666653
-274.67183333333367
-196.31983333333324
-180.77599999999995
-268.3491666666666
-293.87149999999997
-301.91300000000024
-377.19166666666666
-289.87000000000006
-329.9363333333332
-275.83250000000004
-415.31716666666665
-299.84916666666686
-50.1365
-281.7033333333334
-292.11050000000006
-207.74183333333355
-258.82316666666657
-200.88233333333346
-349.3296666666666
-221.30716666666655
-110.09800000000001
-435.3775000000003
-228.52816666666675
-503.66083333333324
-195.42383333333333
-320.4858333333332
-289.6429999999999
-67.08200000000001
-329.1311666666672
-72.67
-293.12699999999995
-200.47333333333333
-327.693166666667
-322.91783333333314
-331.9020000000004
-316.67666666666656
-209.09916666666675
-231.56949999999998
-388.15599999999984
-419.9598333333331
-350.44299999999987
-287.3721666666672
-276.56033333333323
-473.61283333333336
-248.9321666666668
-410.33116666666643
-216.42766666666685
-191.5769999999999
-163.96649999999997
-470.87366666666645
-223.04533333333325
-351.9878333333334
-444.39399999999983
-230.3555000000002
-276.51116666666684
-311.7931666666664
-241.65800000000007
-183.3551666666666
-444.0835000000001
-197.76950000000005
-338.9103333333335
-198.98466666666658
-215.83383333333325
-191.64299999999992
-357.32500000000005
-267.77366666666654
-225.55516666666668
-171.07316666666665
-259.3855000000002
-250.7548333333333
-206.93716666666674
-250.66750000000013
-260.8823333333334
-180.5625
-273.5996666666666
-430.9270000000001
-347.5474999999999
-317.4126666666667
-371.8524999999999
-343.2503333333333
-148.82299999999998
-221.23000000000005
-269.16333333333307
-250.82083333333324
-282.6735
-232.25200000000007
-508.1006666666671
-361.25016666666636
-346.9888333333333
-290.9723333333332
-361.61550000000017
-249.31500000000003
-196.19083333333333
-362.21266666666673
-145.47
-262.9496666666664
-137.5906666666667
-156.85733333333334
-262.9698333333334
-271.66666666666686
-215.68983333333347
-239.57683333333355
-329.96933333333357
-444.5589999999996
-146.05
-168.26166666666677
-230.3480000000002
-266.38349999999974
-180.78466666666668
-223.24083333333328
-258.09016666666673
-287.7819999999999
-265.3136666666668
-193.45783333333347
-256.8596666666666
-257.81299999999993
-74.58216666666668
-328.71516666666673
-158.95049999999986
-204.38850000000014
-166.55183333333338
-208.6611666666669
-289.3983333333335
-358.5285000000006
-358.0628333333333
-322.29933333333344
-528.9193333333335
-464.9649999999997
-182.05916666666664
-232.15116666666668
-275.9179999999999
-433.70883333333336
-59.14100000000001
-284.7094999999998
-266.5179999999999
-243.10399999999984
-219.67966666666655
-387.1208333333337
-153.0783333333335
-239.00950000000003
-142.4855
-366.15266666666696
-273.07499999999976
-278.9998333333334
-164.5375
-319.0005000000002
-77.96533333333333
-260.3128333333332
-313.8233333333333
-267.37083333333334
-197.5393333333333
-268.7858333333332
-438.90533333333315
-164.57183333333344
-203.44399999999985
-175.17850000000018
-167.89033333333336
-168.34316666666655
-302.87216666666706
-303.06783333333334
-252.07699999999988
-203.05900000000008
-368.3415
-249.7318333333333
-255.31749999999985
-434.59533333333366
-267.4413333333331
-182.1733333333334
-170.81433333333345
-193.70066666666665
-505.9123333333331
-285.0289999999996
-243.71550000000005
-247.26783333333324
-359.8631666666667
-251.28866666666678
-347.00266666666687
-349.3360000000005
-270.31349999999975
-210.8925
-272.91549999999967
-313.5818333333329
-188.39949999999996
-396.7823333333329
-195.42249999999993
-82.98083333333334
-329.91400000000004
-130.4095
-266.54149999999976
-442.56466666666677
-111.88050000000001
-431.1306666666664
-321.8780000000001
-336.6433333333332
-289.8876666666668
-245.74749999999997
-293.7669999999999
-94.8913333333333
-125.822
-329.7601666666664
-237.6263333333331
-398.86449999999985
-385.7721666666666
-248.60233333333335
-160.63633333333317
-197.34733333333318
-295.0795000000002
-264.28933333333356
-296.18366666666685
-103.24250000000004
-124.50016666666667
-163.15416666666667
-256.6626666666667
-148.90816666666666
-109.44633333333333
-254.5736666666668
-354.87149999999997
-153.7805
-180.39133333333325
-91.16699999999999
-359.44016666666687
-246.79499999999993
-252.59949999999978
-352.4743333333335
-298.0789999999998
-287.53016666666673
-327.91199999999964
-269.1983333333334
-233.45483333333343
-129.11683333333332
-367.65649999999977
-220.99450000000004
-114.12300000000002
-263.9836666666668
-474.62133333333344
-173.9461666666665
-213.6421666666667
-290.41266666666655
-370.7113333333331
-187.7653333333334
-133.48999999999978
-343.31649999999996
-205.29316666666665
-294.276833333333
-364.602833333333
-428.81416666666627
-438.67699999999996
-162.05283333333335
-500.44499999999954
-327.42100000000016
-313.19516666666664
-145.53066666666655
-266.5924999999999
-131.49916666666672
-229.70616666666675
-223.8035000000001
-406.87516666666687
-339.88283333333305
-305.1021666666667
-321.80916666666656
-208.28650000000022
-257.06316666666663
-196.03566666666677
-273.89816666666667
-382.61683333333315
-275.7311666666664
-259.63550000000004
-288.4906666666668
-467.2676666666663
-272.15999999999985
-485.1689999999998
-266.7628333333334
-334.9761666666666
-206.55316666666695
-286.413
-183.65800000000002
-176.1828333333336
-100.40950000000002
-263.78449999999987
-156.91883333333334
-393.9771666666664
-263.88883333333365
-246.44633333333365
-299.79666666666657
-253.88466666666673
-541.3703333333332
-246.61033333333353
-336.1131666666666
-329.03200000000015
-243.60049999999978
-349.92949999999956
-484.3588333333338
-348.9828333333337
-445.891333333333
-156.94866666666667
-224.57000000000002
-284.1139999999999
-438.9309999999997
-463.5463333333332
-397.9525000000002
-278.0339999999999
-235.10866666666652
-338.25133333333315
-372.38366666666684
-389.3758333333332
-312.1483333333332
-307.35233333333343
-453.8411666666667
-351.0463333333336
-278.75033333333295
-317.7968333333333
-317.14533333333344
-238.8845000000001
-211.37166666666656
-468.78016666666696
-114.94133333333336
-90.70533333333339
-211.25533333333334
-261.51449999999994
-168.6925
-281.8689999999997
-199.3449999999999
-371.25316666666674
-299.8985000000003
-200.4245
-154.67150000000024
-224.23300000000015
-165.626
-301.9529999999998
-130.94066666666663
-283.6785000000002
-459.886333333333
-359.75149999999985
-191.02750000000023
-321.7341666666664
-509.3301666666668
-493.17066666666693
-181.0178333333333
-468.0024999999998
-176.92833333333328
-243.45216666666653
-247.63149999999993
-305.4978333333333
-275.4621666666668
-154.04500000000004
-211.3358333333331
-416.92716666666666
-258.87699999999984
-334.9064999999998
-280.68133333333355
-499.218
-221.0260000000001
-245.3876666666667
-262.7563333333331
-171.88000000000005
-125.29316666666666
-279.52900000000017
-288.3900000000001
-332.80033333333347
-297.60549999999967
-406.24083333333306
-93.09116666666668
-400.9176666666669
-294.6823333333334
-166.3728333333333
-240.69249999999997
-269.2656666666666
-177.46150000000003
-104.08483333333331
-338.50383333333343
-48.872
-206.36849999999987
-339.66483333333343
-250.08400000000006
-341.3303333333331
-157.29016666666672
-221.80549999999997
-321.4136666666667
-192.41066666666666
-188.59900000000016
-373.5126666666665
-360.914
-205.43866666666662
-286.93133333333265
-296.54966666666667
-244.3936666666666
-267.90333333333314
-304.7126666666668
-287.71916666666664
-202.79883333333333
-340.65466666666657
-264.84783333333326
-196.7074999999999
-284.0651666666666
-263.15983333333304
-313.9908333333334
-390.0350000000001
-210.29650000000012
-385.58733333333373
-246.9581666666668
-321.66933333333304
-68.35283333333334
-139.67516666666666
-62.018333333333345
-277.8346666666663
-149.7286666666666
-408.21366666666637
-413.95716666666675
-264.1434999999995
-254.2063333333329
-314.79083333333307
-268.1425000000001
-230.98150000000024
-181.54916666666668
-135.85283333333334
-86.619
-459.29433333333355
-329.52400000000017
-186.6311666666665
-222.6196666666667
-252.90333333333314
-162.95716666666678
-329.42066666666676
-247.44650000000001
-249.55616666666646
-332.39483333333357
-330.5606666666666
-311.064166666667
-146.934
-328.2503333333336
-191.06383333333335
-168.59783333333334
-293.75666666666666
-227.2663333333333
-309.2988333333333
-320.8130000000003
-169.48333333333332
-272.4874999999998
-191.54116666666678
-373.04200000000003
-211.08800000000022
-346.11466666666644
-240.67050000000003
-269.5004999999995
-110.46166666666667
-229.18333333333345
-264.8238333333333
-290.03949999999986
-365.4514999999998
-129.4055
-208.52799999999993
-201.84533333333343
-192.29099999999988
-222.45950000000005
-211.02583333333334
-199.5885000000002
-214.46316666666667
-256.8016666666665
-273.82899999999984
-221.5886666666666
-293.1541666666668
-221.62466666666657
-291.9799999999996
-225.87099999999998
-395.73899999999986
-160.10100000000006
-170.20566666666667
-215.6424999999998
-203.97533333333337
-218.17466666666667
-200.91399999999996
-339.04650000000026
-201.9656666666667
-147.68883333333338
-160.8700000000002
-435.2081666666668
-512.2299999999996
-322.2336666666668
-198.17283333333336
-360.008
-269.60966666666684
-76.69550000000001
-173.78016666666647
-233.0389999999998
-193.2161666666667
-244.93483333333333
-310.3399999999997
-177.22666666666666
-361.4355000000003
-205.40883333333335
-121.47749999999999
-357.7101666666667
-126.50183333333338
-307.20533333333304
-454.74749999999983
-322.7118333333331
-322.59566666666666
-236.4113333333334
-336.7464999999999
-341.7648333333331
-250.0606666666667
-176.8688333333334
-458.4781666666667
-162.67199999999997
-509.8381666666669
-421.9596666666668
-310.7420000000002
-279.4376666666666
-241.98199999999983
-463.8801666666664
-312.57216666666665
-223.93383333333313
-126.88883333333331
-297.88566666666645
-293.09283333333366
-175.6328333333332
-227.85100000000003
-251.45683333333358
-209.01583333333338
-201.9993333333331
-261.5536666666666
-225.97849999999994
-155.14433333333326
-241.67116666666655
-158.82083333333364
-277.1826666666663
-291.0729999999997
-240.42949999999988
-306.35699999999974
-205.5711666666669
-202.65799999999993
-225.34483333333324
-212.93050000000002
-351.49116666666663
-456.3556666666669
-338.35566666666676
-254.04133333333328
-304.77750000000003
-562.2876666666666
-267.6273333333329
-299.5806666666668
-279.17999999999995
-371.2899999999998
-312.26316666666645
-183.63216666666668
-440.73283333333353
-146.67866666666686
-235.79250000000005
-359.87066666666647
-386.5961666666666
-276.33516666666645
-214.9694999999999
-501.8488333333333
-238.22233333333327
-275.2468333333332
-309.5428333333338
-243.38966666666667
-235.54349999999977
-201.76799999999992
-459.5456666666668
-182.09950000000003
-261.88050000000004
-227.254
-192.29166666666677
-269.0231666666665
-246.45900000000006
-241.10883333333334
-280.2118333333329
-317.849
-164.3419999999999
-436.27950000000016
-156.62283333333332
-334.4096666666665
-242.21316666666672
-195.66000000000014
-330.5896666666666
-226.27566666666684
-189.04066666666665
-505.19566666666657
-337.2948333333336
-362.9701666666662
-252.44033333333343
-345.6078333333329
-363.3016666666667
-183.90483333333313
-319.8726666666667
-160.59800000000007
-353.06749999999994
-485.48116666666635
-342.8815000000001
-204.66300000000018
-372.56566666666674
-295.14849999999956
-399.469166666667
-204.85016666666655
-142.51666666666665
-290.22350000000006
-236.5940000000001
-225.71800000000007
-281.0101666666666
-314.8431666666667
-323.07216666666665
-297.4504999999996
-205.88666666666668
-198.44816666666654
-230.78483333333318
-354.3123333333329
-271.6354999999995
-222.80183333333355
-130.30983333333313
-432.71066666666667
-413.091333333333
-348.2236666666663
-173.79483333333332
-240.17616666666652
-292.41866666666647
-288.11933333333303
-284.4559999999996
-278.6971666666666
-93.24983333333331
-363.62733333333335
-382.3563333333329
-314.17516666666694
-265.96016666666645
-236.01433333333344
-80.1215
-276.3556666666666
-346.34883333333283
-219.33883333333344
-476.6203333333332
-314.6729999999999
-313.2493333333332
-273.92366666666675
-444.58650000000017
-289.58683333333335
-320.1179999999996
-150.39133333333345
-411.16566666666654
-401.3708333333335
-111.37450000000001
-265.53749999999997
-228.2846666666666
-320.4218333333337
-282.71650000000017
-363.9728333333336
-257.5156666666667
-170.86733333333336
-167.53399999999985
-193.68583333333348
-191.21466666666683
-357.6628333333334
-338.8665000000002
-206.8345
-369.95933333333346
-275.17149999999975
-262.1089999999999
-240.52883333333344
-233.4954999999999
-214.3806666666669
-264.99916666666667
-204.57216666666665
-356.673
-298.4519999999997
-330.6235000000002
-236.92133333333322
-398.10100000000017
-196.12816666666637
-404.7299999999999
-308.38583333333327
-390.5758333333333
-419.8178333333335
-195.32183333333344
-60.01383333333334
-216.025
-227.05700000000004
-192.15483333333333
-173.3058333333336
-309.3643333333331
-164.9364999999998
-244.3318333333334
-287.81649999999956
-214.62399999999997
-202.39600000000007
-213.31566666666643
-187.44933333333364
-213.27449999999996
-292.46183333333323
-251.19466666666665
-253.19233333333352
-261.3348333333333
-391.26233333333323
-245.57766666666694
-157.40433333333326
-339.9468333333335
-199.12699999999987
-247.46633333333332
-396.08450000000016
-274.8508333333332
-156.5074999999998
-370.1294999999999
-78.21100000000001
-249.35366666666678
-250.6750000000001
-264.3006666666664
-199.47033333333334
-254.62633333333346
-331.45416666666665
-278.45550000000003
-187.89116666666666
-271.7503333333335
-224.1738333333333
-370.04216666666633
-88.55833333333335
-162.75400000000013
-100.45916666666669
-398.584666666667
-240.2868333333332
-251.21849999999995
-232.78966666666665
-168.95133333333328
-270.13549999999987
-353.4241666666667
-114.517
-288.43600000000004
-163.6415000000002
-152.7963333333332
-214.94016666666667
-217.74549999999982
-314.3328333333332
-238.84116666666682
-255.9423333333334
-308.56783333333294
-259.72733333333315
-363.50049999999965
-119.715
-202.80016666666663
-194.8643333333333
-417.55299999999977
-225.75799999999978
-326.69616666666633
-345.7118333333335
-160.24199999999996
-221.01566666666676
-188.97883333333337
-257.3721666666666
-203.17616666666683
-200.23850000000024
-103.14449999999998
-208.49733333333327
-236.24166666666682
-286.18999999999994
-267.54633333333317
-484.6303333333333
-244.3073333333333
-268.0919999999999
-245.67983333333325
-421.52616666666637
-235.7463333333333
-287.7121666666664
-430.1179999999998
-291.23349999999994
-125.63999999999994
-240.8436666666666
-295.2043333333333
-206.86416666666685
-242.0181666666666
-219.29600000000005
-448.57749999999993
-416.93983333333335
-254.51549999999997
-310.14633333333273
-157.8408333333334
-470.08416666666665
-274.23066666666665
-298.9669999999998
-85.73033333333333
-239.09550000000002
-458.32916666666665
-66.23516666666666
-80.47400000000002
-291.1633333333333
-201.7099999999999
-248.24966666666688
-284.05500000000035
-317.6966666666664
-196.32399999999987
-328.29550000000006
-224.81449999999995
-341.54150000000004
-431.17799999999966
-324.5848333333334
-185.74966666666683
-288.13299999999987
-282.5056666666666
-232.67100000000002
-93.58066666666666
-248.42699999999982
-308.42549999999983
-245.3016666666665
-277.7031666666666
-183.92466666666678
-239.5934999999999
-457.55333333333357
-291.0171666666664
-257.2985
-368.91633333333334
-187.57416666666674
-227.99549999999994
-212.4235
-346.26283333333316
-309.94266666666687
-256.4071666666666
-232.04866666666658
-432.1090000000002
-163.94683333333342
-191.1981666666669
-276.9314999999998
-519.3541666666663
-311.58899999999966
-258.4376666666663
-258.4418333333331
-282.5785000000002
-175.10799999999992
-237.08133333333328
-195.53249999999983
-242.6836666666669
-127.17049999999996
-251.16016666666673
-251.69283333333343
-244.75233333333318
-247.0855000000001
-295.67266666666677
-428.27599999999984
-210.41400000000007
-260.86999999999983
-282.9618333333331
-270.4476666666666
-284.8153333333333
-385.8443333333334
-186.05483333333368
-344.7215000000003
-227.27866666666677
-221.7246666666667
-344.39516666666646
-316.39349999999996
-220.7001666666667
-286.6603333333332
-153.0178333333332
-160.42283333333313
-280.7550000000003
-228.1791666666665
-340.9544999999999
-290.2481666666663
-141.4966666666666
-485.73816666666613
-190.63483333333332
-174.99216666666666
-242.7015000000002
-241.49883333333335
-208.56016666666665
-46.536
-230.78000000000017
-227.88916666666643
-339.96066666666667
-300.35133333333306
-241.37116666666668
-277.8496666666665
-143.97950000000006
-256.4761666666667
-212.26233333333334
-221.48600000000008
-239.1536666666665
-210.9268333333335
-165.13566666666648
-237.3688333333333
-175.91499999999996
-292.0908333333334
-203.70433333333347
-273.626666666667
-147.1066666666668
-269.65849999999983
-88.02933333333334
-230.0031666666666
-146.86183333333338
-192.91266666666655
-249.62049999999988
-358.51599999999985
-163.8415000000001
-229.53950000000012
-233.81583333333307
-205.66366666666664
-352.1578333333335
-223.3961666666668
-228.36666666666656
-275.3306666666664
-256.6288333333333
-227.04966666666652
-223.3
-280.110166666667
-276.9559999999999
-279.8553333333335
-109.12633333333332
-236.90916666666675
-297.3595000000002
-201.05500000000012
-326.30783333333335
-308.60566666666676
-233.95366666666678
-198.67466666666664
-208.39949999999988
-297.3859999999999
-211.44233333333338
-63.50683333333333
-282.9431666666663
-362.4229999999997
-387.5605000000001
-200.75366666666667
-391.10083333333364
-216.09983333333318
-154.94516666666658
-208.00666666666686
-173.32916666666645
-124.72866666666681
-233.30283333333335
-188.25083333333328
-79.89749999999997
-140.57916666666682
-368.29600000000016
-352.1781666666669
-253.77049999999994
-360.8404999999998
-314.7133333333331
-367.67850000000044
-322.58449999999925
-186.031
-397.4568333333334
-194.59600000000015
-159.89749999999987
-213.8399999999999
-193.8393333333333
-291.61383333333333
-358.2346666666666
-296.29433333333316
-98.89583333333334
-293.200833333333
-266.0118333333336
-329.24749999999966
-235.6271666666666
-353.11933333333286
-258.1023333333333
-218.40716666666648
-175.20383333333328
-195.95283333333342
-172.053666666667
-180.91983333333337
-190.3506666666664
-300.17233333333326
-221.88166666666658
-214.4885
-381.33949999999993
-237.8348333333332
-254.5415
-127.29333333333342
-253.42383333333336
-99.9245
-235.73849999999996
-447.70966666666646
-256.3146666666664
-150.55100000000002
-179.30383333333313
-149.6813333333335
-58.54150000000001
-229.71883333333355
-250.55716666666672
-289.4393333333328
-204.41883333333328
-438.27549999999974
-189.85049999999993
-58.2815
-226.99883333333344
-264.1351666666666
-133.2191666666667
-195.61349999999996
-194.1193333333333
-249.51133333333323
-221.00799999999984
-190.57133333333368
-187.10416666666677
-163.37266666666662
-270.9471666666667
-216.27733333333336
-250.61800000000008
-348.91033333333337
-233.9948333333334
-406.3510000000006
-188.77283333333338
-313.84799999999996
-280.83966666666635
-348.4908333333336
-180.16933333333355
-196.64183333333338
-240.48783333333324
-316.1833333333332
-295.6735000000005
-403.71199999999965
-222.95233333333323
-170.90749999999994
-107.00350000000002
-199.5765
-172.41466666666653
-359.2056666666668
-173.92483333333334
-158.0666666666665
-165.4165
-512.3628333333335
-302.56316666666686
-123.30599999999998
-205.66616666666647
-478.3463333333334
-265.1781666666665
-246.9358333333333
-271.4128333333332
-180.74783333333346
-321.2565
-232.9591666666666
-284.83666666666636
-187.32099999999988
-274.51766666666697
-285.93583333333305
-315.32133333333354
-227.92333333333323
-243.49516666666668
-175.14649999999986
-165.36733333333322
-233.2549999999998
-263.9065000000003
-388.93149999999986
-250.47449999999955
-166.2986666666667
-344.98366666666664
-258.95833333333326
-195.90649999999997
-124.53466666666667
-339.2839999999999
-187.14066666666676
-171.1035
-143.93249999999992
-280.2030000000002
-258.0285
-272.47333333333336
-318.27466666666686
-198.92416666666674
-311.64249999999976
-289.55116666666686
-368.14733333333334
-248.88249999999994
-168.82216666666662
-243.37300000000005
-296.1398333333332
-144.2879999999999
-326.17049999999944
-253.46766666666647
-210.34083333333317
-180.25983333333318
-230.00283333333323
-196.57666666666677
-286.13083333333293
-313.13216666666654
-189.0771666666667
-209.60150000000007
-224.74283333333344
-355.7646666666663
-174.43550000000016
-129.95516666666666
-323.6296666666666
-292.31083333333316
-278.44383333333275
-287.3538333333332
-426.8623333333332
-249.34250000000003
-207.96733333333322
-275.2578333333332
-217.64033333333336
-373.81750000000005
-219.75383333333332
-252.21816666666646
-433.0189999999998
-219.28733333333366
-272.43833333333356
-274.3681666666665
-438.51250000000005
-209.3126666666665
-434.3356666666671
-381.7839999999996
-155.60166666666694
-393.64000000000004
-316.78083333333296
-410.25666666666643
-279.85933333333327
-293.83799999999985
-227.37199999999984
-487.37633333333355
-310.47599999999994
-279.6509999999997
-162.25216666666665
-226.18749999999991
-182.74466666666683
-271.31416666666644
-296.01983333333345
-412.4304999999999
-333.48049999999995
-174.57550000000003
-283.811
-263.1371666666665
-212.00366666666653
-267.0400000000001
-184.60716666666684
-443.47599999999994
-369.75316666666623
-156.31700000000015
-242.36083333333335
-316.98666666666674
-213.49166666666662
-306.7383333333332
-251.97250000000028
-163.07316666666665
-278.6233333333334
-169.35383333333326
-222.56883333333357
-265.03266666666633
-355.2461666666666
-157.57750000000001
-272.49983333333364
-116.40833333333333
-56.54216666666667
-349.9508333333334
-189.657
-456.9446666666667
-272.5943333333334
-60.995
-376.6079999999998
-121.2636666666667
-294.2063333333332
-300.954333333333
-253.3096666666666
-187.59966666666688
-288.28916666666646
-146.93950000000012
-237.25616666666667
-210.80616666666657
-237.4626666666665
-255.17316666666633
-294.66566666666654
-235.33466666666664
-90.85650000000001
-283.6151666666668
-308.35766666666603
-287.1175000000002
-217.9848333333332
-351.3264999999998
-337.5998333333331
-245.56416666666635
-309.8564999999996
-318.9126666666664
-173.16416666666674
-166.4885000000002
-225.86599999999999
-282.64483333333317
-258.3253333333332
-296.5591666666668
-349.8034999999993
-318.60366666666647
-98.8855
-266.1801666666665
-260.04116666666675
-301.13383333333326
-245.0675
-200.59183333333357
-171.8600000000001
-221.800833333333
-261.9056666666667
-283.440333333333
-244.1019999999997
-104.02016666666661
-318.9213333333335
-206.9581666666668
-213.1480000000001
-200.60749999999993
-321.70416666666694
-163.55483333333322
-176.90899999999988
-262.48133333333334
-273.6153333333334
-159.5689999999999
-350.3278333333332
-197.86983333333336
-301.58983333333316
-243.80566666666667
-221.8368333333332
-197.6168333333334
-275.6290000000001
-378.4893333333334
-251.18283333333355
-378.46583333333297
-238.2616666666669
-310.182
-134.9993333333332
-151.64449999999997
-333.43183333333343
-327.98900000000015
-272.8826666666665
-458.56166666666627
-301.41599999999994
-446.0846666666665
-298.3251666666665
-471.53233333333355
-290.9779999999997
-297.76199999999943
-256.13216666666665
-216.36600000000007
-298.16050000000007
-429.36166666666657
-308.17033333333325
-220.06666666666678
-162.03499999999988
-171.76366666666644
-295.1071666666665
-186.16266666666687
-318.7409999999995
-184.5661666666667
-169.07833333333323
-285.03299999999984
-239.73283333333322
-241.06333333333342
-267.2115
-200.4283333333333
-307.4749999999999
-337.5788333333332
-362.60466666666633
-243.00066666666655
-262.04899999999975
-371.86716666666666
-247.57833333333315
-214.92616666666666
-437.24233333333336
-300.56149999999985
-287.1368333333333
-281.96516666666656
-230.4018333333333
-132.4345000000001
-160.95666666666673
-173.1645
-198.24116666666686
-167.74499999999995
-244.3491666666668
-283.2051666666665
-286.85816666666676
-144.39066666666665
-350.66966666666684
-67.86433333333332
-243.23199999999986
-156.82100000000014
-169.33233333333328
-300.9068333333333
-269.18433333333286
-276.46350000000007
-333.08033333333333
-147.8493333333335
-210.42366666666686
-274.2188333333332
-235.5705
-216.17883333333322
-298.53183333333334
-78.48466666666668
-295.2316666666668
-269.6088333333332
-160.0863333333334
-313.9019999999999
-140.74183333333343
-300.9985000000001
-252.00583333333324
-373.64183333333347
-382.7581666666664
-108.64316666666667
-235.33216666666667
-186.26816666666684
-280.35299999999967
-233.78883333333326
-210.5818333333333
-217.85399999999993
-171.75450000000018
-150.82266666666666
-405.06383333333275
-345.3609999999996
-218.30183333333338
-172.50383333333318
-176.6026666666667
-227.38600000000002
-204.84116666666662
-225.65600000000012
-227.22000000000006
-252.92400000000018
-157.02483333333316
-89.44383333333334
-296.6993333333333
-333.0683333333336
-189.48750000000018
-196.39816666666678
-246.17049999999995
-193.12633333333338
-192.02399999999975
-105.80116666666666
-200.28350000000003
-286.0556666666667
-416.1880000000001
-229.23966666666672
-150.91766666666672
-383.1879999999999
-359.29900000000004
-428.70883333333296
-254.2998333333332
-422.0873333333331
-199.98149999999998
-263.0338333333332
-366.4703333333332
-350.17616666666646
-221.29833333333326
-247.18400000000034
-284.6104999999999
-193.53016666666682
-204.36433333333326
-277.0061666666667
-212.39250000000013
-357.0144999999998
-157.28166666666664
-190.09400000000016
-232.1726666666668
-260.48433333333327
-191.08449999999974
-366.3888333333336
-185.39166666666705
-261.6951666666667
-283.16649999999964
-335.5636666666664
-436.32266666666663
-395.3294999999999
-108.91316666666665
-234.49949999999993
-178.8708333333334
-247.76949999999977
-242.85949999999994
-244.8233333333337
-120.175
-346.0786666666664
-247.97349999999994
-231.07349999999983
-328.3558333333333
-227.45100000000008
-304.34150000000005
-477.6989999999999
-250.7226666666665
-306.1423333333332
-192.36666666666648
-302.6179999999999
-245.59316666666646
-219.35133333333363
-234.36000000000004
-255.54149999999984
-215.4426666666668
-128.24399999999997
-185.21866666666673
-301.1096666666665
-230.34800000000004
-317.8668333333328
-274.1778333333333
-287.32199999999995
-160.64400000000026
-354.13616666666707
-233.7923333333336
-267.90766666666656
-85.28149999999978
-185.42133333333325
-209.38366666666667
-170.95666666666665
-293.53200000000004
-220.6498333333335
-207.0268333333332
-186.73300000000006
-37.390499999999996
-242.49333333333334
-118.30750000000016
-214.6023333333333
-231.17399999999998
-174.35750000000002
-221.8675
-73.65816666666667
-173.17283333333327
-158.72216666666662
-313.1026666666667
-254.63266666666664
-409.9763333333337
-81.02250000000001
-273.6321666666666
-344.8191666666669
-302.86016666666666
-122.70216666666668
-301.7426666666665
-50.463666666666654
-277.6673333333332
-437.7106666666667
-158.48349999999996
-247.6981666666668
-233.6936666666669
-260.39100000000025
-144.8254999999998
-282.0290000000002
-122.71966666666667
-231.5171666666664
-414.68250000000006
-164.96866666666676
-153.22200000000015
-173.82649999999995
-341.5033333333332
-181.04633333333334
-206.18466666666683
-214.42333333333332
-309.38616666666655
-252.96116666666677
-426.8643333333334
-178.74099999999996
-99.93866666666668
-196.4738333333335
-229.61749999999998
-194.9465000000002
-174.8098333333332
-161.4874999999999
-274.5496666666668
-353.4715000000001
-277.2674999999998
-221.31500000000003
-185.60483333333323
-126.04133333333333
-289.26983333333385
-55.8985
-210.6436666666667
-367.83883333333307
-337.80183333333304
-356.7055000000003
-119.18050000000004
-271.81433333333325
-209.2521666666667
-228.37966666666654
-265.6976666666666
-152.4954999999997
-389.47899999999987
-460.7385000000002
-259.93766666666664
-175.66799999999995
-230.7649999999999
-299.7468333333335
-99.46150000000002
-288.65433333333317
-348.92233333333326
-147.27383333333353
-206.1021666666665
-236.61000000000013
-325.42866666666674
-364.5131666666668
-272.76083333333344
-261.36716666666615
-295.3363333333337
-314.9435
-189.85350000000005
-230.68583333333336
-241.4086666666669
-174.1226666666666
-283.2751666666669
-357.0214999999996
-261.2703333333335
-262.8691666666666
-270.1191666666666
-284.38216666666676
-345.66950000000014
-261.83416666666665
-312.6331666666667
-310.00283333333334
-199.90916666666672
-216.82683333333344
-388.3089999999999
-261.99183333333355
-85.68233333333333
-364.5891666666666
-328.4215
-215.32250000000005
-151.52366666666677
-187.51733333333326
-247.08716666666666
-170.20216666666687
-230.32299999999992
-141.34949999999995
-331.0151666666667
-231.4215000000001
-220.0038333333333
-207.9855000000001
-129.5678333333333
-292.63083333333316
-60.43049999999998
-349.79983333333297
-283.9439999999998
-449.39333333333286
-196.0428333333333
-261.96250000000015
-331.28133333333335
-422.8279999999996
-95.0016666666667
-162.13183333333328
-304.5269999999999
-301.03216666666657
-257.7818333333334
-187.25333333333333
-240.37116666666674
-172.39550000000003
-345.786166666667
-165.10616666666672
-281.8473333333336
-243.23350000000005
-281.3000000000002
-406.7638333333333
-220.7123333333333
-365.57600000000025
-164.56066666666672
-48.539
-333.9624999999998
-296.7928333333332
-258.9061666666668
-263.82483333333334
-304.67300000000006
-250.85100000000006
-272.1978333333331
-185.63383333333326
-224.2854999999999
-389.5356666666667
-301.78083333333313
-322.47099999999966
-202.21450000000007
-200.44499999999977
-170.54849999999988
-168.8924999999998
-260.33333333333314
-315.14816666666667
-186.41283333333354
-239.5751666666667
-304.9131666666668
-211.63933333333313
-161.26383333333317
-274.7401666666667
-315.72999999999996
-148.41283333333323
-152.65783333333331
-225.81416666666684
-216.69866666666647
-219.97533333333337
-264.84116666666637
-308.52749999999975
-75.39599999999999
-229.5659999999999
-339.3646666666662
-323.3744999999995
-172.90466666666677
-188.95533333333321
-283.9393333333331
-491.40383333333364
-189.16200000000012
-209.33850000000024
-331.5428333333334
-393.09250000000014
-201.38966666666673
-120.57066666666668
-408.83066666666684
-213.37316666666683
-370.9833333333332
-136.30700000000013
-336.20216666666676
-250.66150000000016
-369.3859999999998
-264.498
-219.0551666666665
-281.2668333333333
-225.16950000000003
-312.41783333333365
-107.54900000000004
-227.0045
-418.89249999999987
-359.79850000000005
-168.92716666666666
-218.1158333333333
-52.47116666666666
-296.98149999999987
-247.5418333333334
-283.5301666666667
-191.00066666666666
-304.50599999999986
-305.82833333333315
-300.9888333333336
-172.70883333333327
-238.15600000000003
-184.66216666666676
-272.63766666666663
-258.31600000000026
-75.66366666666667
-171.44033333333311
-98.63799999999999
-304.2076666666662
-199.12699999999984
-400.9913333333333
-365.77116666666655
-232.3348333333334
-210.22566666666683
-349.26599999999996
-185.36433333333338
-258.07183333333325
-245.72549999999993
-197.77633333333327
-380.4693333333332
-309.4631666666665
-148.23166666666674
-305.75783333333305
-273.65449999999976
-181.7866666666667
-302.9581666666664
-234.4153333333335
-332.97366666666676
-248.30166666666665
-231.21516666666668
-229.40516666666673
-202.1431666666668
-174.65350000000015
-178.63000000000017
-241.2038333333332
-227.52716666666672
-289.34016666666645
-98.99566666666666
-88.97166666666665
-28.291500000000003
-301.25616666666673
-236.83383333333308
-254.92199999999985
-41.5405
-247.80383333333322
-68.31116666666667
-202.40683333333303
-47.3185
-257.93383333333287
-269.3516666666666
-326.7701666666667
-179.10666666666657
-211.85800000000032
-265.7371666666668
-243.96549999999982
-235.17049999999972
-50.27516666666667
-243.19866666666672
-132.19683333333336
-289.7718333333337
-271.72783333333285
-60.25566666666666
-229.21216666666672
-273.3078333333333
-188.9538333333334
-366.0706666666664
-294.91049999999996
-361.9781666666667
-175.08583333333314
-199.66633333333334
-334.0673333333332
-202.8904999999999
-184.66450000000015
-291.10683333333327
-313.10216666666685
-269.23850000000044
-199.1023333333335
-214.49683333333354
-525.9521666666664
-271.95983333333317
-200.3526666666666
-374.0838333333333
-196.39799999999985
-345.125
-214.67116666666638
-227.45299999999983
-282.21016666666674
-408.9961666666665
-275.26133333333337
-228.90899999999988
-286.96149999999983
-221.8671666666666
-46.538333333333334
-470.8546666666667
-409.1655000000001
-198.09700000000004
-322.1606666666665
-194.46916666666652
-197.73233333333326
-265.8053333333333
-359.77983333333333
-137.51333333333332
-321.5171666666664
-178.95083333333326
-176.32899999999998
-362.41650000000027
-191.3573333333333
-270.04699999999997
-155.3703333333332
-259.97299999999996
-315.9911666666665
-86.16833333333335
-255.56933333333345
-158.25566666666685
-227.38650000000004
-263.6124999999997
-160.29316666666665
-117.51133333333334
-147.9253333333333
-204.17033333333342
-336.3045000000001
-274.6383333333331
-170.7838333333333
-206.59616666666673
-345.9821666666665
-301.8675000000002
-243.39449999999994
-276.7353333333336
-166.7774999999999
-306.2423333333332
-158.2711666666668
-249.71966666666677
-93.8281666666667
-158.16766666666672
-197.49916666666655
-221.04999999999995
-239.25016666666693
-216.0151666666667
-229.42549999999983
-174.27583333333334
-282.017666666667
-240.26716666666672
-152.8158333333334
-287.0418333333331
-273.0846666666663
-258.31866666666645
-279.00266666666647
-318.0176666666664
-211.4603333333331
-367.80150000000015
-184.7269999999999
-311.514833333333
-137.2501666666666
-168.53216666666677
-202.09566666666652
-384.84116666666677
-342.6356666666664
-351.0963333333332
-275.6963333333336
-151.01783333333333
-267.8808333333333
-69.40133333333335
-167.67400000000015
-200.4610000000001
-168.36100000000025
-172.45433333333312
-247.22883333333337
-168.19433333333316
-266.7528333333332
-334.85966666666684
-205.27633333333347
-402.8065000000001
-214.29399999999995
-205.9741666666667
-203.48683333333307
-215.07883333333345
-305.2350000000002
-299.3543333333336
-54.898833333333336
-318.3335000000001
-79.69933333333334
-189.13233333333335
-208.28216666666668
-301.48233333333354
-296.4061666666669
-307.56983333333346
-235.82083333333318
-205.10199999999998
-149.5725000000003
-229.53666666666652
-72.58966666666664
-343.27633333333335
-174.38583333333347
-132.06133333333335
-201.76950000000025
-295.6713333333333
-80.35300000000004
-358.6778333333334
-252.12099999999984
-218.6635
-94.66733333333333
-184.6091666666668
-91.00799999999992
-210.06366666666642
-255.86299999999991
-241.08333333333337
-325.9256666666665
-141.762
-180.63733333333312
-228.38833333333355
-288.52666666666613
-292.4478333333333
-239.26333333333343
-278.66416666666703
-275.95900000000046
-186.78149999999988
-118.69500000000005
-245.32366666666675
-289.7076666666666
-185.5670000000001
-121.93150000000001
-166.17349999999993
-239.60316666666665
-425.26300000000003
-110.53716666666666
-194.98016666666672
-33.865500000000004
-226.5096666666666
-249.03983333333332
-292.17866666666595
-339.2941666666664
-190.67266666666666
-314.77066666666633
-199.17733333333322
-198.1314999999999
-257.2243333333335
-200.95016666666652
-303.67450000000025
-297.2814999999995
-256.1920000000001
-292.12116666666674
-386.3546666666666
-267.3236666666666
-176.7018333333333
-219.95900000000003
-342.8538333333333
-120.36316666666674
-424.78316666666694
-188.21716666666666
-187.92633333333333
-287.5265000000001
-165.05883333333313
-380.87749999999977
-262.57200000000006
-295.7146666666664
-252.88333333333355
-196.61216666666667
-71.89800000000001
-247.0164999999999
-230.81733333333324
-320.8343333333332
-268.6006666666669
-389.849
-46.162333333333336
-342.59250000000014
-205.80016666666646
-203.62483333333336
-406.00566666666674
-52.324
-208.75833333333338
-199.7196666666667
-160.79283333333328
-159.70066666666673
-169.6801666666668
-77.14200000000001
-395.18916666666684
-312.03616666666665
-297.0009999999997
-272.9239999999999
-67.4585
-195.52016666666674
-182.9336666666666
-119.53633333333327
-165.5135
-346.2948333333331
-207.1799999999999
-175.3938333333333
-206.71683333333337
-303.7043333333333
-341.7158333333332
-149.06100000000006
-245.93850000000018
-203.91800000000003
-180.7806666666668
-171.54816666666665
-253.4499999999999
-292.065166666667
-197.26133333333357
-288.12133333333315
-241.63833333333335
-78.17599999999999
-277.72150000000045
-211.26866666666675
-165.35800000000003
-165.84583333333313
-226.54766666666657
-122.42283333333334
-299.3043333333331
-179.7355
-203.20066666666665
-415.33516666666685
-182.87333333333348
-370.32933333333335
-177.82883333333353
-267.3829999999998
-239.23416666666668
-354.14149999999995
-100.19316666666663
-400.92550000000006
-46.582166666666666
-205.90149999999986
-182.71116666666666
-223.96183333333343
-128.40116666666668
-211.1025
-57.77783333333333
-260.59833333333324
-274.87900000000013
-93.54033333333332
-381.23183333333355
-227.40983333333315
-259.16400000000004
-255.73866666666677
-239.29333333333324
-211.23183333333313
-204.76850000000002
-238.35866666666683
-251.77016666666663
-199.1666666666667
-232.01866666666675
-177.76050000000015
-182.71966666666663
-375.6833333333334
-179.53599999999992
-229.11550000000003
-233.75366666666682
-236.95899999999992
-307.0696666666669
-312.89266666666674
-137.66383333333343
-174.76166666666683
-63.728
-155.44116666666665
-235.1415
-252.32666666666648
-194.78933333333333
-348.01683333333284
-459.4565000000002
-320.6348333333332
-216.46983333333336
-208.96266666666676
-276.58916666666653
-144.9251666666667
-416.23283333333336
-237.1031666666666
-173.87383333333318
-227.69766666666652
-238.1331666666666
-146.36199999999997
-144.3271666666667
-241.47833333333327
-303.5913333333334
-403.71899999999965
-264.68666666666667
-198.73200000000003
-335.68183333333315
-449.5891666666666
-339.65783333333354
-419.8516666666666
-301.3970000000005
-164.45616666666672
-197.62050000000022
-198.81800000000013
-254.3641666666668
-278.90349999999984
-168.2828333333334
-175.48349999999994
-289.0796666666667
-90.14883333333334
-237.63433333333327
-220.70649999999995
-368.9159999999998
-365.73466666666684
-298.8246666666663
-367.07516666666686
-251.2603333333333
-120.82449999999994
-250.53766666666644
-222.74233333333348
-247.6816666666667
-279.67433333333355
-227.4066666666667
-50.259333333333345
-260.0491666666667
-229.1533333333333
-285.83583333333297
-239.23833333333343
-391.7136666666667
-149.738
-253.09083333333353
-410.32183333333364
-228.47750000000008
-204.93766666666681
-212.4703333333335
-126.44216666666665
-384.1960000000001
-207.7103333333334
-215.22683333333325
-272.9611666666666
-153.04633333333354
-163.39733333333334
-231.24433333333323
-276.69233333333307
-235.2576666666668
-231.65633333333338
-129.06033333333335
-336.8788333333334
-165.25150000000014
-328.1688333333335
-395.7370000000002
-248.41249999999994
-282.4063333333334
-351.78316666666666
-400.8911666666665
-529.3569999999994
-244.02849999999998
-211.31066666666666
-373.25533333333334
-42.4665
-377.237333333333
-48.278333333333336
-214.8333333333334
-181.18733333333313
-246.20383333333334
-332.5028333333334
-68.99400000000001
-189.15416666666667
-190.8091666666666
-220.78650000000002
-307.7019999999999
-261.54633333333334
-220.13433333333336
-172.4693333333333
-157.7983333333334
-37.661500000000004
-227.79050000000007
-243.09849999999994
-215.35700000000003
-179.50583333333324
-193.0783333333334
-177.42533333333344
-191.09000000000012
-303.4476666666664
-150.45100000000025
-216.9461666666668
-229.94699999999997
-384.53899999999965
-182.89966666666663
-259.93483333333324
-219.24233333333336
-349.8151666666667
-256.68833333333316
-405.1863333333336
-149.74216666666678
-331.46883333333307
-221.94166666666666
-240.74866666666654
-53.2665
-145.9631666666666
-195.18183333333334
-224.5058333333336
-435.43966666666665
-179.46416666666678
-285.8138333333334
-234.31033333333318
-127.00833333333333
-322.92799999999994
-211.57466666666645
-324.40733333333327
-249.06100000000004
-171.81866666666656
-226.3225000000002
-142.42799999999988
-147.52416666666656
-215.87200000000024
-224.26100000000005
-324.9374999999994
-241.7075000000002
-207.91649999999998
-223.87799999999996
-352.54249999999945
-232.76366666666658
-165.7235000000001
-141.44100000000006
-287.09316666666643
-267.2578333333333
-282.8835
-383.49899999999985
-349.9988333333336
-382.50083333333276
-244.437
-201.44199999999998
-183.12016666666648
-408.6011666666668
-414.0760000000004
-218.5119999999998
-243.79850000000005
-218.94083333333344
-267.853333333333
-225.64816666666675
-235.55466666666678
-314.50433333333353
-152.1868333333334
-209.93400000000003
-325.6165
-235.75883333333326
-118.68483333333327
-149.7623333333335
-464.4756666666666
-323.19683333333325
-196.71749999999997
-175.5390000000002
-223.22666666666683
-175.87299999999996
-186.55483333333333
-231.01416666666657
-162.5655
-355.64499999999987
-125.42200000000001
-179.68816666666655
-91.09066666666666
-280.8098333333329
-302.56000000000023
-149.8788333333335
-61.732
-228.85416666666657
-220.78466666666685
-249.2079999999999
-256.4444999999999
-366.2465000000002
-161.57199999999966
-212.66333333333336
-90.94066666666664
-271.1420000000003
-269.1986666666666
-439.08816666666695
-380.80283333333335
-349.1659999999997
-391.35083333333347
-94.64516666666667
-310.16466666666645
-42.95466666666667
-96.00333333333332
-391.5909999999996
-326.2566666666662
-326.98433333333304
-80.33616666666668
-376.64916666666636
-193.71583333333314
-263.21783333333354
-281.7486666666667
-211.5863333333336
-286.9245000000001
-222.17166666666648
-170.04049999999992
-374.0838333333335
-449.7120000000004
-202.36200000000008
-202.75516666666658
-328.7059999999998
-240.10499999999996
-175.38849999999988
-228.1643333333333
-179.72916666666674
-182.08683333333332
-296.85916666666634
-139.1290000000001
-408.07883333333336
-263.4808333333334
-263.92866666666663
-160.46133333333316
-281.8399999999999
-294.25866666666656
-210.72566666666697
-316.45149999999984
-309.08816666666706
-163.02433333333332
-159.87166666666675
-182.66566666666677
-412.373
-232.05849999999998
-187.56250000000023
-181.6171666666664
-150.96716666666669
-387.547
-404.6305000000001
-346.4945
-159.9923333333333
-111.67083333333336
-192.20216666666687
-290.36083333333306
-204.07516666666643
-328.7688333333336
-136.16799999999986
-187.60183333333313
-294.56550000000004
-287.9418333333333
-299.52033333333316
-274.5561666666671
-197.65050000000002
-263.6446666666664
-146.17249999999996
-253.08683333333335
-178.81016666666676
-241.3486666666666
-40.6705
-278.6599999999998
-156.29766666666657
-314.77599999999995
-219.2268333333332
-260.0776666666666
-345.2403333333334
-157.4563333333333
-216.58550000000002
-299.98616666666646
-283.83433333333335
-222.80966666666674
-180.4105000000002
-204.71666666666687
-64.886
-261.46700000000004
-308.47383333333335
-190.79216666666665
-161.9098333333334
-234.59749999999988
-403.4593333333332
-173.548
-117.31400000000002
-198.51683333333355
-286.48466666666627
-321.25549999999964
-343.2548333333327
-263.9495000000001
-174.79499999999987
-223.10766666666657
-291.33366666666603
-316.6934999999997
-279.22616666666664
-177.28849999999997
-179.12516666666676
-198.21766666666687
-402.67699999999974
-206.0844999999999
-365.50033333333363
-68.52433333333335
-171.09216666666663
-260.24599999999975
-371.5566666666668
-102.42333333333335
-153.81133333333324
-194.49899999999982
-403.8989999999999
-188.94900000000013
-298.89816666666695
-229.59733333333332
-196.43066666666684
-280.4478333333332
-215.08516666666648
-213.46333333333334
-248.42766666666677
-275.20999999999975
-228.23216666666656
-361.1453333333333
-246.03450000000012
-194.56299999999996
-153.36450000000008
-231.6329999999999
-254.50516666666672
-125.16766666666668
-271.43616666666657
-384.47616666666676
-325.2068333333333
-279.12649999999945
-232.8054999999999
-113.65733333333331
-188.98883333333316
-121.92633333333336
-272.57000000000016
-215.13050000000013
-270.40333333333314
-250.40016666666688
-175.31633333333332
-230.7846666666667
-220.64216666666667
-143.23766666666643
-257.54433333333304
-268.760166666667
-254.49016666666662
-270.56316666666663
-203.12399999999985
-212.82883333333353
-220.13349999999994
-242.56583333333322
-180.0049999999999
-172.90750000000006
-351.7096666666667
-179.89066666666673
-325.27283333333315
-445.0796666666668
-181.58833333333357
-185.95349999999993
-335.0928333333331
-169.7160000000002
-157.0780000000001
-286.452833333333
-53.88333333333333
-265.0904999999996
-254.42733333333325
-132.2426666666665
-199.83616666666668
-259.5043333333332
-239.67550000000017
-198.8068333333333
-204.2373333333333
-141.26549999999986
-198.3343333333333
-219.64799999999974
-142.90433333333345
-67.58016666666666
-55.4685
-133.39799999999997
-273.6561666666668
-199.30933333333337
-239.68933333333337
-325.6168333333334
-244.17650000000017
-202.36049999999983
-157.35966666666658
-249.85266666666683
-163.9845
-260.72400000000016
-255.91450000000006
-213.7916666666667
-288.3143333333333
-404.12350000000026
-233.86099999999996
-184.15649999999994
-240.20300000000006
-163.0263333333333
-226.9003333333336
-343.314
-448.62733333333307
-193.70400000000015
-50.06966666666666
-189.69900000000015
-289.75466666666676
-221.72366666666656
-208.30099999999987
-217.12316666666658
-289.02783333333304
-237.70850000000016
-153.0601666666667
-109.67699999999999
-169.39716666666664
-304.57550000000003
-292.0814999999995
-139.6683333333334
-112.87499999999997
-163.87950000000026
-211.91066666666669
-121.28250000000004
-178.88016666666695
-342.7733333333332
-101.47999999999996
-119.87283333333336
-42.4135
-198.72583333333316
-92.22333333333313
-257.01616666666683
-135.64816666666664
-249.08116666666652
-169.23233333333332
-280.97650000000027
-277.8756666666663
-353.649666666667
-80.24666666666667
-353.4211666666666
-303.3153333333331
-297.8364999999998
-192.95516666666657
-338.78100000000006
-199.60850000000005
-200.89883333333322
-368.5646666666668
-87.08983333333333
-83.86816666666665
-243.05499999999978
-84.54533333333333
-126.81316666666676
-99.08666666666666
-210.69200000000006
-266.889833333333
-178.14233333333345
-312.9878333333332
-61.999666666666656
-226.4865
-361.0198333333335
-60.15083333333334
-33.182500000000005
-220.37966666666674
-302.4240000000004
-329.2681666666667
-39.502500000000005
-167.1523333333331
-306.0379999999997
-207.0550000000003
-282.09249999999963
-270.36716666666626
-203.93783333333354
-85.60066666666668
-59.63800000000001
-183.25450000000004
-231.3286666666665
-257.7973333333332
-179.01933333333346
-278.4111666666662
-291.5783333333327
-237.10166666666666
-46.13316666666667
-231.11466666666675
-102.57849999999998
-202.3645000000001
-177.59233333333339
-196.68133333333333
-389.55483333333314
-116.06100000000006
-120.56433333333335
-223.80483333333365
-224.6283333333332
-232.6126666666667
-231.87883333333343
-173.55683333333346
-167.53016666666653
-152.29916666666668
-236.72233333333335
-180.36750000000006
-226.8801666666669
-116.19500000000002
-54.94533333333334
-199.66499999999994
-287.0349999999998
-213.54650000000004
-177.5673333333333
-110.24433333333326
-291.3243333333329
-273.9621666666668
-197.4679999999999
-132.1938333333335
-299.37716666666665
-258.2011666666668
-312.274166666667
-404.7761666666668
-197.3636666666666
-342.368
-293.19466666666676
-253.19866666666678
-257.8636666666665
-215.5308333333331
-212.18216666666675
-140.89516666666682
-46.677499999999995
-199.20283333333336
-304.83949999999953
-326.3070000000003
-82.49666666666667
-120.24199999999998
-273.31700000000006
-196.5219999999999
-288.86666666666633
-125.34133333333332
-213.20866666666663
-193.88400000000016
-280.8191666666668
-364.0015000000001
-428.8904999999998
-364.8740000000004
-145.54200000000003
-214.6946666666665
-281.8195000000001
-195.6628333333335
-471.7556666666665
-240.29016666666652
-216.90916666666664
-232.6906666666666
-284.19949999999983
-238.38983333333329
-237.19383333333334
-184.477
-271.4483333333335
-227.20000000000007
-458.22900000000016
-183.53733333333338
-153.5505000000002
-173.9585000000001
-244.85533333333333
-314.49383333333304
-204.53733333333344
-259.8798333333336
-200.04066666666668
-277.0073333333332
-152.16083333333313
-176.8836666666666
-268.4801666666668
-322.5203333333335
-187.36483333333325
-175.4033333333334
-258.2048333333333
-119.06549999999997
-469.8801666666667
-300.91099999999994
-259.4960000000002
-200.84516666666676
-222.09933333333328
-60.28216666666667
-296.6021666666663
-378.0169999999998
-115.08316666666661
-168.04283333333322
-218.87366666666668
-292.50483333333307
-374.03016666666633
-185.91349999999994
-159.1
-114.5135
-366.09916666666624
-282.1950000000002
-223.3435000000003
-144.46783333333337
-189.9164999999999
-148.55400000000003
-220.55299999999997
-176.32833333333332
-209.5603333333332
-69.44866666666668
-224.40716666666668
-162.76400000000015
-392.4201666666667
-200.28283333333326
-262.4236666666666
-118.24399999999996
-140.5096666666667
-176.3423333333335
-220.44816666666657
-170.08600000000004
-146.66383333333343
-129.8681666666667
-231.6638333333332
-302.90449999999987
-266.3153333333333
-277.4953333333331
-218.77783333333326
-279.8253333333335
-253.25033333333326
-357.6046666666666
-242.26266666666692
-422.056
-169.462
-228.05450000000022
-222.79733333333348
-230.06499999999977
-113.70116666666662
-281.20716666666664
-251.75900000000019
-503.5701666666664
-231.28283333333317
-350.13300000000015
-237.1800000000001
-153.8280000000002
-191.17966666666655
-374.73966666666684
-173.50816666666694
-264.66983333333314
-240.41833333333327
-360.10266666666655
-100.41966666666667
-175.07066666666663
-394.15133333333324
-259.3910000000002
-60.77116666666666
-236.4646666666667
-347.27333333333286
-93.77916666666668
-227.9896666666667
-101.30799999999998
-239.1951666666668
-341.7421666666664
-239.7633333333332
-193.24150000000003
-286.9503333333331
-381.52416666666676
-250.69966666666676
-241.64849999999998
-260.6613333333332
-307.5234999999998
-228.53400000000002
-292.7456666666666
-302.7575
-242.78183333333328
-254.23916666666693
-285.0976666666666
-139.09033333333323
-280.35650000000004
-253.8815
-197.38516666666678
-359.47333333333324
-315.8726666666669
-290.21183333333346
-191.53183333333334
-234.34633333333355
-226.40416666666667
-204.81383333333338
-70.218
-254.44849999999997
-223.02000000000012
-196.84316666666652
-192.42150000000004
-58.577333333333335
-202.25100000000006
-288.6548333333335
-208.74249999999998
-287.0104999999996
-289.84866666666653
-165.182
-208.7766666666666
-291.5561666666663
-259.1031666666667
-364.65733333333293
-283.63566666666634
-211.9235000000001
-150.00566666666663
-121.54683333333325
-47.987333333333325
-227.46866666666662
-205.87683333333337
-198.024
-77.65633333333334
-254.07549999999983
-46.298500000000004
-177.2156666666666
-315.59466666666646
-304.50366666666673
-289.1309999999997
-110.68116666666668
-300.19550000000004
-191.4771666666665
-204.31349999999998
-49.02300000000002
-267.70149999999984
-46.50850000000001
-327.2445000000002
-155.92933333333326
-392.8253333333333
-163.93300000000002
-127.88883333333335
-281.72599999999966
-204.97083333333345
-347.9853333333336
-72.76249999999999
-199.5913333333332
-338.01349999999996
-207.47816666666668
-220.69233333333338
-171.94483333333338
-237.00049999999985
-254.2423333333333
-239.32950000000002
-188.1688333333334
-249.35216666666696
-157.58600000000013
-455.1183333333334
-349.40100000000024
-240.51816666666662
-108.56933333333333
-191.60316666666654
-251.6358333333332
-260.60633333333294
-248.90816666666674
-223.13816666666668
-116.14250000000006
-251.63899999999984
-322.593666666667
-286.40933333333334
-161.12133333333327
-54.1665
-233.69333333333338
-320.55550000000017
-284.53299999999984
-262.11433333333315
-322.9396666666662
-215.11900000000003
-135.7785
-355.50633333333354
-223.2586666666669
-195.21800000000002
-320.56150000000014
-355.7580000000002
-381.91083333333324
-344.8781666666665
-119.21500000000005
-260.1824999999997
-176.5195
-215.89850000000004
-340.7349999999998
-338.00516666666636
-231.1133333333335
-355.1913333333335
-203.11083333333346
-424.05083333333334
-263.80816666666675
-201.49716666666654
-167.79483333333332
-213.1193333333332
-230.96666666666684
-211.3596666666668
-291.9244999999998
-348.2106666666667
-472.0976666666672
-204.53583333333307
-283.1421666666668
-168.05916666666658
-188.6578333333333
-220.38199999999992
-314.59716666666657
-231.67016666666674
-233.41266666666672
-181.70416666666657
-261.8430000000001
-35.895
-297.1651666666665
-210.6398333333334
-119.8823333333333
-151.2843333333333
-177.25
-297.7423333333335
-221.75116666666656
-78.31683333333334
-293.6881666666663
-292.94549999999964
-323.76133333333297
-60.619499999999995
-427.0318333333331
-216.1446666666666
-359.7543333333335
-193.49450000000022
-223.19866666666667
-36.504999999999995
-256.4476666666668
-340.7298333333334
-181.4793333333331
-233.34100000000012
-171.86400000000006
-158.774666666667
-253.60133333333346
-100.94366666666669
-193.04633333333328
-225.4801666666665
-94.69283333333331
-209.77250000000004
-47.919000000000004
-194.74316666666667
-173.57533333333328
-234.62816666666671
-217.56116666666642
-307.6333333333335
-199.7708333333332
-39.592
-203.73816666666661
-209.7336666666667
-174.97833333333327
-315.6293333333332
-182.59699999999995
-139.66866666666667
-147.92466666666664
-82.65633333333335
-208.37499999999997
-267.86199999999997
-226.52516666666688
-252.20233333333337
-186.3951666666667
-191.80516666666657
-325.2783333333332
-72.15316666666666
-404.59800000000007
-187.6568333333334
-219.01033333333334
-138.9325
-280.3495000000004
-240.82483333333326
-317.5034999999998
-84.86100000000003
-314.4403333333332
-303.5413333333332
-84.64049999999999
-222.82283333333336
-134.42466666666664
-291.32966666666675
-333.65383333333403
-399.38783333333333
-193.72366666666665
-201.94900000000013
-180.71816666666663
-190.55400000000006
-163.93666666666653
-223.6001666666667
-344.3554999999999
-163.11583333333348
-189.6146666666666
-156.8731666666666
-236.23750000000015
-132.2096666666667
-108.62516666666666
-209.58566666666664
-358.236166666667
-342.28166666666675
-70.26733333333334
-188.5726666666668
-200.43683333333342
-329.2433333333332
-50.76983333333333
-118.96216666666675
-116.3566666666665
-111.86883333333333
-176.30633333333307
-196.26116666666655
-65.659
-272.68899999999974
-76.15650000000002
-316.6905000000001
-35.569
-210.66966666666667
-203.95066666666673
-31.709333333333333
-375.89250000000015
-225.42200000000003
-158.89250000000004
-50.95799999999999
-158.49333333333337
-209.41749999999993
-176.84683333333354
-309.31200000000007
-220.06900000000005
-170.06666666666663
-246.48583333333352
-234.33083333333326
-119.682
-37.710499999999996
-147.61216666666655
-146.69583333333318
-302.05133333333345
-261.4878333333329
-378.96050000000014
-160.4310000000002
-211.49650000000008
-34.911500000000004
-321.6921666666668
-234.8321666666665
-344.8098333333328
-227.65650000000008
-282.2365
-277.81966666666665
-344.2731666666667
-226.1675000000001
-48.32516666666667
-232.37183333333329
-302.9489999999997
-224.73116666666692
-167.70616666666646
-93.14933333333332
-195.7359999999998
-66.567
-70.05766666666666
-279.7493333333334
-75.96116666666666
-315.7926666666664
-251.49166666666648
-62.2405
-136.38033333333337
-137.81000000000003
-419.589
-187.45400000000018
-221.32399999999996
-255.80216666666678
-245.6015000000001
-82.25550000000001
-129.70749999999995
-213.27166666666668
-328.6534999999994
-368.9491666666667
-172.8671666666667
-203.91350000000006
-385.24966666666694
-321.76383333333365
-192.70850000000002
-204.1079999999999
-396.7501666666669
-248.16433333333345
-64.23649999999999
-182.3196666666667
-260.1943333333333
-181.59433333333322
-147.66483333333346
-181.42283333333353
-159.3074999999999
-355.6193333333335
-165.7613333333332
-301.34349999999995
-186.62933333333325
-183.05316666666667
-73.2435
-148.45933333333335
-193.74100000000004
-207.67499999999998
-187.06800000000013
-241.93066666666678
-89.1943333333333
-208.24133333333324
-237.19950000000014
-249.7048333333332
-38.716833333333334
-205.05049999999994
-204.5296666666667
-142.64199999999997
-130.26233333333317
-45.99566666666667
-320.5019999999996
-201.36666666666665
-192.92083333333323
-333.3516666666669
-277.25716666666665
-202.58766666666668
-199.94499999999994
-302.7974999999999
-71.5805
-321.01000000000005
-172.5960000000001
-343.3023333333332
-134.33883333333333
-65.67783333333333
-187.11500000000004
-120.87016666666669
-192.71483333333336
-204.9893333333335
-110.9136666666667
-163.71766666666682
-325.7951666666662
-210.94383333333337
-237.90333333333348
-241.61083333333343
-173.4614999999999
-202.1283333333335
-294.99716666666694
-158.0258333333333
-214.8891666666667
-144.83400000000012
-30.3045
-62.68333333333333
-315.3011666666666
-184.06583333333336
-435.71783333333326
-255.64083333333338
-227.98250000000007
-361.7716666666664
-243.584333333333
-241.13466666666656
-178.6898333333335
-192.49633333333338
-324.74549999999954
-460.3365000000001
-231.2123333333334
-276.97349999999966
-195.40966666666685
-197.35066666666646
-225.87399999999968
-80.84883333333335
-348.4433333333327
-204.4478333333334
-277.05183333333287
-138.51933333333344
-310.7846666666668
-166.54483333333334
-309.2483333333335
-432.37166666666644
-314.7149999999998
-78.419
-208.15933333333334
-75.77883333333332
-138.2446666666667
-279.3268333333334
-236.3443333333334
-247.3649999999999
-226.71350000000004
-365.55549999999994
-380.80099999999976
-398.70433333333335
-282.7715000000002
-58.4995
-210.79966666666672
-233.70349999999996
-201.48716666666655
-216.5476666666665
-294.30783333333335
-253.47599999999986
-261.12133333333327
-312.50649999999996
-248.60083333333327
-78.24783333333333
-165.22249999999997
-253.50233333333352
-140.14300000000017
-215.21666666666658
-282.15616666666654
-156.93150000000014
-512.1709999999998
-178.72716666666665
-308.5074999999997
-181.58066666666653
-140.25983333333338
-217.96083333333334
-177.65416666666638
-221.56866666666662
-62.67316666666667
-149.87050000000002
-236.56483333333338
-246.83433333333335
-236.36633333333333
-31.334999999999997
-245.38566666666648
-227.29683333333332
-230.08200000000002
-301.1478333333332
-178.32616666666672
-199.5946666666665
-128.02333333333343
-191.99016666666643
-270.1131666666665
-81.1525
-123.652
-244.02700000000007
-186.0833333333334
-149.96116666666677
-249.7036666666667
-264.54366666666647
-224.49966666666657
-60.51916666666668
-260.7989999999998
-169.35799999999992
-292.7389999999997
-206.21383333333353
-139.41933333333338
-208.7998333333333
-313.57966666666636
-293.8273333333332
-258.69850000000014
-215.07233333333326
-142.3643333333334
-460.5423333333336
-191.4111666666666
-293.49566666666675
-245.48083333333327
-289.3478333333334
-148.73500000000013
-44.04233333333333
-193.57616666666675
-249.44299999999998
-204.28716666666668
-168.5955000000001
-252.78633333333332
-349.99266666666654
-253.111
-165.31416666666672
-189.79483333333337
-146.89266666666668
-353.0755
-197.02799999999993
-281.3928333333332
-330.3046666666664
-258.0546666666666
-138.08133333333333
-161.5016666666667
-214.1401666666668
-135.0690000000001
-302.1366666666667
-240.10683333333307
-96.82466666666669
-414.0073333333332
-294.65950000000026
-205.91033333333328
-54.37633333333334
-139.88033333333337
-274.41933333333344
-275.79266666666643
-205.95833333333334
-207.63966666666664
-259.28799999999967
-212.35650000000018
-189.8486666666665
-31.4705
-314.1535000000001
-169.39133333333325
-208.17216666666667
-188.6135000000001
-177.64849999999984
-161.41033333333337
-159.51466666666676
-363.6258333333331
-199.4310000000002
-198.42000000000004
-127.23966666666666
-262.7771666666666
-153.0556666666667
-232.04499999999993
-275.4394999999998
-171.5406666666666
-199.19333333333321
-70.74183333333335
-200.65483333333353
-239.00116666666653
-266.55483333333325
-248.24550000000002
-161.0814999999999
-211.3328333333331
-189.63033333333343
-282.07016666666686
-307.79749999999984
-113.86116666666669
-253.89900000000003
-217.7200000000002
-118.76950000000004
-79.65699999999998
-252.4156666666668
-131.3455
-275.3026666666665
-50.37133333333333
-212.05050000000006
-149.38883333333305
-222.73850000000013
-160.67283333333333
-345.82999999999964
-382.7298333333333
-262.0506666666663
-195.95333333333318
-227.1969999999999
-184.0911666666664
-251.85016666666684
-261.08316666666667
-219.36433333333338
-216.3638333333335
-181.10166666666686
-81.842
-246.22133333333323
-206.3086666666666
-65.55149999999999
-142.11416666666662
-193.42466666666658
-61.75333333333332
-190.2074999999999
-285.56666666666655
-206.09133333333347
-245.27433333333337
-178.0846666666668
-375.6523333333331
-281.02699999999953
-235.5476666666668
-274.2506666666667
-260.50616666666673
-235.62149999999988
-355.7579999999999
-245.65749999999994
-118.76516666666673
-125.76316666666666
-130.7964999999999
-257.62783333333306
-250.69333333333344
-323.66099999999983
-224.61766666666645
-198.01533333333322
-305.53683333333316
-233.0171666666668
-132.6868333333334
-103.96316666666661
-293.57149999999984
-285.62250000000006
-225.53050000000007
-242.7593333333332
-237.3853333333334
-349.94549999999987
-249.24833333333348
-174.39750000000006
-195.04849999999976
-315.8366666666667
-315.2771666666671
-350.4928333333334
-225.4905000000001
-112.95500000000003
-235.3198333333335
-269.23816666666653
-210.80849999999995
-282.4248333333333
-222.86633333333347
-281.4681666666667
-179.6358333333334
-380.2778333333335
-350.11033333333285
-331.0173333333333
-39.844500000000004
-216.91716666666662
-205.0129999999999
-293.72233333333344
-190.82933333333312
-410.1388333333334
-167.27733333333313
-254.7391666666666
-59.23383333333334
-209.14166666666648
-94.66316666666664
-232.75916666666654
-344.8906666666666
-62.410999999999994
-205.2414999999999
-169.6255
-169.6435
-92.65450000000001
-151.35900000000035
-282.14733333333294
-222.03800000000015
-242.0111666666667
-288.2674999999999
-234.8240000000001
-81.35083333333334
-174.14666666666653
-184.96849999999986
-425.93183333333354
-247.4520000000001
-202.20133333333348
-264.4889999999997
-322.4663333333332
-140.29416666666665
-201.09733333333355
-343.8803333333334
-116.38933333333323
-42.9915
-266.0021666666666
-122.42050000000005
-220.63716666666667
-58.89583333333334
-33.9465
-182.51849999999996
-229.40766666666684
-45.32516666666666
-211.952
-192.10366666666647
-283.54466666666656
-197.41416666666683
-250.9918333333333
-295.42816666666636
-57.08133333333334
-41.4095
-199.2041666666668
-133.43950000000004
-46.33133333333333
-227.03783333333345
-175.0685000000002
-49.0025
-150.02966666666669
-137.10166666666666
-351.4288333333331
-204.6780000000003
-166.14783333333344
-258.04216666666656
-204.21383333333347
-174.0501666666667
-270.08566666666695
-173.54250000000002
-82.94916666666668
-121.2976666666667
-253.5118333333333
-74.09050000000002
-248.0296666666667
-175.71550000000005
-171.10199999999986
-132.89183333333338
-298.31466666666665
-223.346
-232.50766666666667
-183.8073333333335
-84.49633333333334
-246.55150000000015
-146.2036666666666
-238.94183333333334
-64.05416666666667
-249.00433333333322
-260.8333333333335
-185.8471666666667
-172.2665
-196.88133333333337
-164.85733333333323
-161.91400000000004
-179.56916666666677
-219.58299999999997
-194.39216666666667
-185.12216666666677
-30.112000000000005
-243.93766666666681
-229.47999999999982
-243.79483333333334
-57.82816666666666
-234.96516666666676
-169.33699999999996
-197.85883333333322
-212.73400000000007
-242.43216666666672
-279.4443333333332
-344.33599999999956
-236.2098333333333
-96.07099999999998
-287.43016666666637
-235.89716666666675
-240.14216666666672
-27.493000000000002
-313.4871666666663
-184.35016666666667
-146.3973333333334
-100.70716666666664
-170.67233333333317
-257.1058333333333
-238.40116666666665
-274.8730000000002
-303.5278333333333
-34.696666666666665
-163.62666666666655
-237.48000000000002
-341.4656666666665
-135.29216666666667
-253.50716666666673
-302.1565000000001
-275.98949999999996
-467.41566666666677
-199.88066666666685
-332.9896666666668
-325.1096666666666
-126.27833333333334
-291.6036666666665
-266.8170000000001
-251.14466666666644
-241.71716666666663
-315.46983333333316
-191.30800000000002
-248.0693333333334
-81.02316666666668
-439.7738333333332
-49.32966666666667
-233.55916666666656
-298.5671666666665
-154.32866666666658
-206.7458333333334
-322.51833333333326
-49.203333333333326
-132.98549999999994
-127.68250000000003
-38.2695
-171.94416666666675
-174.34566666666657
-221.00816666666668
-28.240000000000002
-217.3118333333335
-128.93449999999999
-250.3331666666666
-191.4611666666667
-296.3256666666666
-248.0608333333333
-37.503166666666665
-257.11150000000004
-140.66566666666665
-357.41083333333324
-250.75833333333313
-250.58766666666685
-151.9013333333335
-188.88816666666648
-149.1245
-282.7666666666665
-268.04683333333315
-227.59
-65.57366666666667
-184.1796666666668
-418.1126666666669
-223.49899999999982
-190.94599999999997
-37.13633333333333
-193.13500000000022
-139.89533333333335
-254.7195000000001
-187.51549999999997
-262.15016666666685
-130.17899999999997
-218.72250000000005
-313.8576666666668
-178.97150000000016
-255.57599999999985
-186.69166666666678
-165.6248333333333
-179.88450000000006
-140.49016666666668
-188.15416666666658
-50.61633333333333
-155.90100000000027
-208.7743333333333
-354.65216666666663
-240.25333333333342
-406.2074999999999
-273.1588333333336
-38.93216666666667
-82.72316666666669
-44.982
-299.8680000000004
-164.10133333333332
-222.6071666666667
-259.72983333333326
-359.4214999999998
-197.8490000000001
-149.75966666666665
-231.35249999999994
-316.59566666666643
-155.95483333333337
-245.82616666666684
-77.07800000000003
-450.10899999999947
-248.60783333333325
-105.37016666666668
-69.1855
-65.761
-149.7686666666667
-195.51233333333323
-201.15650000000008
-167.8441666666667
-142.01249999999996
-237.46450000000004
-156.5461666666667
-171.75583333333333
-194.68033333333327
-176.89966666666686
-286.4126666666668
-312.52283333333327
-136.36716666666666
-187.16116666666656
-60.7095
-362.9276666666659
-293.00000000000006
-159.25966666666673
-252.47516666666678
-155.5063333333336
-205.97466666666674
-67.96766666666669
-187.68999999999983
-230.6744999999999
-239.74266666666668
-118.99116666666669
-302.4438333333331
-206.76250000000016
-252.3796666666668
-229.02216666666692
-87.8695
-253.10933333333352
-254.4458333333335
-193.1163333333332
-57.637166666666666
-99.80583333333334
-57.639333333333326
-152.24750000000006
-66.3905
-197.90883333333355
-141.935
-46.13199999999999
-138.137
-282.0865
-159.3868333333332
-176.3998333333332
-160.48633333333328
-83.38066666666667
-272.8283333333333
-62.12083333333334
-381.18366666666657
-271.19750000000016
-45.41950000000001
-150.46550000000022
-237.31716666666657
-43.57033333333334
-169.11799999999997
-214.79566666666662
-200.05033333333338
-147.7036666666667
-270.76616666666655
-214.60149999999982
-176.9588333333334
-258.9866666666668
-147.22566666666677
-401.28383333333346
-253.79199999999986
-223.10050000000018
-138.24550000000002
-182.25899999999987
-204.43366666666668
-152.8454999999997
-207.0991666666667
-322.7268333333336
-45.146499999999996
-105.44866666666664
-202.0691666666667
-173.0191666666667
-251.6678333333333
-284.88666666666705
-32.9975
-80.65266666666666
-263.87166666666656
-364.96699999999976
-271.0221666666666
-178.28150000000016
-221.8368333333332
-204.5611666666666
-430.0646666666662
-178.36583333333337
-214.9955000000001
-191.62433333333334
-92.51116666666664
-316.99316666666664
-359.4676666666669
-298.5950000000001
-251.8251666666664
-235.7284999999997
-284.17883333333333
-354.8833333333331
-41.593833333333336
-272.95849999999984
-246.14433333333326
-164.1693333333331
-184.7303333333333
-225.51183333333316
-71.12916666666668
-348.76333333333366
-117.829
-124.03116666666668
-181.94700000000014
-257.9113333333333
-175.1578333333335
-301.3295000000001
-184.99483333333364
-119.07850000000002
-393.01399999999984
-220.6846666666669
-142.8348333333333
-362.5411666666671
-321.68683333333337
-230.5134999999999
-212.78083333333342
-267.1408333333332
-104.48999999999994
-310.6995
-159.53833333333333
-90.57983333333334
-196.56416666666686
-91.75699999999998
-214.31283333333354
-169.6931666666669
-221.31933333333322
-176.7740000000001
-23.759
-307.5385000000001
-244.39100000000002
-191.731
-215.93083333333354
-385.61966666666666
-147.09399999999994
-199.30450000000013
-195.44283333333337
-78.84816666666667
-245.96033333333335
-201.07516666666663
-72.59583333333333
-93.71883333333334
-138.73833333333332
-225.21616666666662
-193.1363333333333
-315.28100000000006
-168.97549999999998
-320.43316666666635
-149.95650000000015
-214.21083333333334
-240.7163333333334
-117.72466666666668
-321.3223333333334
-155.13949999999994
-152.4358333333335
-267.8754999999998
-153.5433333333332
-188.2151666666665
-63.603666666666655
-200.7089999999998
-161.2090000000002
-66.16500000000002
-283.05583333333334
-500.4088333333331
-475.56916666666643
-281.6098333333331
-185.48716666666678
-361.10233333333343
-271.34983333333287
-208.81233333333338
-179.6279999999999
-182.2891666666668
-151.9669999999999
-245.35699999999977
-155.37766666666667
-307.7556666666664
-215.16066666666657
-373.52183333333346
-143.45416666666665
-21.544999999999998
-69.17500000000001
-128.43666666666667
-180.50433333333325
-118.59283333333332
-169.5803333333335
-374.4399999999999
-40.8765
-179.33716666666677
-31.53533333333333
-452.4823333333333
-178.59383333333327
-324.0976666666666
-204.05399999999997
-189.40416666666675
-154.0650000000004
-163.79933333333355
-191.17266666666646
-90.44716666666667
-203.8696666666667
-41.157
-199.03116666666688
-395.3006666666664
-252.64933333333346
-78.7615
-233.6861666666667
-82.58699999999997
-69.94666666666667
-172.6753333333335
-332.8413333333334
-36.188
-61.40983333333333
-169.29433333333333
-279.6744999999998
-178.64333333333335
-101.31533333333334
-259.86066666666676
-212.3231666666669
-242.07416666666663
-74.12899999999999
-237.56249999999997
-74.02833333333334
-208.91850000000017
-311.0341666666664
-301.83050000000014
-182.35500000000013
-331.68033333333295
-57.10750000000001
-59.522999999999996
-200.42166666666657
-199.16900000000027
-278.89133333333325
-74.61666666666666
-364.52116666666694
-216.87600000000003
-242.05883333333347
-158.14466666666655
-185.50083333333322
-149.88849999999994
-230.60150000000004
-195.4394999999998
-174.60100000000017
-143.5108333333333
-210.93366666666668
-48.06366666666667
-277.2806666666666
-206.4108333333334
-292.4248333333331
-470.0615000000003
-279.2364999999999
-280.1166666666664
-230.44650000000004
-162.25833333333327
-167.02133333333327
-147.4800000000001
-182.36733333333328
-216.6533333333334
-198.2985000000001
-113.27216666666668
-164.09616666666662
-264.57749999999993
-196.22500000000014
-167.20616666666666
-195.3531666666667
-197.1423333333333
-258.9
-211.70716666666672
-214.47449999999998
-201.24383333333304
-79.69450000000003
-235.1053333333332
-124.21716666666664
-322.92316666666625
-242.54650000000012
-176.26483333333323
-298.66249999999985
-162.7415000000002
-186.99466666666686
-291.43516666666625
-159.06433333333334
-86.64316666666669
-174.47233333333355
-226.7951666666667
-277.6033333333329
-329.59999999999985
-187.21333333333362
-268.1596666666666
-218.43416666666675
-300.2893333333332
-51.644333333333336
-242.26300000000006
-168.50683333333333
-208.7695000000002
-259.2488333333332
-217.62183333333326
-315.33
-258.2713333333332
-253.98933333333346
-77.16300000000001
-83.74100000000001
-242.03933333333327
-298.90666666666664
-233.5276666666667
-238.98116666666658
-141.589
-262.018
-95.01816666666666
-44.8495
-182.61483333333325
-254.7348333333334
-249.92616666666677
-60.04650000000001
-71.62283333333335
-329.89233333333345
-95.60933333333332
-53.64516666666667
-298.87233333333313
-240.42883333333359
-159.54833333333326
-132.10266666666672
-274.7216666666665
-185.68633333333332
-288.8536666666669
-44.90033333333333
-264.25449999999955
-186.8403333333337
-220.7908333333333
-161.55166666666682
-234.86483333333322
-270.4671666666665
-79.53583333333331
-49.060833333333335
-29.334000000000003
-119.65333333333336
-319.39833333333337
-204.3345000000001
-213.8894999999999
-74.5385
-225.87316666666658
-182.55849999999987
-52.87416666666666
-39.006
-353.4285000000001
-187.3191666666667
-188.0983333333332
-51.28
-118.35933333333334
-213.2203333333333
-153.92466666666672
-158.27633333333347
-276.4418333333327
-104.37366666666667
-317.08583333333314
-63.52599999999999
-240.7185000000001
-241.13266666666667
-134.68266666666668
-222.51549999999975
-143.04300000000006
-58.19
-301.27633333333335
-219.66733333333332
-249.5813333333333
-313.0546666666666
-260.99866666666674
-154.81283333333326
-52.86983333333334
-131.10783333333342
-174.94916666666657
-136.60949999999988
-159.30316666666687
-276.36650000000003
-93.8485
-183.0080000000001
-30.052
-178.25899999999993
-180.5788333333335
-329.2738333333333
-77.13666666666667
-69.78750000000002
-365.19799999999975
-106.15433333333333
-63.86683333333333
-219.21716666666654
-205.63733333333317
-242.95150000000007
-275.6331666666667
-83.60666666666667
-153.009
-222.24933333333323
-206.30999999999997
-262.73050000000006
-81.53066666666665
-109.0908333333333
-127.85899999999994
-222.27533333333338
-384.68833333333316
-251.9791666666666
-192.72849999999994
-167.4368333333331
-241.95900000000003
-254.0668333333334
-148.40116666666665
-92.254
-73.469
-111.33183333333332
-293.40083333333314
-178.60616666666678
-34.232
-307.75083333333333
-229.84916666666678
-230.07566666666688
-269.6261666666667
-242.10216666666668
-321.3954999999998
-184.72983333333374
-377.360333333333
-137.44099999999995
-96.61133333333335
-117.82283333333334
-187.36933333333317
-164.54849999999988
-210.19883333333348
-192.18600000000012
-199.28700000000015
-213.70933333333326
-296.05466666666666
-45.71716666666667
-240.79816666666682
-246.25700000000006
-205.36949999999987
-203.49733333333322
-138.7138333333335
-194.57483333333334
-136.8216666666667
