0
14000
13500
12700
13800
13900
13200
13800
0
13400
14000
12800
1200
12900
13600
13400
14100
13200
13300
13300
15200
13600
14000
14200
14200
13500
13800
13600
13100
14700
14200
13200
14300
14700
14800
15100
1300
14000
12700
13700
13800
12900
14200
13400
13500
13900
13800
13800
14700
13500
13500
14100
14100
14500
14700
2900
13700
13800
13600
13300
13800
13800
13900
14800
13000
14400
14500
13800
13900
13500
14200
13700
13700
14300
14500
13700
14000
13700
13800
14300
14600
15000
13000
14200
13800
13700
15000
14800
15200
14700
14100
14000
13700
15500
14000
14200
14400
14200
14700
13700
14100
14000
13400
14100
14200
13800
14400
14600
13700
14100
13800
13900
14500
13800
14200
13700
14000
14500
14900
13800
14300
13800
13500
13600
14500
14700
15000
15000
14400
14300
13400
13500
14100
13500
13500
14800
13200
13300
13600
15500
14400
14500
13800
13800
7100
14200
14200
13800
15500
14100
14400
1400
14100
15000
15800
13600
14000
13400
13900
13800
13500
14900
13400
14900
13800
14200
14800
14600
14000
14100
13500
14400
15000
13400
14500
14100
12900
13900
13800
14600
14300
13100
14100
200
13600
14000
13200
12800
2800
13700
13800
13900
14300
13600
12700
14100
13900
14800
13800
14700
13100
14200
14100
13100
13900
14000
14000
14100
13800
13900
13200
14600
12900
13400
13400
13800
13200
14000
14500
13300
14500
14400
600
13900
14100
13500
15700
14700
15900
14400
14400
14700
15400
14100
13400
13000
14900
13800
14000
15200
14300
7300
14200
13800
13100
13800
13800
14500
14500
5400
13200
15100
14800
14300
13800
14400
13600
14600
14000
13600
14300
13200
14300
500
13500
13300
14100
13900
13800
14200
13600
13900
16000
14500
14400
15000
13800
13600
14800
14000
13800
13900
15100
13600
14000
14400
15200
13500
14800
4500
14500
15800
14000
13800
14600
16300
13700
14500
14400
13500
14400
14300
14800
14100
13600
14400
4000
14200
13700
14500
14800
14500
14400
14300
14200
15500
15700
14400
14700
14200
14500
14000
14400
14600
14400
14000
14200
13200
14300
13700
14500
13500
13700
13800
14000
14500
13600
14000
15200
14200
15300
14200
13700
14400
13000
15200
13400
13900
14600
13500
13400
13400
14000
15400
13700
14200
14700
13900
13300
13000
13500
14300
13500
13700
14500
13700
14600
13700
14500
13500
14400
14100
14000
13700
14100
13100
14500
14000
16000
14300
13400
14300
14200
14200
14300
13400
14000
13600
14100
1900
14100
15500
13400
14500
14200
13500
14700
13000
14000
13200
14000
14600
13700
14100
13400
14100
14400
14200
12600
13500
13300
13400
14300
13200
13100
13700
13200
14200
15000
13500
13300
13400
13600
13500
14000
13500
14900
13900
14700
13800
13500
15200
14200
13000
15600
14800
14200
15100
13200
13000
14600
14000
15100
14300
15200
13700
14100
13800
13900
13700
15700
13600
14100
14400
13400
15100
14000
13100
13500
13500
15100
14100
13000
14300
14800
13700
13700
13500
14700
13500
15400
13700
14200
13200
7700
13500
14700
14400
13000
13800
13500
15700
13800
13900
13900
15900
13200
13100
14300
13900
13600
14400
13800
14100
14100
15100
14700
5200
14000
15000
15600
13600
13900
13800
14000
13000
13700
13000
14100
13900
14000
14300
13900
14200
15100
13300
13800
15000
15100
13400
14000
14700
15000
13800
2600
13300
15200
15000
15900
14700
13900
14600
14200
14600
14400
100
13600
13900
14100
14500
13700
14000
14500
13000
15700
1400
15300
3100
15100
14300
13700
13900
13400
13700
13600
13700
14400
2000
14400
14600
13600
14500
14000
14100
14400
14400
14400
14800
15100
14900
15300
13800
1100
14200
13900
13800
13700
14200
14200
14600
14100
800
14600
14400
13300
14100
14300
14200
14500
14200
14600
16000
14800
15500
13200
14200
14600
15600
14200
14300
14500
14200
14900
14900
13800
14100
14200
14600
14400
15200
13600
14300
12900
3500
15500
15200
15800
13300
14200
14200
14200
14300
14000
14400
500
15000
14300
14200
15400
14300
13200
12800
14100
15100
13700
14300
14300
13800
17000
13000
800
14800
14600
13600
14700
15200
14700
15000
13700
13200
13900
14200
16200
14200
14500
14500
14800
13900
14100
13800
13600
14300
14800
14400
15700
14600
2000
3000
14600
2400
14300
13600
13900
13400
13800
13900
14700
14800
13600
14900
14600
7500
14300
13900
14300
14500
14500
15400
13100
9600
14800
13700
14000
13400
14000
13700
14200
13900
13700
13800
14800
14000
13500
14300
13100
13400
14000
13900
13100
14800
14300
13800
14000
13500
14100
15400
13700
13600
14700
13900
14100
14400
2200
14400
14600
13700
13900
13800
14100
13800
14300
14400
13500
14800
14400
5500
14700
14300
14300
13800
14200
15100
14100
13800
14000
15000
15100
14000
13500
14700
13900
14000
13900
14200
13800
14400
14700
15100
14600
14400
13000
14100
14200
12900
7100
15200
14400
14400
14900
14200
14300
13900
4100
15100
13700
14500
13500
14500
14100
14900
13800
14600
12700
14300
15400
14100
14000
14100
13800
13800
14600
14100
14300
13700
14900
14400
14400
13700
13200
15300
14600
14300
14000
14700
14700
15700
14000
13500
1300
14200
14800
4900
14500
13800
14700
14000
14700
14200
14200
14000
13600
14300
1800
14400
14600
13800
13600
15100
14000
14400
13500
16600
14800
14500
200
14600
14500
14600
14300
2300
14500
14600
13500
13300
14200
14000
13900
13300
14900
14700
13900
2500
14600
15000
14100
13400
13300
14700
15700
14400
14000
14400
5400
13700
14600
13500
14600
14200
14200
14800
16500
13400
14300
13600
14200
600
4400
13700
14600
14200
14500
13600
14100
14000
14500
13900
14000
14200
14800
14300
13900
15700
15800
15600
13600
14900
15200
14500
13600
14000
14000
14400
14900
15100
14700
14600
1100
14000
15500
13500
13800
14400
14000
14300
14400
15300
13800
14800
14100
13900
13900
14900
13100
13800
14900
13900
13800
14600
13700
14500
14100
13300
14200
13500
14700
13800
13700
14400
15000
14100
4600
13600
6000
14200
15000
14100
14100
14000
13500
14300
13700
14300
14100
800
15000
14700
14600
13600
14900
14000
13900
13800
14700
14000
14700
13800
13300
13600
15800
14600
14300
14700
13300
14600
14000
14800
14000
13700
15000
14600
2100
14000
14900
14700
14500
15100
14600
14600
14100
14000
15000
14700
13700
15800
14900
16000
15300
14000
14300
15600
14800
1800
13200
2700
13900
13200
13300
15700
12700
14100
14900
15000
15700
15200
15500
13700
14100
3400
14400
15200
14400
14300
14300
13600
13500
14600
14700
13700
13800
13900
1900
13800
13300
14800
15100
14900
14200
13800
14300
14200
2100
14700
200
13800
15000
13900
14300
13900
15800
14100
13400
14500
13800
14800
6100
15900
14100
15200
6200
14600
14300
14700
14400
14300
14100
4800
14600
3300
14600
13900
14700
14600
13700
14600
13500
14800
14200
14100
14400
14100
15200
14100
14800
14300
14700
15300
14000
13800
14500
13300
13800
13600
14800
14300
14800
13500
9600
14200
-100
15200
400
16100
700
14500
14600
14200
13300
14200
13800
10600
13500
14200
13500
13500
14400
14500
15200
15500
14100
13500
14500
15200
13600
14400
1900
14500
13900
14000
14200
13900
14600
16100
14400
14600
13500
14100
15000
13600
14400
14800
14400
14100
13500
14800
13900
-500
14400
12800
13700
14100
15600
15400
15000
1100
16000
14500
1900
14500
15000
14900
13800
3100
14100
14500
14200
15600
14200
14300
2300
13900
14100
13200
15300
14500
13700
5300
12800
15500
-300
13900
13900
13600
15000
14300
15700
15100
1700
14200
13400
15300
15200
14200
16500
0
14400
-100
13300
14400
13700
14500
14900
15000
13700
14000
14800
14600
14000
13800
13900
14800
14300
15200
13700
15000
13600
14200
13700
15000
15600
15000
16000
13900
14800
14200
14600
14200
14100
14900
14500
13500
15100
13600
14200
14700
14100
14200
13600
13600
4200
2400
15300
13600
14200
14200
13600
15200
1300
14100
13500
15500
14600
14100
14200
15300
14200
15700
14500
14000
3500
8800
2000
14200
1400
1700
14000
15700
13600
13400
14600
14700
13800
13900
14200
13800
15400
14400
15100
14000
14000
14300
14600
14900
-400
15600
14300
13700
13900
14900
13800
15200
14300
14300
11400
13500
13400
14400
15300
16300
-200
13400
14300
14100
14100
15200
14900
3400
14100
14500
14400
14400
13700
14300
0
15900
14300
14900
14300
14900
14800
14000
14200
15500
2100
14900
14000
14200
15600
2900
13400
14000
13800
15200
13700
13100
14200
13500
14500
14900
14700
14800
13200
13900
5100
14200
14000
14000
15700
14500
13600
15200
14300
1300
14500
1800
14800
13600
700
14500
13000
13900
14800
3900
13800
600
1000
14300
14500
14600
14400
5500
14900
14100
13600
13900
15300
800
1500
1700
14600
1800
800
14700
14400
14100
2800
400
13700
14700
14200
14400
14000
15300
14800
13900
14100
1900
14000
3700
700
4200
15200
14800
5000
14800
14500
2600
14200
16100
3100
13800
14600
14400
14200
1700
16200
14100
13800
14300
14200
1500
15200
13900
13600
14600
13700
15300
14800
14000
3300
13700
14400
13600
13600
13700
15200
14700
13900
14300
15500
14800
14700
13000
12900
600
14300
13800
14300
14800
14600
13900
14000
14200
13900
14000
14700
15000
14500
15000
14200
14200
14400
14500
14400
15400
10600
13900
13800
13700
14400
13900
15700
13900
14300
14700
13600
14000
13800
15000
13400
14700
14500
1800
800
14600
14500
13400
14800
14000
15200
14000
13300
13600
14200
2300
14300
13900
14000
14400
13400
14500
14900
13000
14100
2800
13400
14100
14900
13500
14400
13800
15700
14400
14100
14600
14200
13800
14200
15300
14200
15000
13800
900
13500
14200
15500
14600
14700
700
14800
13800
2400
15000
13800
2500
13600
14200
-200
14000
14000
13900
13900
2000
14400
14600
15000
13300
14500
15000
13800
14600
14500
13900
14700
14600
14400
15000
14700
14100
14600
13800
13900
15200
14100
14000
15100
14600
13300
-200
1800
-100
13700
1600
15000
14300
13800
13600
14200
15200
13400
2400
1000
600
14900
13800
14500
14200
14300
14400
14600
15100
14900
14000
14200
14600
1700
13300
3000
13500
13300
14600
15000
14200
14600
15100
14900
15800
12900
14500
14700
14100
1200
14400
15200
14200
9000
1100
14600
3900
14100
13800
13600
14600
14400
14400
13600
13900
14300
14000
14300
13500
15600
1800
2700
14800
13900
14800
3300
14800
3500
1200
14300
14000
14400
14300
13800
13800
14600
0
13500
13600
3400
14200
15000
3100
14300
4200
1300
13800
1100
14900
14700
13900
13700
13000
13700
14400
12600
13900
13700
14600
14100
14900
14600
13400
15400
14000
5200
14000
1000
13400
13600
13600
13800
14200
13700
13900
14400
14700
14100
13800
13800
13500
13600
14700
15500
15300
15300
14700
14100
14100
15200
14900
13500
13700
16000
15200
14300
15000
13200
15100
13300
15400
14900
14100
13800
14300
16500
15000
14000
13900
15000
14200
14000
14600
14200
14600
15200
13900
13800
13600
14000
14600
14400
14800
14900
13700
15200
13700
14600
14300
13800
13400
13900
13600
14600
14200
14900
14100
13800
15100
13700
13900
14800
15200
14200
13400
13900
13400
13300
13800
14600
3100
13900
14100
14100
16000
14600
15500
14300
14800
14300
13300
13900
15600
14700
13600
15300
14000
14100
13500
15500
14900
14000
14800
14900
600
14300
14900
14200
14300
14600
200
15700
14000
15100
14800
14500
14600
14500
13700
14600
15000
13800
14200
13500
700
14700
13900
15300
13600
14200
14200
13500
13900
13600
13900
14100
14500
15000
14700
13500
13500
13800
13500
14300
4200
13400
14300
14200
15200
14300
16000
13300
14600
14200
13900
14200
15200
-100
15600
13600
13200
13600
13300
13300
14200
15300
14100
14100
15400
15100
14900
14500
15200
15400
15300
14600
14400
14200
13800
13100
14500
14400
14700
13900
14800
100
13800
15600
14300
15300
14300
14800
14700
14500
15200
14200
15100
400
13700
800
14100
14200
14100
14700
14300
13900
14400
1000
16000
13800
13400
4200
13300
14000
14900
14100
14600
14300
14500
1600
3200
15300
16400
13100
13800
14000
14600
14400
13900
14800
14000
14000
800
15000
13700
14200
14600
15900
14800
14300
14800
14500
13300
13900
14500
14800
1400
14000
14400
4400
14300
14700
15000
14700
15500
13100
14000
14000
14300
15200
500
14600
15000
200
600
13400
3000
13800
14500
14100
14600
14300
13900
14300
15100
14800
13900
13700
14600
13700
800
14800
14000
13500
14300
14200
14500
14700
13300
4700
14800
14000
13700
14600
14700
14000
14200
13400
8100
14100
14100
13900
14600
14400
13700
15300
15400
14200
13900
13500
13800
14200
14900
14200
14100
13700
14200
14200
13600
14300
15100
15100
13900
7600
12500
13800
14900
13300
14800
13300
14800
13600
13700
13800
14300
14400
14300
14100
1900
15400
14400
2200
14500
14100
14800
-500
13800
13700
13500
14800
13900
15300
1800
14500
14900
15000
14500
14300
14000
14300
13900
14000
13500
14600
13900
13700
1100
14100
1400
14300
13800
14600
14100
14100
14600
14400
13700
14500
15100
13300
13200
14200
13300
15000
14700
14500
1100
13700
13800
14100
14000
14000
14600
13600
14400
14100
13700
100
13300
14200
13800
14100
12500
13600
14700
14200
13500
14000
14200
2400
300
14100
16000
13400
12900
15400
13800
14000
14700
13800
13900
13900
13900
14600
2800
13700
14300
14400
700
13900
14200
15200
13200
14900
15100
14200
2300
2500
15100
13700
13600
14000
14300
14300
14200
14000
14700
13600
14900
600
14200
15700
15000
14400
13700
14300
100
14200
3600
14800
13300
15100
14600
-200
14600
14200
1500
13400
15000
14500
14900
14000
14700
14400
14500
13800
15100
15700
15200
13800
13900
13900
14000
15300
15000
14300
15100
13800
14600
14300
13700
13400
800
14000
13500
14900
13500
14100
14400
15000
14500
14300
14800
14300
13900
14500
13700
13400
14300
13200
14500
14400
14200
14100
14400
14900
14000
13800
13400
14200
14100
15100
13900
13100
14100
15300
12800
1200
14200
13300
14300
13600
15100
14000
14000
14000
14600
14800
14400
14200
14100
13600
14300
13500
13500
13900
14400
14300
13300
14200
14400
13600
15300
13300
14900
14100
16500
14100
13900
14700
14300
13500
14000
14900
14400
13300
15000
14000
14300
14700
16200
14200
13400
15300
14600
14500
14600
14000
14800
15600
14100
14100
14200
14300
13900
14700
15000
14400
15900
1700
14600
14200
13500
13300
14000
13500
2500
14300
14900
14900
14000
15500
13500
13500
14400
13800
13000
13900
14700
14500
13700
14900
14000
14600
14600
14400
14000
13800
800
-300
13900
15000
9100
14000
-200
14100
13500
14700
13900
15700
14500
13600
13700
13800
13400
14300
13700
14700
14600
200
14300
13800
13800
14000
14200
14900
14400
14500
14100
14500
15000
14500
13700
14400
15000
14300
13300
800
13500
13700
14600
14900
14000
15400
14900
14800
13100
13200
13500
14900
13200
13200
14000
14100
13200
14200
13900
13800
13800
14400
14900
13700
13600
13200
13500
14100
14200
13700
14700
14800
13800
13300
15400
14600
13700
14100
15000
14800
14600
13200
14300
15100
15300
14700
15700
13600
15900
14400
13400
13800
13500
14900
14700
13900
2100
15000
14800
14700
13200
13800
2900
13300
13700
13500
15000
14400
15900
14600
14100
14500
13700
14100
14800
14000
15600
14100
2500
14500
2800
13700
14300
14000
1100
14300
200
13000
13800
2400
14500
13300
14500
14500
15300
14600
15500
15700
13600
5900
0
13000
14700
13800
13400
13700
14400
14100
15400
13900
900
14400
14000
14600
13900
14100
14500
14900
14400
13700
14700
15700
13100
13900
15200
13900
14100
3800
14200
13500
300
14300
14600
14600
14200
13900
14000
14100
700
14400
14700
14200
14600
14000
14100
14000
15000
13400
14300
14300
14700
14300
14800
13100
14000
13600
14900
14500
16100
13500
13400
1800
13700
15000
13800
14900
13100
14200
14700
15800
13500
15000
14400
700
13500
14300
13500
13500
13600
1300
14600
13700
14800
13400
13700
14600
14000
14000
14200
13800
14400
14500
15000
3400
14200
13400
1500
15400
14700
13800
14600
14300
13900
14200
13700
14000
13500
14600
13000
14900
2000
14100
14000
13500
14500
-500
15900
13700
13900
13700
3000
13500
0
13600
14100
13800
14900
14400
500
14500
14400
13900
1000
13800
-300
14500
13600
1900
13700
13400
14300
13200
14000
1800
14600
13300
13600
15200
13900
14500
14800
13400
14100
13900
14800
15900
14300
900
13800
5800
14400
15600
14300
15000
14000
13800
13700
14600
14400
13800
-500
2900
14700
14200
14800
14900
15000
3700
14400
14500
14300
14600
14700
14800
13300
14600
14900
400
13700
14500
13500
13900
15800
14300
13800
15100
14700
14800
14300
13700
13800
14200
13600
13400
13800
14200
13500
13800
13900
14600
13900
14200
14300
13900
14700
14500
14200
200
14900
14300
14100
13400
13400
15000
15900
15200
14400
14700
14000
13600
14000
13900
14300
1200
14600
13200
14200
15800
14600
13900
14000
400
13500
13900
4700
15300
3200
13300
13700
15500
15500
13800
14400
14000
14500
13700
14500
2000
-500
14700
13900
14200
13900
15200
14400
14200
14800
13900
14700
14200
14600
15100
13700
13500
13200
14000
14600
14100
13800
14200
15200
14000
14100
14400
13900
14200
13800
13700
14400
14100
15000
200
14400
15900
14000
13300
13400
14600
14200
13700
14300
14200
14400
13900
1000
14600
14300
15100
13800
13600
14100
14400
14300
14100
13300
13500
14500
800
14100
15400
14000
14800
13600
-300
13700
13600
13400
14500
14300
13700
14700
14400
15500
14100
4400
13900
300
13700
900
13800
14500
15000
14000
14000
13700
13700
14000
15000
13900
14500
13800
13500
13600
14900
13600
15000
13300
13600
14000
15700
14000
13800
13500
13800
14900
14900
15200
14100
400
400
-500
13800
13800
14100
-500
14000
-200
13900
-100
14300
14700
14000
14100
13500
14400
14700
14000
-300
3700
1500
15100
14300
-100
14500
14200
13400
13400
13700
15100
13400
14700
15900
13700
14700
15100
5100
13300
14100
14800
15000
14900
13500
13300
13900
16200
15000
13400
14600
13900
14900
14100
13000
14000
-400
14200
14300
14200
14900
13800
14300
14400
14000
14500
13700
13400
2700
14400
14800
14600
13900
14100
15300
500
14800
15000
13600
13300
14300
700
13700
14000
14600
14000
14200
14200
14600
15200
14200
13900
13900
14200
14200
13500
400
13700
14500
13400
15100
13700
14900
14500
14400
15400
13600
14500
14200
14300
15100
13700
14900
14800
13900
13700
13700
14700
13900
14300
14300
14700
14600
13600
14500
100
13300
14800
13800
13300
14500
14500
14700
13200
13600
14700
14000
13900
13600
14700
14800
13900
100
14100
300
14800
13700
13600
13900
13700
14800
3200
13900
15000
0
13900
14200
14900
13600
15200
300
15200
13600
14000
500
13600
13600
13900
14000
14500
14500
14200
14100
14300
14300
14800
4400
13700
13900
14200
1000
14000
14400
13900
15300
14500
13200
14300
1000
14100
-500
14900
15000
13600
14100
13000
14400
14900
14200
13700
13300
14900
14900
15200
14200
13400
15000
14800
14100
14100
15100
14300
3700
13800
15000
14200
14700
14000
13700
15300
14300
-100
14500
14900
13000
5200
15100
-400
14900
13600
15900
13300
-200
14700
13600
2000
14200
13600
400
15000
14300
15700
14700
0
4100
14300
14100
1800
15000
14300
2800
14800
14500
14600
14300
14500
15400
2800
15800
13800
14300
15100
13600
13400
500
14300
13800
13600
15400
14700
1000
13600
15100
15400
14800
14900
15300
14700
14900
15100
13800
13200
13900
-300
15000
14600
13800
1200
13900
-100
13900
8100
800
15800
13700
15200
14600
14700
13800
13500
14400
13800
13700
13500
14800
14000
14000
14300
14500
14600
14400
14800
13600
15000
13300
-100
14500
14200
13200
13500
14100
14900
14200
14700
13900
13500
14000
15200
14800
13900
13800
15400
14500
1600
13600
14600
14500
14400
14100
14300
13400
14800
14000
13600
14100
14400
13700
13600
14900
14500
14100
15400
500
14100
14000
13700
15500
14100
13700
13700
13900
14800
14200
13900
13700
14300
-300
3700
13900
14200
14500
14200
1400
13800
14700
14600
14200
14000
2100
15200
3100
13700
14500
15800
13300
14600
14900
13400
14100
13700
13900
13900
14400
14200
14800
14300
14500
14500
15000
13800
13600
14700
-500
14100
-400
13800
14300
15200
13600
0
14500
13900
13600
14500
13900
14100
13700
14000
-500
13700
14300
14000
14300
14500
14200
14200
14900
13700
14500
14000
14800
2300
15000
15500
14800
13500
14300
14500
13800
15100
14400
-500
14800
14300
14800
14500
13900
14300
15000
1200
14500
13600
15000
14000
14900
14900
13600
13900
14500
14600
14500
14100
14000
14500
14900
13500
14800
14000
14800
14200
13900
14500
13200
14400
13800
14500
13800
14200
14400
14000
14800
14600
14000
15000
13400
15500
13700
16400
14000
14700
13900
13900
14700
15300
14100
13200
16800
14000
4000
13700
14900
14300
1000
14200
300
13300
14500
13400
0
14100
13600
14100
13100
15400
14700
13800
300
15000
13700
14100
6400
15200
14800
1200
15300
-400
600
13600
14300
13200
600
13700
14800
14100
14400
13300
13100
13500
14200
13700
15400
13600
14100
15100
14000
13900
14800
13900
14300
14600
14700
13400
14200
12900
14800
13900
14000
13600
14000
15100
15000
13800
14200
11800
13900
13200
13900
1800
13700
14700
14400
14400
1100
13700
14200
14600
14400
14200
13400
14200
14400
14200
14800
13800
14200
13800
14600
14000
16000
-500
13700
15400
13200
3700
14200
13700
14100
15200
14100
14500
14500
13700
14100
-100
14900
6300
14100
14900
14600
13800
14100
1300
14400
13700
14700
13900
14000
14500
13700
15200
14000
13400
14100
14600
14300
13500
14500
15000
-100
14400
14400
15100
700
13600
14400
15300
14200
14900
14100
13900
13400
13700
14000
17600
16000
14500
15200
14600
13800
14000
14100
14200
1000
13700
14400
13600
14300
13800
1000
13600
1200
15300
13800
14200
13500
13400
13700
14500
14000
13900
14400
13700
13300
14600
13700
15200
14600
2400
13400
14100
14300
14000
15100
13800
13600
14900
13800
13900
13900
-100
13700
13900
13900
14000
14900
14600
14800
14200
13600
14400
14100
14000
-100
-200
1700
13800
14700
15400
14500
13600
14400
12800
17400
2200
14400
14800
14700
13700
13900
15000
14400
15200
14000
14900
14300
14000
14300
-400
13600
5300
13900
13900
13600
13600
14300
2000
1100
2700
14200
14800
14600
14400
14600
14800
1100
15500
13900
14700
1200
-500
15100
14000
14300
2000
16600
3000
13000
15100
13700
300
14800
13700
14900
14400
14000
14600
14400
14800
900
300
14800
500
14900
600
13900
14600
15100
14600
-200
17300
16100
-200
-500
15200
13400
14700
-500
13200
15000
15200
14900
14200
14000
400
100
14300
14200
14200
14200
13200
14400
15000
-300
13300
13400
13100
14400
3300
14000
13900
1000
14600
15300
14100
14000
13200
14200
15400
15500
13500
14400
1100
-300
14000
13800
14200
13900
15000
14200
14200
14000
14200
16600
15400
14500
14900
14700
13400
14200
14800
13400
14200
14300
13900
-500
14000
14300
14400
500
1400
13400
13200
14300
1000
14500
14500
14400
14300
15100
13900
14100
14100
14900
13900
13800
14400
14200
13100
14000
14800
14600
13500
15800
13800
15000
13900
13600
14500
13900
13500
13800
13500
13900
13600
13700
14000
14800
14200
3300
13900
13800
14100
15000
14800
13100
13900
14400
-300
14800
14300
13300
14500
14100
13700
13800
13600
14400
1200
14300
14300
14100
1900
13800
2100
13400
14800
14900
100
5000
14100
13900
14800
14800
1300
1600
15200
14900
3300
14800
1800
14300
13900
13700
14700
15100
13600
14000
13300
13800
13900
14700
14700
15800
13800
15400
14900
12800
15100
14200
15300
15500
14700
13800
16400
15100
14000
13700
13700
600
13400
16700
14200
0
14600
13600
500
14300
700
14500
13900
14000
14800
14100
15800
14500
14000
13700
14600
13700
14300
13800
13700
15400
14800
14000
15000
14200
14200
15000
14500
13900
13800
14400
13800
13900
100
13400
15300
13900
14700
-100
15000
14500
3200
13500
14000
14000
13800
14000
15000
15000
14200
14300
1800
13500
-300
14300
14000
13900
400
14900
-300
14200
14700
14300
14600
1000
14500
14900
13800
100
13200
-200
14800
14500
15300
2400
1000
14100
15000
14600
100
14000
13300
12800
13100
15600
14100
13500
13900
14400
13600
15000
15100
14000
15000
1000
16000
13600
15200
15100
14400
13300
14400
14900
15500
3100
-200
4300
14800
15100
15100
13900
14500
14000
15600
13500
14900
13900
15300
14100
13800
13900
14400
14400
14000
15300
13500
14900
13800
13900
14100
13700
13800
14600
13400
13800
14100
14100
12900
13500
14300
13600
14700
15600
14000
14800
15500
14000
14000
15100
-500
14200
15000
1700
14500
14600
14100
14400
200
13700
14800
13800
0
13800
14200
15200
13700
13700
-500
14700
6600
14300
13700
14100
13900
14000
800
13400
15000
13300
13300
-200
14400
13200
14600
13800
13200
14500
-500
14100
13100
13200
13200
13400
1900
14100
600
13800
14400
14400
13900
13400
13400
14000
-100
14400
13900
14000
1700
14700
14300
14200
400
15500
14000
400
14000
13200
14600
15700
15900
15200
14800
14100
2700
13800
14300
14300
13900
3200
13600
13800
13800
1100
14500
14200
14800
300
14100
14200
15200
-300
13200
13900
500
14300
13600
100
14500
200
14400
-500
15000
14600
-400
16700
15000
13900
-300
14100
14700
14700
13800
13900
13900
12700
14400
1300
-400
13900
14400
14000
15000
16000
14300
15000
-500
14900
14200
13900
14300
14300
14100
14700
13100
-300
14200
14800
13200
13800
600
15900
0
200
14000
300
14200
14500
-100
13600
1700
14400
13000
14700
15100
14000
1200
1900
13900
15000
7900
14000
15000
14600
14500
14100
13500
12300
14000
0
13700
14300
13700
13800
14300
14000
14100
14400
14000
14100
13900
0
2400
14100
13700
13800
14800
500
15000
14200
14100
-300
14700
14900
13500
13900
-400
13600
14000
13900
15400
14500
3600
13800
14400
0
14500
14000
15300
2100
400
2400
800
14000
14100
14500
13800
14000
14600
13400
12900
14100
14900
14400
1700
13900
14200
-500
200
14200
13900
14300
13600
13500
14400
13600
13600
13300
13900
14600
15900
14500
14500
14300
14500
14200
300
14900
3600
15500
13500
15000
13700
13200
15400
13800
400
14300
400
1500
14400
14000
13700
13600
14900
13600
14500
14900
0
14100
13400
13700
13900
14500
13700
15500
14000
13900
200
14100
14700
14200
13500
14200
14500
14600
12800
15400
13700
13200
13500
14400
14400
100
2000
14700
14100
13900
-500
14300
14100
13500
13900
13000
14100
14400
13500
14200
800
1800
14000
14300
14100
15000
14600
13800
0
14700
14000
14200
14900
14600
14100
14900
13800
14700
15200
13800
15800
13900
15600
14300
14800
14200
-300
14300
14000
15100
15100
13400
13700
14900
14300
13100
14200
14300
13800
14600
14800
13800
14500
13300
15000
13600
6200
13900
700
14900
13500
14000
200
14300
14100
14500
14900
13600
16400
14100
14700
-500
13300
13900
13600
14400
13100
14600
14400
14000
13500
13500
14000
13200
14200
14100
13800
14000
14300
100
14900
13800
14000
13500
13500
13900
14000
13700
13700
14000
13500
14100
2100
500
14000
13600
13300
-200
13800
13500
15400
2600
13900
14100
14500
13800
13700
13000
15700
13900
14400
14200
14700
800
14700
14300
0
13400
13700
100
14100
14000
13600
13700
13800
14300
14400
14300
13500
15800
14100
15700
13300
13700
14500
12900
14700
15000
16400
14700
14500
14700
14100
14300
14000
15000
14600
13800
14500
13500
14200
3900
15000
13900
15300
14800
15400
14400
800
15700
14200
13500
14300
14500
14600
14100
13900
14200
14600
-500
13500
14200
13800
14300
13900
14300
13400
0
14200
1200
13500
14200
100
13700
13900
13200
800
14300
14000
13500
15000
15200
13500
200
13600
14400
14800
14700
14000
14100
13400
2000
14800
14700
13800
-400
12800
1200
14600
100
-500
2700
14600
-100
14300
14900
13400
14300
14900
13800
100
-500
13900
13400
-400
14100
13500
-500
13200
14700
14300
14200
14400
13100
14900
2600
13500
3100
300
1800
13900
200
14100
14100
14500
1600
14200
14700
13900
13300
400
13600
14100
14600
100
14400
15100
13400
14500
13600
2400
13300
13800
13400
14900
14000
-400
14400
14600
13700
-100
15400
14200
13700
13500
14400
14300
14400
15400
600
14500
14200
14500
-500
13600
3200
14000
1500
14100
13900
13900
15800
14400
-400
14200
14100
14400
1600
14500
13700
14400
14300
14300
14100
13500
14000
14500
14700
14100
13800
13800
3300
13600
400
13800
-100
15100
13900
15800
14400
14000
-200
14000
1700
-500
14600
14600
15400
-500
13800
1700
14100
15000
14000
14300
-400
13800
1700
14400
13400
13900
13400
14700
14400
14200
14800
13700
100
13800
14400
14600
14400
-400
13600
14700
13900
14000
13200
14000
14400
13700
14000
14500
14700
13200
13400
14100
13800
-100
14500
15400
14600
12900
14500
13700
-300
600
-500
14900
2800
14500
13400
13400
13600
14700
15200
15700
2700
14800
500
14200
14100
1300
0
100
14300
13700
13300
13400
14200
13800
13100
14900
15100
14300
14100
14600
1400
13600
100
13100
13700
13600
13800
14300
14300
100
13700
14600
14900
1200
14500
14300
13400
15300
400
13500
14200
15000
0
14900
0
14400
0
13500
14100
-100
14100
14100
13900
15000
14500
500
13400
200
13600
15500
-300
14600
14000
-300
2600
14100
14300
14500
5800
13600
14600
13300
14200
13800
13300
13500
2500
13900
2900
13200
13800
15000
-300
1000
13700
13400
13900
15200
-500
300
14300
13500
7000
13400
15100
14200
13500
14400
13900
13300
700
13800
15400
15000
14400
14200
13600
14300
-400
13600
14900
14000
12600
14100
0
15700
1400
14500
13600
13800
13700
14400
13800
14500
13900
13800
14300
14200
14100
14000
14100
13000
13200
15100
13700
500
14400
600
15300
15000
13800
13300
-500
13500
14100
13700
14200
14000
14400
14100
13700
400
14300
14700
300
600
1700
14600
13400
15000
14800
13800
13800
14800
14900
13900
13400
13700
13900
13900
14000
13900
300
15300
13700
100
14500
13700
15400
14900
13900
14100
13900
14700
13600
13800
2300
14500
14000
13600
14400
13500
14400
-500
300
2000
14600
1400
15400
14400
-400
14200
-400
9500
14000
15800
4300
13900
13800
14400
13300
600
14600
-400
13200
15400
14600
100
14000
500
600
14900
15200
-500
0
2500
14900
13900
900
15100
14500
14600
300
14100
100
13700
14200
14000
13500
14000
0
0
13700
14200
14500
400
14400
14200
14100
13900
13100
14000
13600
14100
14300
13900
13900
-300
13900
4300
14100
15200
13700
14100
14500
14400
14200
13800
14300
15000
14600
1000
13900
14400
14500
2900
13600
13900
14100
14000
13400
13400
200
13100
14500
14600
14000
13300
13700
14700
14100
14100
2000
600
13100
14200
14700
13400
14200
14400
14500
14300
-400
14400
14200
14200
13300
13700
14100
13500
14600
200
400
14900
15000
14100
4300
13500
14600
800
-500
14300
14500
15100
0
200
13500
900
-100
13800
13700
14200
14200
13000
14500
14500
-300
13800
15400
14000
13200
13500
13800
200
-200
-400
1300
13600
13600
14600
400
15600
13800
-400
-400
14700
14200
14000
-100
800
14300
14400
13600
14100
700
14300
-100
14300
14000
13400
14100
14200
0
13400
16400
13800
15200
14300
14700
-200
14600
14600
14300
14100
14300
1000
13500
-500
14100
15700
14300
400
100
13800
1100
0
13900
13800
14300
14600
500
4200
13600
14600
14800
300
1300
15200
14400
14300
14800
12900
14600
15000
14400
13800
800
200
1100
14800
13500
-500
10400
15700
13900
15500
4800
14700
14600
14600
14500
400
1000
14500
14200
14000
13300
14200
14500
14000
-300
13500
13300
15200
14200
14500
15200
1500
