0
2183.403500000002
2101.1085000000016
2175.180999999998
2170.4379999999965
2095.368500000002
2139.6359999999995
2133.071000000002
2074.2589999999987
2062.1959999999995
2095.7569999999987
2211.6189999999983
1092.106000000001
2215.0315
2202.3774999999996
2172.273499999999
2165.4820000000022
2344.9154999999982
2239.0790000000006
140.3325
2074.7929999999988
2326.507499999998
607.7210000000007
2161.012999999999
2156.3169999999996
1694.3825000000004
2199.4815000000035
2328.8810000000008
2215.476
2202.9869999999987
2134.046999999998
2093.325000000003
2159.5104999999962
2065.181999999999
2106.790500000001
2225.567500000003
2243.424499999998
2285.4709999999995
2295.5604999999996
2182.2235000000037
2238.4065
2116.0119999999984
300.2800000000001
2181.1340000000005
2157.700499999999
2224.123500000002
2166.8875000000007
2182.0130000000013
1951.5014999999983
2126.9985000000015
1916.2960000000007
2355.9255000000003
2281.7335000000007
1049.883
2181.1785
2308.0830000000037
2262.689500000001
2264.937000000001
2328.866000000003
2264.759499999998
2187.2565000000027
2367.513000000001
920.8124999999994
1686.897500000001
2316.8315000000007
2223.0025
2222.0354999999945
2113.8569999999995
2264.987999999999
2269.7815000000014
2221.621500000003
2419.031
2322.2545000000023
2165.810500000001
966.3260000000009
2367.1885
1456.5275000000013
2310.7704999999996
2183.1074999999983
2349.057999999998
2210.352
405.80749999999995
2224.7175000000034
2269.114999999994
2389.9964999999997
2217.5370000000003
2394.8054999999995
2273.4109999999987
2310.711000000003
2217.9994999999994
2241.365499999998
2192.8955000000037
2146.181499999997
2249.5459999999944
2247.6200000000026
2216.4704999999985
2202.905999999999
482.7024999999999
2324.6970000000024
2352.4925
2263.7049999999995
2305.2335000000016
2210.5830000000037
2396.3660000000004
2240.2464999999997
2188.3634999999967
2318.1354999999994
2364.364000000001
2365.109500000001
2178.1580000000017
2114.5025000000014
2246.431999999999
2165.962500000001
2156.955999999999
2135.5480000000002
2198.8375
503.9585
2121.6229999999996
2245.1964999999987
2307.8449999999984
2179.909499999997
2247.8200000000006
2152.908499999998
2194.6225000000004
2139.311499999998
2175.0930000000003
2125.5064999999986
235.84050000000005
2241.0154999999995
2224.131500000001
2119.2020000000016
359.54250000000013
2256.2110000000007
2142.114000000001
1094.890999999999
2015.422499999996
2211.980999999998
1210.979999999999
2321.2770000000028
2178.261999999999
2250.8309999999988
2162.0865000000013
2231.8225000000007
2241.7970000000028
2236.390500000002
2265.1654999999996
1575.0565000000008
2238.9350000000045
2312.6940000000027
2241.939500000001
2202.3925000000013
2371.894500000001
2250.9195000000022
1129.9459999999995
2287.804999999999
2160.0955
2255.037999999999
216.88350000000003
2273.1825000000013
2291.0469999999996
405.93699999999967
2231.2494999999994
2388.884000000002
2199.4225000000038
2148.5179999999973
2255.3979999999974
2299.7215000000015
2353.147999999997
2314.4815000000026
2365.537499999997
2230.8644999999983
134.228
2223.5570000000002
2266.5654999999983
2323.031
2355.7500000000045
2272.0230000000015
2273.202000000004
2339.879500000002
143.5875
2401.7755000000025
2248.667499999999
582.6214999999999
2270.1719999999955
2185.576499999999
2332.0055000000016
2291.1639999999984
2191.2034999999987
409.5545000000001
2211.989999999999
2225.492000000001
2255.5020000000027
2268.506500000003
2337.132000000002
2130.1000000000004
2251.1634999999956
2269.190999999999
2258.4109999999987
2198.7664999999993
2277.210499999997
2219.4145000000026
426.6019999999997
2152.3854999999994
2199.5235000000007
2259.1755000000026
2199.392499999999
2222.0354999999995
385.836
2218.0954999999985
2180.3735
2204.051499999999
1003.8720000000003
2251.764000000004
2256.7050000000027
144.4935
2216.386000000006
2231.6909999999993
2186.2104999999992
2231.1929999999984
2281.871000000002
2224.3665000000024
2229.0394999999985
2211.2660000000033
2265.849499999998
2171.2490000000003
2298.2995
2205.892999999999
2296.2910000000015
2266.4340000000034
2285.646499999997
2191.802000000002
2274.3755000000033
2303.998000000001
2144.4805
2139.1249999999986
2215.333500000001
2064.584500000001
2298.6469999999963
2170.723999999999
2085.235999999998
2160.202000000002
2187.9670000000006
2142.001500000004
2347.9580000000033
2212.1319999999996
2213.0969999999998
2259.543500000001
2316.908999999999
2247.567499999997
2224.975499999998
2257.5685000000003
2304.6290000000017
2202.092
2332.369500000002
2388.861999999997
2510.8179999999998
2392.2660000000005
2127.8785000000007
2329.0320000000006
2386.872
2319.9495000000015
2245.049500000003
2271.5284999999994
2345.9915000000005
2323.985000000001
251.14000000000001
2194.7185
2303.545499999998
2341.215499999997
2185.7745000000014
2260.369000000001
2382.3975000000023
2248.299999999999
2405.365499999998
351.5414999999999
2351.319500000002
72.792
2239.9400000000005
747.5589999999999
2282.435500000004
2204.1814999999997
1074.1360000000002
2236.891500000001
2307.1104999999984
2339.7909999999974
2453.870499999998
2282.377500000002
2245.3905
2243.145999999999
2414.154500000002
182.3025
2354.602
2393.6445000000017
2225.4279999999994
2297.6305000000016
954.6714999999999
2265.441499999998
2344.6599999999994
1284.9534999999996
2460.3424999999975
2200.755500000004
2333.515499999999
2383.0539999999983
2223.8524999999986
2233.906499999999
2110.419499999999
2293.592499999997
625.6250000000001
1799.5645000000004
2247.1764999999996
2185.488999999997
2213.916500000005
2208.108
2296.196999999999
2232.229499999998
2158.245499999997
2207.2815
2261.6784999999977
2201.334499999999
2398.6780000000012
2262.498000000001
2266.9555000000014
2253.920499999999
2266.5855000000024
2270.229
2313.108
1910.340999999997
2332.033
2200.020500000002
2154.4815000000026
2213.796000000001
110.68050000000001
1660.635000000001
1123.608500000001
735.9855000000006
2299.1850000000004
2310.3014999999987
2308.938
2445.2719999999963
184.882
2268.904999999999
2221.9444999999987
214.66250000000002
2238.0750000000016
2184.228
2233.6520000000023
2282.719000000003
518.3224999999998
2149.1720000000005
2236.0604999999973
2085.3495
2224.8919999999985
2209.7520000000018
2126.768000000006
2189.2180000000003
2237.3875
1971.270999999999
2286.2840000000015
2150.2305
2260.294499999998
2253.157500000001
2260.3465000000033
2297.811500000001
2203.123999999999
2291.4999999999995
2164.620500000001
156.25600000000006
2203.636999999998
2155.6504999999975
713.5324999999997
2196.528499999997
2449.2270000000008
2243.805999999999
2313.466500000003
2198.6624999999976
2260.384500000001
2232.8405
2202.7585000000004
2333.4805000000006
2256.417500000001
2277.7355
2331.885500000004
2320.0425000000037
2357.7485000000033
2390.8334999999984
2298.4004999999956
2195.378000000001
2265.877499999998
2287.662000000001
2248.2884999999997
2343.803499999998
2196.5985000000023
2208.1255000000015
423.89400000000006
88.66549999999998
877.1510000000007
2296.608000000002
2163.536500000001
2462.756999999998
2212.266500000001
2196.0175000000013
338.73350000000005
2329.631500000004
2272.0710000000013
484.8140000000005
2238.2785000000003
2298.268500000001
2356.370000000002
2346.285500000001
2205.7770000000005
2188.7559999999976
2219.415000000001
1574.9175
2200.6715000000013
2195.1979999999976
2305.4960000000005
2309.2530000000006
2193.285000000003
2226.9209999999975
2227.5595000000003
2190.7434999999987
2261.127999999999
2256.9189999999994
2217.720999999997
2335.2770000000028
2321.275499999999
2293.7079999999996
2246.963
1335.3685000000012
2302.2389999999987
2309.1504999999984
2317.0930000000017
2284.1899999999964
2308.5375000000017
2325.6560000000018
2342.2719999999986
2365.2030000000013
654.6625
2250.009999999998
2243.8215000000027
2259.690500000002
2301.6944999999964
2310.811000000001
2145.296
2258.7679999999987
2214.0965000000015
144.8980000000001
2216.794999999998
2294.498500000001
2180.8215000000005
2221.2330000000015
2257.7135000000017
2221.2569999999996
2137.292000000001
2238.801
2119.271
2202.4555000000005
2168.375000000002
2232.5599999999954
2260.9165000000003
1428.3625000000009
2252.7459999999965
2268.9630000000043
2219.714499999996
2205.5340000000006
2284.4235000000003
2248.777999999998
2189.942
2296.795999999997
2225.6434999999988
2141.0370000000025
2320.3564999999967
2221.003
2205.213000000001
2239.2314999999962
2417.9015000000027
2280.610000000002
2132.4064999999955
2133.6684999999975
2312.817999999999
2194.369999999997
2284.7535
2297.8935000000006
2322.6769999999974
2186.158999999998
2199.6894999999995
2280.979500000002
2377.493500000001
2303.250000000004
86.30699999999997
2182.269499999999
2267.5859999999984
2265.3700000000017
2271.7275000000022
2224.0214999999994
2394.827
2215.5304999999967
2379.4669999999983
2286.1860000000006
383.62750000000005
2407.124999999997
2203.0750000000007
2322.7639999999983
2310.3220000000006
381.41899999999964
2294.061000000002
1825.0425000000007
2324.5505000000035
2331.4309999999987
2271.558000000001
2377.0419999999986
2416.758499999998
2274.099499999995
2290.8144999999986
2269.557
2544.1820000000066
2254.9775000000004
2479.3985000000016
2335.329500000001
2366.632500000002
2430.479499999999
2545.9679999999985
2346.979000000003
2297.5604999999987
2476.0035
2447.0629999999996
2334.218
2385.8829999999994
579.3440000000003
2407.2715
2439.1004999999996
587.8539999999997
2552.537000000001
2378.536499999999
629.6750000000001
2548.9599999999996
2457.341
2259.2899999999972
729.4894999999991
2416.3505
352.5645
2306.3315000000002
2309.7939999999994
1884.7940000000015
2179.901499999999
2431.709500000001
2510.426999999997
2393.9790000000035
2326.779500000001
2353.7305000000006
2448.2935000000025
2399.7150000000047
2181.6660000000015
38.8835
2385.7065
2275.2545000000023
2315.1345000000024
703.3549999999998
2417.5410000000024
573.2179999999998
121.73250000000002
2421.737000000004
538.1730000000002
2471.865999999998
2236.0485000000003
1804.8474999999996
2432.3259999999996
2331.1580000000026
1678.9674999999988
2295.2155000000007
1691.0809999999992
1635.7174999999993
824.4435000000001
852.8625000000011
2559.0575000000026
666.8565000000001
990.0705
2480.6805000000018
1542.3820000000012
2506.921499999998
239.341
157.82900000000004
2361.912500000003
2002.3865000000021
2514.6770000000047
2537.8125000000023
515.173
2462.927
2393.7549999999983
2331.465500000002
1736.1364999999996
263.39650000000006
230.25500000000005
2269.0165000000006
1109.8515000000007
2316.1550000000043
2316.169499999999
2242.0475000000015
2479.966999999999
2393.7875
2519.4805
2271.4345000000008
122.3825
133.9835
2250.037999999999
2299.6139999999978
674.7600000000001
2370.068999999994
955.744
2431.1160000000013
867.2060000000005
276.1365
2261.7049999999963
2366.0290000000005
2404.6949999999993
2377.6884999999993
2346.9035000000013
112.93499999999999
1032.0304999999996
2310.9004999999993
2398.253999999996
2213.5435
89.586
2280.7645
87.546
2263.6525
2388.570499999998
2499.2980000000002
2297.196500000002
2290.2764999999986
2449.4029999999952
2362.3970000000018
2395.352499999998
2314.879000000001
2302.714000000003
2431.176499999996
2601.208499999998
2379.4595000000004
2545.234499999999
2579.3635000000013
2473.213000000001
2510.527000000005
2371.929
2429.8969999999977
1974.9440000000002
2395.3329999999996
2209.205999999997
2390.076000000002
2322.2365000000027
2365.9510000000028
1738.1015000000027
2250.1080000000006
1460.8165000000004
2296.2844999999966
2455.335999999998
2301.4229999999984
2393.3095000000008
2373.7900000000013
2319.201500000001
2301.384499999999
2679.3710000000037
523.071
2435.011499999999
2333.3805000000016
2537.2059999999997
2320.965500000002
2376.9245000000024
2290.5580000000014
2464.7630000000026
2378.027000000006
113.54250000000002
2317.0640000000017
2358.927999999998
1980.7134999999978
1659.1690000000037
2246.808999999997
2574.043999999997
1698.327000000001
2335.9480000000035
2488.6509999999967
2432.231499999999
2349.6174999999985
1249.8980000000001
2465.6445000000017
2308.525499999997
1026.3830000000007
2450.192000000003
719.7170000000006
1801.2434999999975
1630.8054999999977
1376.1675
2504.844999999998
2668.829499999998
2335.8324999999973
2399.455000000004
2469.2029999999986
1496.2579999999994
2432.953500000001
2452.981500000001
634.5670000000005
2285.448999999999
2482.8479999999986
2428.1355
2351.9220000000023
2219.712499999999
2337.3595
2196.981999999998
2411.1705
1285.1765000000007
2312.558999999999
2239.2504999999996
2212.1574999999975
2175.849999999999
98.4215
2352.6690000000003
2240.7985000000035
2237.9855000000007
2299.189499999999
2210.7315000000012
1574.8449999999998
2215.7735000000016
2434.186999999999
2087.565500000002
2216.123
131.5695
2313.256
2306.878999999998
110.95249999999999
2413.862499999996
221.06300000000013
2366.626000000001
2278.586499999998
2325.206500000002
577.9279999999999
2390.642000000002
160.91450000000006
2465.609
2535.5209999999975
2279.178
2372.530500000001
2285.7640000000015
1843.9179999999992
2476.9975
2357.454499999998
2485.982999999998
2471.8859999999977
832.0245000000002
2387.270000000005
2349.0620000000004
1619.2275000000006
774.0635000000002
2355.5395000000017
1846.0469999999998
2327.3344999999968
1378.4625
1213.781500000001
126.14550000000004
147.37300000000005
2265.6764999999996
2401.733000000003
2255.088500000001
2407.5740000000023
2507.3655000000035
481.58100000000024
2371.447499999998
2378.8879999999986
65.804
2374.563
2371.115000000001
2583.7715000000007
2382.6764999999987
2316.343999999999
2338.4974999999986
447.0570000000003
344.2230000000002
2651.575500000002
2425.2615000000033
2300.7320000000004
2352.3824999999965
2237.490000000001
317.0544999999998
739.8235000000001
2050.189999999998
2381.8620000000037
2289.573499999998
2344.4605000000033
2247.034999999999
2384.6315000000013
2306.5779999999995
2210.647500000001
2357.4845
2335.111499999998
2356.1425
2326.439499999997
2458.7205000000013
522.3865000000002
2054.0735
2525.3785000000044
2570.3864999999987
2426.950999999999
2564.2030000000013
2430.4739999999997
2516.125500000001
2371.902
2478.7635
2312.304000000002
2507.7889999999993
2378.9135000000015
2354.9835
701.6299999999993
59.80850000000001
2464.283500000001
2564.273
2451.5509999999995
2382.4560000000015
2284.757
1195.6759999999997
859.5700000000004
610.5020000000003
98.32750000000003
2367.3655000000012
53.3545
991.3620000000009
1682.9055000000005
2374.6889999999994
1599.074500000001
2444.850499999998
1117.6200000000001
87.143
2429.0240000000017
2558.9435000000035
1726.886
2481.945500000003
1032.1280000000008
2444.3700000000013
2437.5334999999986
166.94050000000004
2494.6655
2449.7160000000013
2460.7820000000015
2523.8674999999994
1074.3189999999993
2402.679499999999
2413.736500000002
1281.539000000001
2463.1290000000035
1998.8604999999995
487.3194999999997
2477.7155000000016
2493.623500000003
2446.2535000000003
2251.821499999999
2492.5239999999985
808.8000000000004
2363.784500000002
2433.4604999999997
2301.9490000000055
2345.722999999998
2300.6304999999966
2298.8804999999998
1836.161
1681.0309999999984
2443.162500000001
2368.7470000000026
2064.2985
2393.8974999999996
2518.498999999999
1226.3629999999998
1709.8704999999995
2385.279499999999
2327.2100000000005
2383.221000000003
2378.0050000000024
2399.221500000001
2256.1835000000015
2390.883499999997
2541.9594999999977
2199.511000000001
2487.223000000004
2465.8290000000025
346.98549999999966
2249.922499999999
2464.5065000000004
2565.2910000000015
2409.172500000001
1205.5294999999996
379.38800000000015
2439.471499999998
1303.4070000000004
568.0945000000004
2476.5920000000033
1873.9655000000018
2460.7720000000036
128.021
2422.9930000000004
2663.2325000000014
2509.7234999999996
2524.2365000000045
2675.254000000002
2325.7259999999956
2288.1244999999954
2549.956500000001
2350.533
125.24500000000005
2266.374500000002
2408.7834999999986
2393.5950000000007
302.06349999999986
1328.9810000000004
2281.224000000001
2204.5320000000015
2174.4434999999994
2432.3680000000013
2311.901999999998
2434.8629999999994
288.4615000000001
122.46049999999998
2308.0450000000033
2488.394999999999
2420.2094999999995
2573.9135000000024
104.18250000000002
227.76650000000006
579.4754999999996
325.75300000000016
2436.826000000002
2428.0795000000003
395.4934999999999
2351.080499999998
2301.4280000000017
2393.185500000001
2558.0764999999983
602.8525
2439.8949999999995
2431.4275000000052
2380.332500000002
61.36050000000001
2358.922000000001
2430.409999999999
2378.0235000000007
2326.2260000000006
2420.004500000001
2237.808999999999
2394.9255
235.37799999999996
80.0875
2440.6965000000027
2488.7039999999974
2324.3800000000006
207.06049999999996
2342.522000000005
2316.2355
2304.2149999999992
2277.3585000000007
828.5805
2452.6150000000016
2376.013999999996
2259.7945
2376.077499999997
2302.2600000000025
2346.507500000002
2529.991499999998
125.70349999999998
2346.6820000000016
2322.874500000001
2309.5279999999966
1907.7910000000006
279.0764999999999
2293.764000000001
2494.8375000000005
130.118
2426.591000000002
2495.2614999999996
2487.7625000000003
2308.043500000002
1773.1585000000011
81.3105
2219.044999999999
568.035
2301.705000000002
2269.646000000001
864.0434999999993
2253.4905000000053
2493.2140000000013
2256.4880000000003
2560.862499999999
2475.3290000000025
2381.276500000001
2471.561500000006
591.2180000000004
2459.1675000000023
323.8920000000001
2262.790000000003
2251.322500000001
2258.7405000000017
2366.138499999998
58.03349999999999
2267.9310000000014
62.3535
2658.5215000000017
1211.679000000001
2360.971500000001
2276.515000000004
2348.1849999999963
2264.178499999998
2326.2824999999975
2262.0395000000008
2271.243000000001
2245.406499999996
2344.7699999999995
2235.8299999999995
2556.662000000001
2583.7194999999992
790.0630000000003
1208.427
2285.4850000000033
2437.7304999999965
1247.8000000000015
2353.609499999999
2248.229499999998
2446.9134999999987
2407.7194999999983
2358.1890000000003
2329.4085000000014
2378.8595
1110.5719999999994
2320.1684999999998
2387.1365000000033
2413.638000000002
2380.797499999998
2452.0574999999985
264.47150000000016
1330.1419999999996
58.23950000000001
1214.1450000000007
2312.432000000003
2424.538500000001
1447.1625
2386.246999999999
2214.458500000002
2289.8195000000014
2276.2724999999996
2333.258
154.99050000000003
2390.4829999999997
400.46050000000014
2267.9270000000024
2326.8385000000017
1094.136999999999
2322.7615000000005
2376.391
2350.9834999999944
80.00099999999998
2280.256500000003
2285.431000000002
42.5145
324.80850000000004
804.2124999999997
2336.0549999999985
2275.4405000000006
1322.3040000000003
65.92249999999999
94.696
2352.277499999997
2581.380499999999
1080.362000000001
2343.5170000000035
2357.418499999997
577.6989999999998
2356.792
2501.778999999997
2867.4979999999987
2523.2379999999985
1782.1914999999988
2354.4545
2367.6790000000005
2449.813499999995
60.3455
69.04450000000001
2483.744500000001
2276.3125000000014
2403.371000000003
1522.6245000000004
2581.7825000000003
2314.859500000001
2491.592499999997
323.6029999999997
60.37500000000001
1702.1274999999994
2367.8724999999954
2437.6974999999993
2384.6805000000018
2387.984999999999
135.16699999999997
2501.9979999999987
109.99600000000001
1369.8169999999996
2507.0099999999993
2514.266499999999
2653.8039999999996
2307.3565000000012
171.0435
2291.8855000000012
2471.2725000000023
2695.2444999999975
1775.888500000001
142.2975
1600.6164999999971
227.30250000000007
1939.149499999999
58.483500000000014
2284.8930000000023
2514.519000000001
2441.497999999997
533.8774999999999
2336.051
2438.599999999998
2467.9379999999996
842.2674999999998
2379.679999999998
1756.2815000000012
943.7810000000002
423.4155
1465.9230000000002
900.7755000000006
324.79549999999995
2522.897
2657.747500000001
893.0655000000008
1060.5200000000004
347.90799999999996
2630.4639999999954
1351.6200000000001
1208.0399999999995
1030.8595000000003
1263.1540000000007
711.4279999999999
632.5364999999999
144.196
2643.1184999999996
2523.814500000004
2206.612499999998
2509.0540000000024
2313.3455000000017
666.0029999999997
2442.9314999999983
156.99149999999997
330.262
2377.533500000002
2555.7050000000013
2466.235500000005
2392.3155000000006
2430.564499999999
2404.5359999999964
2235.229999999998
2165.338
2291.9525000000003
2540.135000000003
2440.8089999999966
2519.9979999999987
2341.717000000003
2355.1274999999996
2419.043500000003
2383.119500000001
2354.1395000000025
2442.1044999999995
1856.2299999999984
2458.7960000000035
2478.2155000000034
2280.3455000000026
1376.9029999999984
1492.1494999999989
353.0205
158.90499999999997
2604.467000000003
310.14649999999983
2312.673
1870.2425000000005
72.84600000000002
2393.3390000000018
1366.1220000000003
306.231
2518.1180000000018
569.3109999999997
2425.164500000002
168.9325000000001
526.7904999999998
2374.1660000000006
2559.008500000002
1739.8239999999973
2335.7300000000014
637.1535000000001
2364.5965000000037
2266.8125000000005
2220.877499999998
2301.5214999999985
2314.0670000000036
2342.894500000002
2401.8695000000002
2237.488999999999
2374.819999999999
2428.044500000001
245.72850000000003
2333.9439999999986
2382.516000000001
52.913000000000004
315.3180000000001
120.65950000000002
2275.760500000001
595.8985000000004
2487.6460000000006
2357.502999999999
2152.567
2398.945000000003
2473.412
2075.913999999998
2383.610500000007
2156.1609999999996
136.91499999999996
2479.719500000001
2318.4150000000004
2482.947500000001
1711.5045000000018
650.8019999999997
738.0759999999999
2367.3954999999974
2007.4274999999993
70.78699999999999
1109.8404999999996
2386.4510000000014
177.1235
795.8275000000004
837.9814999999998
807.7930000000005
2483.1585000000005
478.00650000000013
227.65850000000006
2469.4594999999954
2605.0455000000006
76.327
2449.7665000000006
1118.768999999999
464.4975000000002
676.8029999999998
2136.264499999998
2272.4149999999986
2349.272500000002
1249.3859999999995
405.1715
104.0055
1900.8534999999986
1941.5754999999992
2614.2749999999996
1210.6184999999996
1700.6764999999975
2675.5139999999956
2461.5570000000052
2347.8534999999983
2324.246499999999
144.18049999999997
372.8340000000001
1979.7135000000012
2440.5409999999997
2291.6460000000015
2338.0520000000056
2320.8399999999974
515.7165
2567.3085
1617.6764999999991
2496.2815
550.5599999999998
579.2225
2012.8224999999984
2589.3020000000015
2490.8015
898.3225000000001
1421.950000000001
1586.907999999998
852.1129999999996
2571.694500000004
1907.2324999999998
58.10650000000001
2590.221999999999
537.2075000000001
38.55450000000001
1194.9995
2421.221999999998
100.81500000000001
2490.498499999998
2568.0429999999997
2632.7140000000013
1707.1535000000003
561.6035000000002
2445.1839999999997
915.4440000000001
1735.7585000000001
118.1205
2448.1804999999977
2569.875000000002
2640.245500000001
2457.0704999999984
2595.084499999998
2607.295000000002
2491.7549999999974
828.1300000000001
2398.1415000000015
89.36650000000002
1808.3765
2534.7375000000006
452.0160000000004
1481.9575000000016
2144.3849999999993
2576.164000000002
522.061
2493.9609999999984
1311.3150000000005
2026.736499999998
2554.558999999996
2572.760000000001
122.95349999999999
2457.4254999999994
2584.5425000000014
2526.040499999995
130.99699999999999
2552.4859999999976
57.10800000000001
1988.358500000001
2507.9735
463.5295000000001
2498.6064999999985
235.568
690.2514999999999
1680.5100000000002
2563.9474999999975
2596.8329999999983
128.36650000000003
2484.9490000000023
1911.9245000000017
932.4214999999998
531.9145
2660.351500000004
1502.898499999999
462.504
2547.5234999999952
135.25
1047.6005000000007
1613.3445000000017
2470.0079999999994
2599.847499999996
2664.7325
1391.228000000001
903.4729999999995
2565.4525
2411.153000000001
2023.1144999999997
96.3875
743.4240000000002
2572.0169999999976
714.1590000000004
2509.0880000000034
2560.097999999998
2449.6155000000017
2491.9219999999987
2511.6799999999985
2526.318
584.0389999999995
1025.0324999999991
627.8544999999999
2418.8560000000025
2363.4120000000025
2531.595000000002
2582.1220000000017
2536.0069999999987
2496.0350000000003
530.1865000000004
682.3779999999998
1563.958500000001
2529.5445000000027
2405.432999999999
128.55399999999997
796.5994999999996
2605.903499999999
2638.8625
2594.3099999999986
2338.2599999999998
1336.528
2167.3854999999994
246.13799999999995
271.0945000000001
616.8639999999997
57.405999999999985
1163.340999999999
291.6435
264.98900000000015
2479.983999999998
489.83499999999964
1187.3605000000005
367.5639999999999
327.4269999999999
2543.4825
2805.4755000000023
2375.1360000000004
2817.280999999995
2590.852
1190.4234999999992
2479.1214999999984
1724.9860000000008
260.5470000000001
2551.5845000000004
282.68350000000015
720.9205000000004
1703.836500000002
1840.1480000000013
1463.553500000002
486.4195
1612.7964999999992
2452.993500000001
256.9920000000001
1176.3244999999995
176.43300000000002
2574.9070000000015
758.7935000000001
1216.4535000000005
968.4365
2441.9800000000027
2536.5655000000024
2582.9085000000027
2531.250999999999
2505.6165000000037
2488.5090000000027
1101.831
2437.5885000000003
1152.7374999999995
538.2625000000002
2559.5370000000007
495.34500000000014
2442.810000000001
914.1225000000004
2523.9269999999983
228.89649999999997
147.16799999999998
137.311
1674.7664999999981
192.0815000000001
2545.7990000000023
913.81
535.5720000000001
1355.0290000000002
1415.6570000000002
511.0150000000002
2003.132000000001
2795.8250000000016
2408.538499999998
2549.8145000000027
1830.0805000000005
337.1920000000001
219.82700000000006
647.1485
123.162
97.97850000000001
884.4825000000003
1164.968500000002
2574.0060000000044
1091.1005000000002
2417.163500000001
239.26
1544.303
634.0845000000004
2556.1474999999996
2440.394
2324.817499999998
2389.8814999999986
2516.6930000000007
2516.5955
206.13850000000005
2150.7560000000017
124.35099999999998
958.302
786.5414999999997
2477.191499999997
2509.4404999999997
169.34849999999997
2531.9790000000016
2258.048999999998
2297.9489999999987
778.6495000000007
2478.575
1814.7905000000017
155.38000000000008
2593.5704999999994
2570.9890000000014
2405.9135
2581.6564999999982
2471.8305000000014
567.2304999999999
566.1194999999998
1168.3130000000006
821.7005
208.6120000000001
432.3144999999999
551.5685000000003
294.3960000000001
56.638000000000005
404.008
2573.9735
2493.3105000000005
103.55950000000003
1913.8954999999983
186.51450000000006
2521.693499999998
2516.266499999996
979.9045
700.8005
2690.1700000000037
2254.601499999998
2347.747499999999
2959.7470000000026
2717.6609999999973
2617.084
1333.3864999999992
2794.725500000004
2517.2825000000016
1725.8175
447.5524999999998
381.39399999999983
2375.507
368.97050000000013
2368.379
2453.0655000000042
402.4435000000001
280.2335000000001
2323.4990000000016
1393.5155000000007
2575.699499999997
486.3914999999999
2285.1879999999996
2331.7270000000026
2384.1669999999986
2389.126499999997
2548.2025000000012
636.7460000000003
2478.8724999999995
2486.7705000000024
2486.0339999999997
1079.3445000000004
2589.3590000000045
2371.1114999999986
2444.7645000000007
2406.0059999999985
2089.220000000001
1250.749
1472.5170000000012
2148.2685
135.12700000000007
2786.206999999999
199.4035
2560.5480000000034
1597.759
1593.2825000000016
1410.0025000000016
2641.9655
2670.581499999999
1494.1774999999998
1577.6784999999986
405.87550000000016
283.85699999999986
839.2259999999997
271.70949999999993
2638.937999999997
2027.8145000000018
45.58700000000001
1555.8515000000004
1910.8435000000025
1984.7404999999994
113.29650000000005
783.5370000000007
39.249
263.03950000000003
363.47699999999975
169.26050000000004
221.1380000000001
194.441
2338.4574999999977
130.583
780.9720000000008
303.04
972.7875000000001
593.2709999999997
155.587
524.2960000000002
388.518
2122.8694999999993
444.5440000000003
737.5794999999994
2330.3749999999977
1513.4585000000013
187.7645
1810.3974999999994
1581.491999999998
405.2695
19.593
2472.9470000000033
1105.598
327.69750000000005
333.058
296.81750000000005
2658.920500000005
480.98000000000013
2547.7454999999995
303.42850000000016
1933.8379999999981
1245.8700000000006
788.4065
249.33150000000003
64.2455
2456.5644999999995
510.13199999999983
2547.7024999999967
1518.5855000000017
1251.361999999999
2017.8484999999998
2499.2145000000005
243.15800000000004
1636.3460000000007
2107.4320000000016
899.2560000000003
1591.0934999999995
1194.046
68.84150000000001
1889.5279999999987
1812.8450000000005
1307.5844999999988
100.12900000000003
2473.4734999999996
2157.7775000000015
1341.9355
1128.3590000000008
264.8150000000001
342.20999999999975
1578.4259999999983
2404.9619999999977
2615.783000000001
263.24200000000013
1009.1895000000002
240.6885000000001
106.57949999999997
2015.94
403.61949999999996
488.13399999999996
557.4224999999998
2036.8455000000038
318.92950000000013
49.971999999999994
318.1405
351.8215
1987.724999999999
191.85
542.3389999999999
2142.5500000000015
738.2150000000004
1235.9625000000005
1774.4089999999999
153.81449999999995
2179.2715000000017
207.28350000000006
115.44749999999996
289.34250000000003
1158.8780000000004
1366.9724999999992
1277.1185000000005
674.2025000000003
2091.281999999999
127.56099999999998
356.4795
1888.1775000000007
1665.4385
752.9724999999997
274.6490000000001
1231.3510000000003
302.0490000000001
582.2560000000003
2255.8279999999977
974.6314999999998
2615.9844999999937
2956.161999999998
707.3320000000001
589.5224999999997
724.6679999999996
1630.4379999999994
1858.7989999999993
63.95149999999998
77.31700000000001
2556.6624999999954
281.21300000000014
743.6635000000001
1445.706999999999
1157.1275
412.9650000000002
2380.7875000000045
2172.7509999999993
2393.9439999999995
815.692
100.28000000000003
192.862
893.4014999999994
80.63450000000002
439.09299999999996
599.4780000000003
2722.281
98.67200000000003
284.57750000000016
1270.5870000000011
344.126
2038.4539999999988
1618.7245000000023
63.438500000000005
2523.365000000002
2638.5469999999973
1032.5770000000005
2595.1359999999972
148.12649999999996
352.2260000000003
2848.9649999999997
71.77300000000004
153.73799999999997
1741.781
2686.2355000000007
1293.1645000000003
926.8215
2556.613499999997
131.9815
714.3900000000001
679.3215000000001
582.0039999999998
2236.2690000000007
243.139
2356.2540000000035
2410.3344999999986
1398.239499999999
1522.509499999999
2613.049000000002
1390.4580000000008
1720.6160000000018
2604.5220000000018
2457.4909999999977
2769.089500000002
398.2015000000001
2699.1529999999984
1489.0794999999996
137.493
249.67550000000003
747.7030000000003
2678.9784999999983
1246.3810000000005
1752.9585
2795.603499999997
2143.5294999999996
2545.181999999998
981.3275000000007
214.825
2484.1989999999983
672.0889999999997
181.09049999999996
683.5925
649.4335000000005
2742.4754999999996
1823.426000000001
1404.0314999999994
2822.5314999999996
1276.4150000000004
172.1390000000001
901.1289999999999
1349.9924999999985
2680.9415
104.2645
1973.2724999999991
526.0200000000002
100.42399999999998
855.214
802.7914999999997
2529.7174999999966
1522.917999999999
46.35150000000001
202.109
484.0275000000003
406.97200000000015
82.3735
2530.478500000005
2402.906000000001
1105.2964999999995
193.2225
636.9820000000004
1763.9614999999985
73.05850000000002
1345.6179999999977
325.9569999999998
564.2479999999999
120.84599999999999
304.5745
263.60599999999994
428.5744999999999
80.50400000000002
1344.3899999999996
2592.9750000000004
1318.7795000000012
83.48050000000002
392.2380000000002
1145.1719999999998
83.477
891.882
1244.8185000000021
426.4009999999999
918.1774999999996
2167.2260000000015
252.60699999999989
629.7484999999996
245.90249999999995
908.1690000000008
2655.1465000000003
450.9585000000002
115.3445
1555.2064999999996
108.05450000000005
683.7394999999998
2014.0515000000007
800.6825000000003
154.94699999999995
375.9135000000002
2726.2470000000044
690.6695000000007
1368.8494999999984
376.4480000000001
1468.773500000002
506.9605000000001
196.3125
559.1110000000007
637.4725000000003
2504.928999999999
706.3575
500.4164999999999
2126.584500000001
2728.038499999997
1055.1180000000006
706.988
310.84000000000026
2587.830000000002
1762.973500000001
615.2574999999998
147.47099999999995
1203.1760000000004
1115.478
2544.8149999999982
2808.437000000001
2550.9215000000017
2538.584999999997
1712.243499999999
2881.0534999999977
568.2575
1831.7714999999996
946.4824999999995
383.5919999999999
2018.2174999999997
2477.123500000003
2127.564999999999
2514.3459999999977
1197.0659999999991
1386.488000000001
623.5450000000003
1202.6395000000007
2373.834500000002
2647.5104999999994
2572.9150000000004
2672.8095000000017
61.853000000000016
334.49150000000003
327.66749999999985
1745.1815000000008
2003.3184999999992
2786.507500000002
945.6659999999995
928.2219999999993
1115.9274999999998
2524.082000000002
1190.3385000000007
2482.5275000000024
2589.848000000001
2586.1275000000064
2622.255
2490.9805
333.942
130.03
2677.787500000001
2478.0330000000017
633.9794999999998
659.44
1170.4040000000005
2508.260000000004
2705.1409999999983
605.7775000000003
2235.276000000001
2517.516500000003
1162.749999999999
104.98
188.33650000000003
44.75800000000001
1227.5694999999992
301.67400000000004
519.2370000000003
579.6454999999994
79.1875
132.6515
525.9880000000002
1895.109999999999
204.28400000000013
272.204
1435.9604999999985
256.91300000000007
369.35550000000006
288.0205000000001
299.5225
47.4465
457.3965
2643.1920000000023
156.65900000000002
253.9355000000001
48.983500000000014
2650.1870000000013
2236.7115000000013
350.1205000000001
280.64599999999984
2189.502499999997
184.0535
2490.110000000001
2539.438499999997
264.14700000000016
2000.649499999999
2250.0425
132.60350000000003
849.3974999999996
126.43050000000001
2620.546000000003
1677.419999999999
2433.4529999999977
770.7864999999998
1390.466
286.36949999999996
2667.3465
329.697
910.3290000000014
1785.8045000000002
2461.9470000000015
902.3499999999995
338.79299999999995
864.2804999999996
894.1555000000002
2529.0265000000004
393.0700000000001
672.62
1035.881
55.9775
789.8249999999998
2741.285000000002
2666.642999999999
977.5214999999996
1999.2310000000004
347.524
62.87950000000001
2572.139000000003
56.34099999999999
2909.9840000000063
141.93650000000005
100.76249999999997
822.9964999999991
631.5665000000001
842.7134999999995
630.9445
2591.959000000003
2006.731
2402.3165
1489.6265
2292.665
1342.6215000000009
1061.9775000000004
750.0255000000003
1744.2955000000009
2139.6199999999976
1112.8389999999984
868.0289999999998
2521.729499999996
791.0420000000004
2505.739499999999
217.48200000000006
990.6465
733.8095
130.35
140.833
1327.098500000001
70.55799999999999
744.9840000000004
2412.5615
2515.7164999999986
1765.8709999999983
2395.1839999999993
316.62199999999996
1205.0665000000008
1204.2335000000003
2353.0719999999988
1113.6660000000008
151.39600000000002
189.31699999999998
2707.913499999997
2643.4809999999966
1027.393
485.4940000000001
2289.6775000000002
1050.8840000000002
1921.1939999999993
62.53800000000002
762.0565000000004
2660.002499999999
125.21849999999999
2551.6899999999946
273.06350000000003
172.86450000000008
2622.8275000000012
374.7005000000001
2581.227499999998
2467.1299999999987
1223.446500000002
934.0749999999998
87.80499999999998
1935.476000000002
493.69800000000015
177.14050000000003
681.8369999999998
426.39800000000014
74.82300000000002
1068.8619999999994
450.5895000000001
821.9189999999999
2585.172500000006
565.1074999999997
1648.4019999999985
136.65350000000004
298.2720000000001
124.58850000000001
937.3330000000005
288.20849999999996
724.0945000000002
302.5165
2616.745000000001
2387.675499999998
410.48300000000023
1364.8445000000008
2152.7899999999977
2454.0059999999967
65.77699999999999
1389.2110000000007
375.66299999999995
2034.353000000001
2547.493000000002
213.40500000000011
297.82399999999984
120.15000000000005
2119.316000000001
131.54850000000005
193.51900000000003
128.34350000000003
1859.0035000000012
86.50199999999998
166.7165
1487.7479999999978
136.68350000000004
2470.3224999999984
1945.5394999999999
1091.815
749.9525000000003
720.0735000000001
943.5200000000006
636.5184999999999
439.959
1476.4034999999997
315.5050000000002
97.60050000000001
637.6919999999999
991.2295000000006
204.901
1746.0224999999996
518.6200000000001
2419.9464999999987
1006.7619999999997
96.13150000000005
78.721
130.72999999999996
2493.8360000000002
337.09349999999995
153.00200000000004
1036.4960000000003
521.0865000000002
2009.612
1501.466
163.046
679.5344999999996
2441.9279999999994
544.1500000000001
2151.2449999999994
1287.9449999999995
355.7485
764.6655000000002
458.5710000000001
656.7214999999998
2757.7234999999982
1144.138000000001
759.5884999999995
2511.4415000000004
2384.492999999998
1170.8789999999985
1967.019
817.1475000000002
539.2079999999999
137.59950000000003
1574.7179999999998
955.5444999999997
126.77400000000002
1055.1875
1224.034999999999
209.72650000000004
619.3725000000001
834.4129999999992
258.1744999999999
432.43250000000006
222.84550000000004
255.20600000000002
217.64550000000003
558.0685000000003
1759.2140000000009
186.10650000000007
370.26950000000005
1184.9935000000007
279.3924999999999
843.7699999999998
1569.2080000000003
1198.4315000000004
142.58950000000004
1640.0635000000009
2592.0024999999987
53.5285
724.0049999999999
618.2910000000004
624.95
49.38300000000001
249.95449999999997
2691.139500000001
2192.9879999999985
2454.342999999998
2433.961499999999
122.7735
876.0805000000001
189.78349999999995
1213.9415000000006
1074.5955
976.2875000000003
2558.4159999999983
1165.2915
83.02550000000002
1966.1060000000007
2262.4579999999974
2529.9959999999987
174.44449999999998
2846.6155000000017
245.60649999999993
1290.8795000000002
763.2615000000008
772.488000000001
1405.1569999999997
2685.5960000000023
1370.305499999999
261.3500000000001
2508.3920000000026
1206.9739999999993
439.83200000000016
2617.795
2860.303499999999
1333.8979999999985
812.687
1774.7185
1324.0135000000012
629.6184999999999
150.10399999999996
2540.769499999998
378.7225000000002
635.3485000000001
737.1705
607.9980000000002
1519.3274999999987
55.667
668.8690000000001
230.5155
1823.8285000000021
2879.624
284.53700000000015
287.3924999999999
617.8840000000007
891.6925
373.3065000000003
945.6825000000009
439.17300000000023
781.0215000000006
1018.6489999999992
101.57199999999999
412.70450000000017
561.6994999999998
189.20150000000012
747.305
364.9250000000001
2138.817000000001
1134.6890000000005
313.85299999999984
733.226500000001
788.9689999999999
147.36549999999997
552.6755000000002
846.4569999999999
2541.852999999998
228.9005
61.981500000000004
624.7980000000001
666.8895000000002
2615.0610000000015
73.88800000000002
554.2220000000004
357.84100000000007
573.1839999999997
570.5550000000001
1455.2425000000007
402.54349999999994
528.6275
2772.148000000003
50.1255
871.1120000000006
297.1035
270.871
2534.0855000000024
1763.330999999999
2432.8825000000006
2902.5929999999958
2504.5294999999996
2718.620500000003
625.5260000000002
1325.2830000000013
2483.8905000000027
1572.4179999999994
180.00450000000006
529.2819999999999
208.83500000000006
2518.240499999997
1060.8269999999998
256.4665
736.9374999999999
358.8075000000002
2643.970999999999
1101.6529999999989
1585.2739999999997
131.46950000000004
1850.5104999999994
2480.054000000003
573.5760000000002
1681.698
648.5344999999996
181.87100000000007
254.26549999999995
2491.5805
982.6489999999992
160.10699999999997
1066.248
422.9945000000002
1949.0280000000002
168.72300000000007
2614.365500000003
1508.7359999999987
453.37749999999994
1343.2634999999989
83.02850000000002
1138.6335000000004
1020.1605
2610.5140000000024
675.1295
528.5134999999998
466.7800000000003
2515.143
445.1674999999999
2797.7165
2576.550999999999
876.4084999999999
1632.031
589.2379999999998
2517.537500000002
2448.1095000000005
1546.163499999999
293.7275
303.4585000000001
1084.1905
2657.7630000000004
1831.2699999999984
1255.21
643.8335000000003
657.8515000000001
112.6755
1088.5335
1204.5484999999996
1742.3360000000018
940.9825000000002
1346.7330000000013
394.117
252.71850000000003
723.0720000000006
901.9149999999995
1052.8775000000003
70.33000000000003
627.7710000000003
846.4215
1699.1635
792.6839999999992
856.377
187.9285
244.03050000000002
2731.887999999998
1377.5889999999993
935.1509999999998
2087.819500000001
2598.2970000000014
122.50649999999997
1891.9510000000014
2544.2005000000004
199.68900000000005
664.2725
2737.034000000004
2071.5100000000016
1894.8295000000016
346.86800000000005
1016.2730000000005
473.5835000000002
779.0174999999999
2619.2769999999978
110.47149999999999
2533.0794999999985
1878.5760000000002
272.86000000000007
484.7040000000001
69.326
360.16400000000016
603.1475000000002
2270.856999999998
1604.4454999999996
47.80750000000001
601.8749999999999
1422.502000000001
2572.8785
387.7315
699.4100000000001
545.7040000000001
736.5979999999997
78.77000000000002
2441.4565000000025
2590.9620000000027
1921.1790000000012
367.1215
894.5960000000006
240.53650000000005
1629.6865000000003
634.5775000000007
692.5375000000007
84.946
2417.761000000002
1995.9365000000018
46.581
373.0999999999999
655.3520000000009
896.1364999999997
62.31300000000002
1139.4479999999999
253.07300000000004
389.7825000000001
434.8175000000001
259.57899999999995
131.4565
2683.979000000003
1054.6880000000006
1181.2130000000004
113.66499999999999
931.0909999999999
229.38199999999998
637.2369999999999
64.95750000000001
1085.0310000000009
2271.2420000000006
284.15300000000013
894.7099999999996
981.8339999999998
1267.0595000000012
71.024
1508.3745
406.0710000000002
2453.957
1909.5045000000011
579.7484999999997
391.2079999999999
1351.5565000000008
1266.8020000000008
697.2715
1031.2939999999999
2342.119500000004
2271.7445000000007
1133.2430000000006
2659.4134999999983
621.3684999999997
2725.0515000000005
460.2080000000003
2460.425499999999
2694.0494999999983
2621.2065000000007
2143.2045000000007
411.41499999999996
512.5275
2482.7559999999985
2452.893500000004
1733.2739999999994
659.3610000000004
2530.594999999999
1975.4844999999987
329.8645000000002
2597.7609999999995
367.0264999999998
1233.9660000000013
1237.6404999999988
1176.7460000000003
182.14150000000006
2508.9294999999993
935.4894999999998
2494.685999999999
2803.159999999998
821.1659999999997
2367.1354999999985
2512.431999999994
2531.452499999998
2628.557499999997
1357.7035
1108.6375000000012
518.4620000000002
396.07900000000024
1554.6605000000013
786.8875000000003
2575.755499999999
2536.589999999994
92.313
820.5084999999999
2791.3169999999973
2710.3299999999995
2626.3784999999953
1059.5480000000011
992.7844999999995
2381.1840000000043
2122.9025000000006
2148.617999999999
2703.363999999998
2470.836000000002
75.29800000000002
427.81649999999996
2623.7889999999993
2462.1440000000002
325.0579999999999
2480.2530000000033
2748.2695000000017
722.0839999999997
48.47500000000002
856.9404999999999
2775.732500000002
1474.0675000000012
2318.2819999999997
46.229
976.4959999999996
2526.357500000001
2622.0765
1077.7240000000004
802.801
426.9480000000001
1829.3619999999967
71.79550000000002
2668.4970000000017
2510.8055000000004
813.7195000000004
534.7360000000002
2532.0444999999972
1794.1790000000003
2755.0524999999993
2581.879999999998
752.6350000000002
1263.768499999999
2412.6104999999966
2269.5194999999994
2431.648499999997
2647.541999999997
2482.7025000000012
2338.877500000004
460.7605
652.3945000000006
2653.2230000000022
2566.7994999999996
2362.836499999998
2368.329499999999
2435.0760000000005
554.1365000000004
1162.829500000002
2281.5580000000023
2173.5715
1400.2335000000014
185.25299999999993
1809.517000000002
312.78350000000006
739.1409999999998
2500.427499999998
2425.6860000000006
2556.7564999999995
2034.7119999999998
1283.3829999999996
709.2914999999997
603.7155000000007
671.0790000000001
429.3679999999998
642.5604999999995
1236.1319999999994
1613.2725000000014
1005.8034999999996
2114.2155000000016
451.9715000000001
1033.1775
788.7920000000004
2863.8475000000008
2563.8924999999963
1789.3855000000008
530.9454999999999
2233.4175000000046
564.4960000000002
2560.984999999999
2484.1620000000003
1791.5725000000004
2245.7544999999964
2529.9229999999993
2202.055
309.33299999999997
625.5984999999998
2278.317500000003
2556.1175000000017
2528.1135
648.7824999999993
1638.6579999999997
725.6329999999999
394.68450000000007
1888.8914999999988
2669.3904999999972
748.7350000000005
1540.9760000000003
1033.6790000000005
2378.7515
738.9974999999998
2476.1315
721.438
1826.4145000000005
1869.5480000000014
174.72250000000008
1191.8205
491.7845
1404.6690000000003
542.6134999999999
2377.0875000000005
2481.875500000003
883.3994999999999
2590.583500000001
2443.208500000002
550.0894999999998
2526.723
1948.674999999999
785.7590000000007
90.60050000000003
2597.732499999998
1505.7750000000021
1798.3339999999992
2439.929999999999
2335.971000000001
2696.8589999999967
2146.762000000003
270.9145
299.3139999999999
652.8120000000002
876.4539999999997
1339.1545
422.8054999999999
2579.6195000000007
479.4089999999997
969.7400000000001
2679.107000000001
2496.546000000001
2414.073500000002
545.7289999999998
2352.1424999999963
1861.488000000001
224.9775
2419.246500000004
1313.2634999999993
1744.1490000000008
1574.1289999999997
94.34900000000003
206.65050000000005
674.1475000000007
2585.451000000002
1174.1590000000015
475.34650000000016
74.40299999999998
312.68299999999994
2398.0090000000014
563.9140000000001
1161.805000000001
1109.048000000001
50.2755
176.079
447.6705000000001
1691.013500000002
2499.6170000000016
2459.655000000003
2567.202
1057.5205000000008
2668.5170000000035
2315.1839999999934
2495.642999999998
385.10399999999987
308.5205000000002
2572.1679999999965
253.48800000000008
798.2565
674.7444999999992
187.37300000000005
