0
53700
49800
51500
49700
51300
53700
54400
48600
51600
50500
51100
22800
55500
55000
51200
49600
56700
50800
2300
49000
51000
12600
53900
51800
37500
53500
53700
52600
52300
52200
49700
52200
49900
51600
53600
58600
57800
55700
52900
56000
53400
5400
50000
51500
52100
54800
49500
45500
50000
44300
56700
54400
26400
54700
55600
56100
54700
54300
59600
52600
54400
19900
35600
53400
53100
57400
47600
55400
54700
52800
59400
53700
57400
21600
56000
33900
56600
55000
60200
56500
8000
54000
54200
53300
54000
52600
55400
52700
53800
52700
51100
51800
53400
48800
52900
54500
10800
49500
53800
54500
54500
53700
55800
54400
52300
54200
53500
54200
51900
53200
53300
52600
49800
53300
53700
10100
51100
51800
51200
49300
53000
52400
53900
53100
51100
49200
3300
52900
52800
50900
6500
48500
50200
23400
46000
52700
30300
54600
54400
54400
51200
51500
53200
52700
52400
36200
53200
54500
51900
51600
56000
53300
22100
56300
52000
54200
3800
54000
56000
8000
53900
55100
49900
51400
52500
54700
53700
50600
55500
54500
1300
55200
53400
51500
52200
53200
57900
55000
2000
53100
51800
11400
53100
53800
52900
58100
51300
8400
59600
52400
51900
52600
52300
51900
53800
51100
53800
51200
52600
56200
8100
54100
53500
54700
52700
55700
6600
53000
53000
53400
20900
55100
56200
2300
53400
53500
57100
51100
52400
55100
52900
52100
55300
53600
54400
52800
55300
52700
54100
54500
50800
55700
51300
51000
51100
53000
50300
50700
50600
51800
51600
51500
52600
52600
54200
52500
54500
53100
53400
54700
52600
52500
56000
58400
56200
54100
52300
55700
57200
53400
57100
54400
54700
49200
4000
52600
57900
55800
52300
54700
54400
53800
56600
5700
56500
-100
54300
14400
53800
56200
19300
51900
53500
56800
61600
58400
54500
54500
54200
2400
55600
55500
53100
55400
19400
53400
54700
27900
53100
53000
49000
55900
56000
53600
51500
55500
11600
39000
53000
49600
51900
54400
53900
50900
52300
50500
51300
53500
51300
51700
51900
51900
54600
52800
54100
42300
53900
51500
50800
51500
1300
39400
21500
16900
52700
54900
53000
57000
4300
55600
53400
5200
51600
54900
53600
53700
9400
52200
50700
49400
50600
54800
51600
52400
54100
42200
53600
49200
50500
51900
56500
51800
54000
56200
51400
2600
55300
54000
13500
50300
54000
54800
55200
54000
53900
53100
52700
53700
56400
53800
54300
53700
51400
54000
57400
53300
55400
54300
53200
56300
55300
51100
9900
800
18200
52200
54600
51900
54100
53200
6600
59300
57600
9600
54200
53600
56000
51800
51500
53600
51100
35600
50400
51900
52400
53500
53800
54600
51600
54400
57800
55200
54000
55000
54400
58500
54600
30000
55300
58000
52200
56100
52800
57300
54600
58100
13900
52300
53700
50400
55700
55600
51500
55200
52500
1700
56500
53600
48800
52400
52500
53600
50700
51000
52900
50500
54900
53300
52000
31300
55000
53100
53400
51800
55400
53300
51000
53900
53000
52000
53800
53200
54600
53100
54900
51300
54300
52700
56200
53900
55000
55600
54400
54700
55300
55500
56100
56600
1100
51200
56200
54100
57200
55500
52400
54800
57100
52700
7000
55500
52600
56300
55100
9300
53800
37900
56500
53300
54000
56400
54400
55800
60800
53400
55400
56600
57100
59700
59400
55900
55500
56500
55600
56500
59000
53400
60400
13200
60400
55700
12100
61000
58900
14000
57700
56300
55300
14700
57000
6000
54700
55700
39800
47100
58500
54800
51200
56800
56800
55700
57500
54800
-300
57800
51900
51900
14300
56600
9700
1300
52500
10600
58900
54800
38200
56100
60500
33900
57800
41500
41900
16500
19500
65900
13400
18700
66200
35300
62600
3800
2500
60700
44100
67200
62500
12300
59700
57900
58900
38500
4800
4700
57000
21300
56100
54700
56700
54300
56500
60100
61100
700
1600
58700
53900
15200
60500
21100
55800
20200
5000
58600
54500
55200
56000
54700
1300
23200
59700
57500
56600
600
51300
700
54900
60100
64400
56600
56900
55700
54300
56500
58800
55900
58800
57800
56400
55800
60500
54200
62700
56900
57700
44700
56900
57200
60400
55100
61300
42500
55000
30100
53400
55100
55000
58700
57800
56200
56100
59000
11100
52700
56600
54800
57900
59700
55300
57000
58100
3700
57400
58100
44800
40800
55600
60700
39100
58800
63000
66700
61600
28000
61400
59100
21700
59600
15500
41200
35700
30700
56400
60000
56000
57900
55600
28500
56800
57000
12900
52500
53000
58000
54400
53600
55800
54600
53800
29000
54400
50900
52200
52300
900
57700
58100
54000
52700
54200
35900
54400
55500
49100
52900
2700
53500
58300
600
55200
3000
56600
56800
56200
12800
56000
1700
60400
57500
58000
59500
55800
42100
64300
64800
62400
61700
18500
63900
62600
36300
16500
57600
42400
56500
30100
30300
2000
3100
50300
60900
52500
61000
59800
10800
59300
58300
0
56100
55500
62300
58600
58200
62100
11300
6200
58000
56100
57500
55600
56400
6300
15600
47200
55700
53200
58500
53600
55500
56800
52600
59500
63500
58300
58100
57000
9600
51500
61100
56000
58600
59100
59900
63100
56200
62800
62700
57100
64100
61200
16000
0
60100
63000
57300
58400
58400
24300
21300
13700
700
62500
-300
21900
36700
59800
36200
63200
20700
800
61000
57100
35000
58500
23700
62700
65400
3000
58100
60600
54500
62400
23800
59700
60000
32300
59600
49700
9200
58800
58500
60300
56800
59900
17100
56000
57700
57300
57400
59600
57700
42700
33800
54100
62600
45500
59100
57300
30700
43200
60900
58500
54200
54600
58500
57600
58800
57400
60800
63400
62100
7300
58200
63000
59300
61200
25600
7100
57000
29400
11900
60800
45600
58700
2800
59100
56000
59700
62800
63000
59700
57400
57900
56700
1800
53700
57600
53300
5700
29300
56300
54400
58100
54800
61700
57400
5600
1300
59900
58100
60100
61200
1600
4000
10800
6800
55400
57500
7300
58500
58000
55900
59900
12000
59400
60000
58000
100
61000
59600
57300
61000
58400
57600
60200
4300
400
62800
63200
59800
2900
56700
57300
59300
56500
14700
55700
57800
53300
57700
57000
57700
62500
1300
58800
58400
60400
45000
4600
53400
60400
1500
62000
61500
59800
56700
38000
800
53900
11500
58700
56400
19800
59300
56600
56100
62600
64200
59800
62100
13800
60700
6000
53900
56400
55600
60800
100
57700
300
64300
27700
54900
57600
58300
56600
62000
56400
55300
54500
57000
55900
57200
61400
18200
29600
56700
57800
29100
53500
54600
59900
61100
53300
51500
56500
25000
53400
57800
61700
54500
58300
4100
29000
0
26600
58000
58400
35500
61800
52300
54800
53700
57700
3400
55800
9000
53700
58300
28200
56800
54500
55400
700
59400
54400
-500
7900
15700
59000
57200
29300
0
1400
60000
60200
24500
57300
55500
9200
56200
61100
57200
59500
36700
62700
58900
59700
300
-200
60600
54000
58200
30400
60000
57600
53300
5900
200
41100
61300
61900
55800
61000
1400
59700
2100
33200
58400
59900
55600
57400
2900
55400
58800
57300
40400
2200
35400
4100
38900
300
56400
60500
54300
12400
58700
56900
59200
16800
56100
41000
20100
8200
36100
20400
5900
63600
59700
23900
28000
9100
63700
28300
24500
24700
26400
14600
14900
1500
61600
60000
48800
64700
58700
14100
57700
2000
6600
54000
57000
58200
54100
58200
58000
58000
51100
57900
58200
60200
66100
59600
55900
57200
62100
54900
58300
39100
62100
58700
56000
32000
35900
7000
3100
55600
5700
57700
37900
800
54500
30900
5100
62400
16000
63700
3000
12800
56200
59000
42400
57800
12300
56900
58400
55400
59700
54700
55900
61200
57100
60300
56100
4000
57000
59800
-100
8100
700
59800
14200
58700
60200
50200
57700
58800
52200
61600
47700
1000
62400
60700
62500
37200
14400
19000
59200
42300
400
23500
64200
5100
17200
20800
17700
61500
13300
3900
62900
68000
500
62500
20100
11200
16700
53500
60600
59700
28000
8100
1500
44900
45100
62800
26900
36200
63900
60500
55700
51600
1400
9400
51000
62400
61600
59500
57500
10300
59500
38600
66000
10500
10800
48700
59500
60400
24000
35300
34200
17300
62100
45800
0
61700
14900
-500
27500
64400
3400
57400
57700
65000
34300
12200
59800
20500
42800
1600
63500
65000
62900
58100
61800
63700
63400
19700
64100
400
48100
60600
7700
33200
50400
62600
14400
53100
28800
49300
58900
57900
2000
62900
58600
64800
1900
60500
-100
46200
58000
10400
63300
4300
14200
42700
63200
65300
2300
60300
46300
23200
10700
68300
29600
6900
61700
2400
27400
34100
67400
67600
65500
36400
18600
64000
59900
46600
1800
16700
66000
13700
58600
61100
61300
61100
61200
62300
12400
24900
13900
58700
56500
58800
62100
54600
63200
9100
17100
33700
60900
64900
1500
18600
63000
61000
59700
61200
26200
47400
4000
4900
12500
200
23300
6300
5100
59200
9200
32200
8400
9200
60300
59900
63500
57500
67500
26800
60500
37600
6500
67800
5600
15800
37100
43700
34000
10900
36400
63400
5200
30300
3100
61400
14700
30600
20200
59100
64100
65300
61800
60600
54000
27100
63900
26200
12300
67000
11900
61800
21900
60600
3300
2700
900
37300
3200
63300
20800
11600
33300
35300
12400
45200
59600
60600
55600
40800
4600
3500
16400
1500
1000
22700
22100
61100
26900
57100
4500
39700
14300
66000
61300
57200
59800
55900
57100
2700
45900
2100
21200
17400
57100
61600
2200
62800
48300
60800
16700
60700
45000
3600
60000
63100
63400
61100
66900
12600
13900
27400
16600
2800
11500
11600
5700
600
8800
69300
68000
1700
44400
4000
61800
59200
24300
14800
64200
62000
55700
70700
60800
66500
28200
62200
68700
44400
10100
7600
60100
8600
63200
60800
8700
6400
56300
30400
60400
10100
57700
59400
59000
61100
54700
15700
65500
59900
63800
24400
66800
62600
65600
59000
47100
29900
41000
55200
4400
67000
3200
67400
41600
37200
31500
68100
66800
38400
39700
10100
6800
18300
5500
63400
54300
1100
34700
51300
53500
1500
18100
600
6700
6800
3100
3200
3000
58800
1300
16900
6000
22100
15100
3100
11600
8600
53800
9900
18000
58500
36200
3300
45800
42800
7600
-500
65100
28700
6800
6600
6200
70500
10700
68100
6500
50700
31800
19900
4600
400
59100
12100
66600
33800
28900
53800
62100
4900
39700
53300
22900
39800
34200
-100
46000
44300
29200
1500
66400
52500
33600
25100
5100
7000
38400
60500
66700
4700
25600
6900
1000
50600
7300
9900
11300
40800
7300
-400
5800
8400
53300
4400
9500
49700
17600
33600
38800
2900
49700
4200
1600
5200
27000
37000
32100
14000
54100
900
7600
44300
42700
19800
6700
31700
5300
14200
57600
21300
71700
65100
16900
12900
15600
34800
44400
500
700
66700
6600
15200
36200
23000
8600
64800
55600
57400
15500
800
2900
20900
500
11300
12300
75400
1200
4500
32200
6400
40100
39400
100
68100
63400
24900
70800
2500
9000
63300
100
2000
46000
69200
28500
19300
60500
2500
16300
17400
12100
55300
4600
61500
58700
30500
39200
67200
31900
43000
69200
60500
70800
8600
67900
34100
2600
4000
17000
71100
33400
40300
63600
55900
63100
23800
3900
58600
16700
3800
17600
14800
68300
44600
31900
72200
28500
2300
21000
35100
67500
1000
54900
11700
1000
21600
15300
62200
38600
-400
5300
12000
8700
1500
61600
66300
26500
2800
17500
43500
-100
33600
5900
12800
1500
4500
6200
9800
800
30600
57000
34900
800
7100
28700
400
21500
27800
8300
22700
46500
5100
16900
4200
21600
68500
9700
1000
38100
1300
16800
49900
17800
2800
7900
64900
14800
30900
7700
31300
10000
4200
12600
11700
60600
15000
10300
56100
68100
26500
15600
6800
68500
46500
15900
1600
24700
28800
69300
72000
68100
61800
39500
74200
13500
42900
22200
9500
52800
65500
51600
63700
27400
33200
10600
29800
60700
68100
73400
72700
100
7400
7100
42100
40900
64200
21000
18600
26700
63600
26200
64500
71700
65600
61200
64700
6700
3000
68600
66700
13800
18100
26200
66300
62600
15400
53900
64700
29800
800
2700
-400
27900
5600
12600
11400
200
2300
11300
48800
3300
5600
32600
5400
7100
5700
6700
200
11200
70400
1900
3600
-100
62700
54200
6100
4700
54200
2000
61500
60000
5000
53200
55900
1500
20900
2000
65800
38700
65800
18100
34000
5100
68600
6600
22700
40400
62600
23500
6700
19600
20600
63200
8800
12900
20100
300
16400
64100
64400
23200
51000
6300
100
68600
500
74600
1500
900
18000
12200
19700
15300
59000
49700
57400
34700
64400
33600
27400
18100
45200
54200
28100
21800
67200
19500
70600
3600
23300
17200
2600
1500
33700
300
17800
60300
62300
43100
65700
6200
31200
31200
51700
28600
1900
4700
72300
70100
26800
6800
56300
25300
49800
500
18700
62400
1700
67700
5200
2900
64300
8100
69000
65400
32000
18600
700
46600
13500
4100
17200
12000
300
25200
9000
18600
69200
10900
38200
1600
4800
2400
23800
6700
17300
6000
65200
67300
8000
31100
55800
64700
0
30500
7600
45900
65000
5900
6300
2600
52200
2000
3600
1800
49700
1300
2600
33200
1100
68200
43700
27700
17200
16000
18700
16000
10500
42800
6900
1400
14400
23000
3800
42500
10100
64400
21200
1600
800
1600
65600
7700
2100
20300
13100
53100
34600
2800
15400
73600
11400
55100
35000
8800
17100
11900
12700
72300
25400
16800
71500
66000
29000
52800
16400
13100
1900
37800
22900
1000
24900
29900
3700
13500
21600
4600
9700
3600
6100
3300
12900
43600
2900
7700
31700
5600
21000
37600
30200
1800
46000
67600
-400
15500
13200
14900
-400
3700
67500
59200
67200
63900
1500
21000
4500
29300
25900
22800
65900
21600
400
49600
61100
64700
3900
69600
4700
31700
18900
20000
35900
69800
38500
4500
68100
30300
9600
69600
66300
33500
18000
42800
34800
14000
1900
61200
9500
16200
19000
13000
37400
0
16200
5600
48000
68800
6400
7000
15900
21500
8800
25000
8800
17600
26600
900
8300
12000
2100
19500
8000
50200
28900
6700
17000
17000
2700
11600
23900
58900
3600
200
13500
13900
66400
900
13100
7600
11900
12800
36400
8600
10800
61300
-200
21800
5600
4500
72700
42700
62400
68000
64400
69700
11800
33900
69700
42500
3000
14200
4000
71600
23100
5200
16500
7100
67000
28300
39900
2600
43700
62600
12800
30100
14400
4100
5500
64700
21600
3200
29200
9700
50700
2100
71700
43200
9200
32800
100
28900
23700
70700
16900
13400
11800
63800
7700
69200
67700
17500
43000
11700
59300
62800
39100
5200
6600
23700
69000
47600
29300
14000
13500
1400
25000
33700
43200
24000
32100
10100
5100
18500
25200
19600
200
16100
25200
45100
17600
19700
2300
4300
66600
35400
21200
49700
67800
2100
47500
66100
3400
15100
61400
49200
50100
7600
20700
8900
18500
69700
800
66700
41900
5300
9400
300
6900
13000
65000
40300
-100
16200
35800
68900
8000
16100
11500
17900
500
67500
65600
48800
6500
23900
4600
31500
15100
14500
1000
61300
56200
-100
7900
13300
20600
1300
28500
4400
9500
10000
5400
1300
61700
23600
31000
1200
23800
5800
13600
100
24000
61200
7200
24300
22300
30800
700
33900
8400
61000
51100
15400
9500
36000
31500
18600
27000
63000
58100
29000
65300
12500
68500
9700
60800
70700
69600
43400
7600
10400
73500
65600
43000
14600
69000
46100
6100
66200
8000
32400
26700
25500
2900
61400
21700
64200
74300
20600
51900
68400
60800
64100
31300
24300
12500
9100
40400
16500
70400
67000
500
22700
72400
63200
74900
22800
27400
62600
55700
52000
75600
63900
300
6800
63800
63000
5400
61200
71400
16200
1100
18500
66600
39300
61900
-300
23500
69600
71200
26500
18100
8000
47500
0
64000
66700
19000
11100
71600
46800
64300
69000
13700
25900
63500
55700
64700
66300
62200
60600
11600
12900
62300
60600
55700
59400
60000
12000
29500
56700
54600
33000
3400
40500
6000
17900
69800
60400
66200
51300
32300
13600
15500
15900
9600
17300
32100
37900
26900
55600
11000
25300
21400
67800
65600
47500
10300
56500
12900
65300
63700
38200
59800
66300
54700
7700
13800
59400
63000
68900
13500
35200
16300
7300
44900
62400
16800
36900
25300
65500
17300
62400
17200
39900
43700
2700
27100
10000
38000
12500
65900
70500
18800
71800
65800
12300
62900
48500
18600
400
65900
37800
41600
60300
56600
66000
54900
4900
5400
14500
18600
29500
9500
65600
9800
17900
71700
61300
59500
12600
63900
41900
4000
65000
33000
42200
34100
700
3100
16300
67600
26200
9600
500
11500
67100
13500
26700
26000
-100
2100
9300
44600
65600
66300
65000
27500
67000
63400
63900
8600
6900
64300
5700
18700
15200
3300
