0
-5057.55
-5068.15
-5029.35
-5091.75
-5035.85
-5065.35
-5063.45
-5040.1
-5082.95
-5048.15
-5029.4
-5078.85
-5063.5
-5052.05
-5119.4
-5066.55
-5055.5
-5046.1
-5037.4
-5057.3
-5071.2
-5063.75
-5042.35
-5055.2
-5074.05
-5069.2
-5085.9
-5080.7
-5114.65
-5042.5
-5050.15
-5077.15
-5101.65
-5070.0
-5055.35
-5080.1
-5055.75
-5086.0
-5071.55
-5084.45
-4994.65
-5061.4
-5087.3
-5067.65
-5034.45
-5044.3
-5057.55
-5054.7
-5083.45
-5101.3
-5076.0
-5066.9
-5052.65
-5035.65
-5054.95
-5032.8
-4979.95
-5078.85
-5069.45
-5063.5
-5069.1
-5049.2
-5041.65
-5064.7
-5070.7
-5077.2
-5051.35
-5075.65
-5081.1
-5055.45
-5043.05
-5046.1
-5045.6
-5070.35
-5037.2
-5079.65
-5095.7
-5061.75
-5035.7
-5074.0
-4979.8
-5057.3
-5105.1
-5047.45
-5082.35
-5074.15
-5059.85
-5055.0
-5057.25
-5085.1
-5066.35
-5098.0
-5055.2
-5076.1
-5032.25
-5028.05
-5078.3
-5070.55
-5095.7
-5047.15
-5051.15
-5035.2
-5072.2
-5071.65
-5065.35
-5054.55
-5091.75
-4963.5
-5069.3
-5089.9
-5080.8
-5065.4
-5070.35
-5109.2
-5080.8
-5065.45
-5074.3
-5085.05
-5062.3
-5028.35
-5051.15
-5046.3
-5050.15
-5057.2
-5058.9
-5075.55
-5101.3
-5061.1
-5059.65
-5078.9
-5097.75
-4955.75
-5064.6
-5074.35
-5063.65
-5045.9
-4963.55
-5068.55
-5059.5
-5090.55
-5064.9
-5092.5
-5070.15
-5056.9
-5074.8
-5052.8
-5051.7
-5066.7
-5036.45
-5043.8
-5034.15
-5036.6
-5065.6
-5056.05
-5054.05
-4946.4
-5061.1
-5071.3
-5084.4
-5076.4
-5092.1
-5064.25
-4970.9
-5081.3
-5066.95
-5050.95
-5083.1
-5080.9
-5093.95
-5061.15
-5110.2
-5102.85
-5071.95
-5077.15
-5071.7
-5070.6
-5104.8
-5082.45
-5041.6
-5100.05
-5059.75
-5074.0
-5085.4
-5052.65
-5055.5
-5073.55
-5076.75
-5063.2
-5044.3
-5069.35
-5040.5
-5051.4
-5046.35
-5074.25
-5041.9
-5092.95
-5065.65
-5063.65
-5083.6
-5038.8
-5033.0
-5090.95
-5066.85
-5076.35
-5069.0
-5074.8
-5056.15
-5079.7
-5048.2
-5053.05
-5061.65
-5042.75
-5051.05
-5054.25
-5039.25
-5096.8
-5046.95
-5061.75
-5045.6
-5079.45
-5071.85
-5057.25
-5079.25
-5076.0
-5079.75
-4969.5
-4983.7
-5006.8
-4965.25
-4950.85
-5044.3
-5060.3
-5057.95
-5052.0
-5065.6
-5047.05
-5052.1
-5074.45
-5036.25
-5077.0
-5063.35
-5094.35
-5043.75
-5030.25
-5051.45
-5056.65
-5100.9
-5099.55
-5088.15
-5062.15
-5047.15
-5107.25
-5069.4
-5079.05
-5089.0
-5055.0
-5061.7
-5051.5
-5086.1
-5046.25
-5051.05
-5061.4
-5050.4
-5069.05
-5051.8
-5096.65
-4984.65
-5051.7
-5048.05
-5098.75
-5065.4
-5086.95
-5067.75
-5006.65
-5092.0
-5053.5
-5052.3
-4884.5
-5082.65
-5052.45
