0
15000
2000
14800
2700
13500
15000
4500
1200
5300
1900
400
17200
13600
11700
7900
2500
9200
4700
8200
14700
11100
10100
15100
7300
1200
15100
11900
4900
1400
16600
2600
7700
14400
13800
7400
9800
-100
800
14000
-300
8100
15800
3300
5300
15400
14000
7300
1100
11800
14700
1700
12400
5500
8500
12000
4000
13700
14300
6800
800
13500
14200
4300
2600
7300
16300
6000
13600
6600
9600
10500
900
9600
4100
6800
9800
12500
5700
1100
700
3700
13900
9100
12000
4400
10700
7800
8400
14000
3900
14600
1700
16100
200
7200
7600
1400
100
15600
14100
8300
2000
4700
4600
14000
13600
8600
5500
14200
10900
600
13600
10700
14200
1300
14300
2500
2000
3200
1600
2700
800
8100
13300
3600
3000
1500
1900
13600
6400
3200
3100
16200
13900
3400
3000
16800
3800
15400
4700
9900
4400
6100
13900
14700
3000
2000
13500
1300
3600
1200
800
1700
7300
2600
3300
800
10300
1300
6400
14500
5000
8700
1400
13600
9800
4500
4000
3500
14600
1600
4100
16200
4500
11100
11900
9200
9200
14700
12600
3600
14400
13900
1200
5400
2100
7600
2300
4600
12600
5000
2800
4300
8900
5100
9900
2800
2000
4800
15400
6400
1400
1100
13100
15400
8200
2400
15300
1700
6600
6300
14200
13400
8200
5400
1300
14200
1900
5700
14400
13200
1100
2000
13000
12700
1700
3000
1400
9800
4300
1000
13700
4000
13500
7200
11300
4900
7800
13700
4700
3700
5600
7600
-300
13100
8600
600
5800
8900
3800
13600
6000
11400
8900
13800
6300
4400
15100
16000
6700
4100
17900
8100
2400
200
15500
10100
16500
12800
2500
3700
10200
6000
13700
9100
13300
5700
9300
13000
11900
1400
6200
-200
14500
12800
1900
13500
1800
4900
7500
3400
4400
12600
2700
1100
16500
5100
13700
4200
5900
3200
13500
8800
8700
11900
13800
14800
2300
14200
1200
2900
12600
1200
2800
1700
11200
14300
14400
9000
13100
9900
12700
8200
1500
11300
2500
7100
7500
11300
2600
4900
5400
2500
4300
2000
1600
14400
9700
8100
6200
2500
5000
13500
600
500
9100
5700
7000
6400
8100
5600
15900
1900
9800
9300
14100
10700
5000
15000
15200
8500
7200
4600
2000
10300
10500
14000
5500
8200
8500
2500
15900
15500
16600
1200
9400
10600
2700
9300
4700
2800
13900
7000
7700
4400
2600
5200
9700
5200
2000
3400
400
1400
15000
200
1400
1900
8100
4400
14300
0
9000
6000
1100
5900
7700
2500
6000
7700
9000
5000
9500
8300
9800
1100
500
14100
300
2900
5300
13900
4300
17000
13000
8100
4800
1200
3100
5300
4300
13500
900
2300
1600
14500
14100
3800
14200
-300
3500
14300
8800
5100
2900
10300
5500
3400
4000
2500
6800
12600
3000
1300
800
7300
17800
6800
1900
10800
10600
4000
1000
12900
9100
13600
13100
3400
13600
9300
9600
14400
16900
8900
1200
13700
300
6300
12100
800
15500
13700
1000
5300
13300
7400
3200
4400
6600
-400
11000
3100
4600
4900
5400
11300
16700
13800
9400
11300
1500
-200
13700
13500
5500
2800
4700
3400
9100
6500
1200
800
9400
700
3000
8100
400
14100
7500
13600
14400
12200
4900
900
1200
3500
5900
5900
4900
6700
7500
0
15000
12000
4100
10800
900
10200
11000
4000
1600
4200
15800
3100
4400
0
11600
14800
5500
8400
2100
400
3900
1400
8800
3200
11500
100
5600
300
1200
3200
1100
3900
14900
4200
16500
14900
14600
9100
4500
1500
2700
3900
3400
5700
5300
1500
1300
14200
3100
2500
3200
600
1100
6200
3400
13400
4200
6000
15500
15400
3800
4300
5800
2400
5200
700
8500
10100
10700
13500
3500
1100
3000
200
13500
13400
1900
1200
3300
1000
6800
15800
9000
2900
4000
5700
13000
14800
2200
900
10700
15000
900
1900
3100
14700
0
13400
3900
5900
12400
12300
2200
11600
15100
2500
1100
13800
2300
8700
9500
500
2600
14500
3900
2100
500
2600
15900
3300
4200
2800
3900
8300
15100
8500
11900
2000
6200
6900
11300
11300
4900
900
13300
1500
5000
2300
7900
4300
16700
4800
2000
14900
3900
5200
16900
3200
15200
2500
2400
1100
13700
14400
13700
16000
300
14000
7700
4800
2600
14600
6900
13900
800
7700
2900
2000
8700
3200
3200
4500
17800
8300
12700
10600
5700
11600
13500
4600
7800
5200
13300
1700
12900
14400
1300
10500
13600
3200
2800
3100
12300
6800
7300
3400
11100
3000
13900
6700
2400
13700
12600
7600
7600
3000
1900
10700
12300
7000
3300
3700
4400
13100
400
2000
3800
15800
6600
12800
13600
7000
14300
8800
12500
13500
7500
1700
4700
200
14800
600
3800
3700
3700
7700
300
5500
14900
14600
4900
6100
2800
14100
200
2000
5100
4300
5600
1700
2300
200
14400
13200
500
14200
7900
6200
8300
10800
14600
2000
1900
3500
4700
15000
7400
12100
5000
9300
-300
14400
7000
7000
10600
7100
14100
13500
11600
600
12100
2800
1100
5800
8300
3800
15200
1900
8400
8400
14900
3900
13600
5200
12700
2600
5800
3200
10900
9900
1500
13300
15000
13600
17900
2600
13400
900
5000
3300
300
4200
8500
13200
5000
400
2600
8500
1200
3300
1700
14600
5100
2200
8400
4700
1600
15200
700
2700
10100
3100
5400
10000
12000
600
9300
13700
8400
12800
1500
4600
1800
2500
1500
600
5200
5800
12800
-400
6400
13600
4600
8000
15600
5400
12800
3300
13100
5600
10100
4000
4300
14900
10000
8700
6500
11100
1500
1600
6000
700
12600
11900
9900
4200
3500
14100
14500
2400
7500
500
13400
16100
15100
15500
9000
14500
6400
6000
4900
2600
3300
2900
3500
4300
12800
7400
0
1700
7400
4800
15300
3500
6900
9100
2200
5800
5200
9500
5900
800
6400
5100
3900
1100
3400
400
12800
14700
12000
2900
13300
1000
15500
5300
3500
8900
12700
100
8100
4100
17200
7500
2800
14000
1300
13900
5200
10600
1300
10400
7000
0
7700
4600
2800
13600
4600
7300
2400
2100
5500
13600
14800
14800
1600
11000
6200
-200
2800
6500
15900
9400
11200
6000
7300
11400
8600
500
6000
6000
6200
15600
400
6600
3800
5900
2200
7200
1800
4600
13100
15000
13400
1800
4400
14600
-100
14600
16100
10800
6900
6000
14700
11600
3500
8800
0
1700
3700
10600
1900
8500
15300
13700
7100
4000
2900
14600
3500
200
3400
5700
2300
10700
800
1400
3000
1600
6700
3600
6700
5600
6300
1700
2500
3400
3500
8500
15400
11800
10800
1500
1400
7300
15300
8000
1000
10000
10900
3300
600
1800
10300
14100
4500
12700
2100
2600
3600
4900
2600
600
6200
15500
700
3800
3300
13600
12900
13200
1800
7400
5100
11800
14500
900
6000
8100
400
1700
4500
3000
14500
4500
12500
3800
13900
4800
200
14500
14800
8300
4600
16800
7700
1100
700
13200
2300
14200
5500
11100
5300
3500
2600
7600
13800
8500
11300
15500
-200
14100
14200
2400
13400
2900
13600
5100
1000
3700
1600
16000
2400
1400
12500
13900
13600
1600
7400
9500
13500
16000
1100
2300
13400
2700
2900
4000
13500
4100
1000
13900
7100
600
2900
3100
700
9300
13200
3300
5100
15200
3200
4100
5100
2600
8700
16400
3500
9600
8400
2200
4100
13200
3600
13300
2500
3100
1400
6100
11600
2400
13900
16100
15000
900
14400
2800
6700
5100
4500
13900
8300
5200
13600
500
1600
1200
17100
15200
4100
700
10600
1200
12900
1200
9100
2300
2100
4400
1600
14900
6800
1800
1400
9300
2200
13200
1700
11100
4200
3500
2500
2100
4000
3500
6800
11500
8600
1100
10200
15600
3000
11600
800
14700
8900
6400
13200
14300
15000
8400
4600
12900
1800
4700
5400
2600
2600
4500
12600
13200
13300
11600
11900
7400
7000
11000
16300
700
6700
5000
11700
8700
4100
3100
-100
6400
500
13300
7200
5700
5300
8500
6600
0
5700
12300
13700
8100
2300
1600
14100
3400
-100
4300
900
200
11300
3100
8200
7100
12100
3300
6500
14500
13700
1700
6600
13500
2000
13000
3900
-100
900
-400
2800
2300
3100
2700
8500
9700
2200
17200
12900
1400
1500
900
3300
700
3700
-500
9700
12200
5900
4000
1900
11400
600
8300
12500
2900
12500
13600
17500
11700
3900
5000
10100
2300
300
1300
9500
5500
3300
1500
3300
1400
2900
13300
13000
8800
3700
13100
8400
8000
3400
1100
14600
2500
5800
2000
4300
1700
4200
13700
4700
4200
3100
5400
7700
5900
11600
2700
1700
7800
4000
1300
3800
1400
2200
2600
9700
-300
100
7500
4500
2200
3700
6900
2100
2000
1000
7800
14300
4200
5800
2400
7100
1600
1300
14500
9000
12500
9600
10400
3900
3900
6400
17400
2900
17100
0
5300
15200
3700
14100
10900
10700
3300
1300
3500
11000
600
3200
900
6900
5500
14400
6600
5800
1300
8400
10400
9100
13600
5200
7400
1100
15800
-100
2200
9500
5100
3500
3500
13300
1500
2700
14400
5600
11000
10100
5500
9800
14300
4700
2600
1400
6700
7600
6100
4100
1000
16200
8500
5500
2500
2400
2300
3400
3000
7300
5800
13700
1400
10400
4100
3600
2400
2300
800
3400
2000
200
8100
12700
15100
5900
10700
1800
2400
1600
9000
300
5900
6200
3000
3100
6000
9300
700
5300
7500
14500
6500
14600
2700
3700
-100
6000
11600
4400
7200
14000
3400
7000
3600
3300
13900
9300
-100
2300
6600
5000
1800
2600
5900
4500
4000
1600
9300
14300
4800
2300
1100
5600
5500
4100
4000
11200
4400
400
5000
9800
17100
13900
3200
3400
1900
200
13300
1300
6100
9200
6400
2700
4000
5000
8000
7600
10200
7100
1900
9900
1300
6600
5000
5500
1600
15300
12500
1600
3700
2700
12300
11000
12100
6700
1800
1900
13100
15000
13100
5200
3800
4300
3200
800
3800
10600
4600
12600
8000
4600
1200
13800
1000
13100
4400
13500
14200
1300
8200
12700
3700
4500
5700
1400
900
2400
3100
1000
12200
7500
3800
14400
14600
3900
8300
12300
12700
4400
14600
2400
13600
-100
1000
8800
7800
1800
400
11800
8800
16000
1600
1800
8100
8200
400
0
9600
3000
10000
6200
1400
4200
16400
11300
9700
3500
1400
6500
11400
15700
11800
15300
1400
6600
13700
14800
14200
9800
4800
15900
1500
14700
900
1200
4300
14300
700
10100
10600
3700
6000
3900
2100
8800
9200
1500
2600
1900
4800
-200
1100
8200
2600
1800
5700
2600
3300
8400
4500
-300
1200
13700
2500
1100
2800
15900
6100
14600
13600
7300
5200
1300
9800
14100
1800
4700
2900
14000
3100
14100
14800
16100
1300
8900
-100
13500
2500
12400
1700
13200
4000
13900
2500
-100
500
500
2000
12300
13600
7200
11100
13700
13100
14600
5900
6500
1800
6700
2500
15700
3700
8500
1900
5300
1500
3000
16800
4400
2700
2100
9800
1100
14100
15400
13100
13600
3100
16600
10800
14900
-100
10500
10800
13800
-300
11600
1900
6900
3800
14600
10600
12800
1300
2500
1800
9200
6300
4200
15800
2200
12400
13700
400
-300
12500
12900
1100
8300
4500
6500
3700
1200
6900
3800
8300
10600
4200
600
15600
11600
11300
13000
3900
14100
4500
900
12100
11200
7500
14200
2000
6500
8600
7200
9300
12200
3600
6200
3600
2200
2500
7700
8300
4800
16400
-300
14300
1800
6300
13300
2800
13800
1000
13000
600
3400
2500
2800
4200
14100
12300
3000
3800
3200
14200
5700
5500
8800
1500
5300
9100
2200
12700
4700
5800
5600
2800
3500
3000
2900
-300
5400
10900
10200
2000
3500
2700
4400
13500
14800
800
13900
14500
9000
1100
6900
13300
1500
300
11600
10500
2100
4400
5600
4300
3300
7000
12700
11900
5100
7200
16300
1500
3700
10700
15200
15100
8800
3100
15600
2600
6100
4500
1200
3600
3300
10600
-300
2800
2200
6200
600
9900
4600
12300
14500
15100
12900
13300
14300
15200
3300
1500
1100
400
2600
6800
12800
2900
7700
5400
11600
13700
4000
4300
1000
4800
4100
6900
14600
3400
5900
2600
16300
9300
1100
1400
3800
2600
12200
3700
9500
8900
16600
1600
1600
14400
14700
400
14300
4400
13800
10000
1500
7700
3300
9900
4900
11600
3100
14500
2500
9600
6100
4100
3400
1600
4000
1500
7600
9900
1000
8700
300
5200
9400
5900
1600
1800
0
2400
15300
16000
4900
0
5200
9700
200
3800
12900
6800
6700
12600
3500
13000
700
9600
800
11500
14500
10000
2700
15700
2000
3900
12300
1500
1900
13900
3800
2800
100
4200
6400
17300
7400
2800
3400
2100
1100
3900
3600
2800
4700
13100
15600
2000
14800
12900
2400
13900
4700
4100
7400
14800
13600
1500
1900
5500
1600
6200
2100
3300
2800
3600
2400
3000
3500
6100
6200
10900
9000
4600
3400
2000
1500
7000
6700
11000
1300
4300
10600
8200
9100
3900
300
3700
13900
4000
14300
14200
13200
13300
0
3000
14600
9800
400
2900
2000
4800
13300
5200
2500
12900
7100
4200
4300
8200
3100
7900
10800
2600
1500
13500
6100
3200
6200
9200
5900
12700
800
15300
8200
3100
1400
4000
15800
13200
12700
9000
6500
3600
800
4800
12100
1100
1900
5900
7600
1500
3600
5900
8600
5600
3400
16600
6800
300
15400
7200
6600
13200
5300
14400
2800
12700
1300
12600
13700
6700
10000
2100
6900
10300
1500
16400
13200
5300
2400
3400
14000
6900
4000
12000
-400
13100
5900
2000
14500
2000
8900
300
10600
2100
800
6900
14500
2300
1900
500
6500
1400
7500
400
4400
12600
2100
8000
11800
-500
16500
13600
1600
14900
10700
10000
3900
400
9800
4400
4700
5900
800
8000
8500
4500
6700
-400
2700
600
11500
12500
4600
2400
5700
4200
15800
9400
11700
11300
10000
1200
2800
15000
4500
9300
7100
6700
15000
9300
9200
100
4400
3600
6900
14200
10300
7900
12700
3300
6300
1100
2100
3500
600
1500
2200
2200
2800
3900
100
1800
9200
17200
15800
5800
6800
800
8300
7000
1900
14100
3000
2700
15300
6000
2700
5100
900
11100
1700
13000
13200
500
3000
10000
3900
7100
10300
13500
1800
1500
11600
4900
8000
14800
1400
14700
700
3600
13900
8800
14000
4000
2500
2500
1600
7800
14700
8700
13300
2200
6600
7800
13400
12800
14700
1200
13100
12100
14700
2900
3800
7000
13000
11600
700
6000
700
12200
5300
700
2000
10900
12700
2200
13000
4000
6800
14500
10000
8400
1600
6800
11900
2300
1500
1300
2300
9300
3700
5000
1400
2800
11600
15400
1900
2700
8200
4000
2900
5500
1400
13800
15000
3700
13000
4100
13700
15400
3200
15700
6100
100
4200
2600
4900
6700
2800
9900
12200
1000
2400
15100
12800
10600
5800
8100
1700
4200
1400
10200
6500
9200
2300
2600
15000
11600
12000
7200
4900
13900
7200
2800
1600
1100
2200
5800
16400
13200
13300
4500
9600
3800
10700
6300
1500
3600
1300
1700
1700
14800
3800
2500
6300
16900
13600
14600
500
5700
2300
3900
3300
9700
2800
5100
-100
14400
4000
13800
1900
14800
5500
16100
10500
7000
13800
400
11800
1700
14000
9600
7200
4500
3700
13900
1500
3300
4400
12400
5100
900
2900
15100
8100
3400
2000
11000
15900
4300
14200
8300
5900
13500
13100
2700
13900
16200
11000
11600
7500
1800
10000
5000
3400
14900
9300
7800
6600
11500
5600
7800
6200
4600
3900
8400
15800
14200
3700
1100
3500
2700
8800
10800
2400
5600
3300
-100
8500
12700
500
8600
7900
2600
7400
14300
2500
7800
2200
12800
2700
-400
1000
13400
1300
2700
9400
1500
7800
4900
9800
2800
13700
2300
11800
200
2200
1500
14800
6600
3600
1700
13800
13300
2900
16600
2700
11800
4700
1200
400
6900
700
2000
14500
8000
8100
1500
9000
3600
6500
8000
14700
13400
800
1400
3100
5100
1400
2000
1100
6900
600
4200
13800
3500
13500
10800
4500
15200
3100
14800
10000
7500
400
8600
3500
8700
13700
14900
1200
500
7700
5900
3400
8500
12000
1000
2900
200
6000
1000
2900
2700
400
5900
5300
1700
2500
4300
4200
11600
8600
10000
8200
14400
5600
12400
10500
11800
11200
6600
1600
13400
200
2500
3200
13300
6400
6100
1300
7300
500
14600
5000
4500
0
5500
13500
11100
10600
12100
7300
8500
13900
15800
8100
2200
14000
4400
13400
10300
900
2300
13800
5300
400
8900
4200
3800
5900
2700
3600
14200
400
9900
14500
13800
100
13700
4400
15000
9600
5100
4300
8300
1000
7400
10500
4000
2100
2700
10700
1800
11300
14500
-200
4900
6800
14000
10100
700
10900
7100
200
13100
1300
7100
13700
12800
11200
4900
7700
500
5600
1000
2000
7000
8900
13200
8500
4500
2000
6800
10100
13200
4000
8000
10100
4400
800
3300
9800
5000
1200
2900
15800
10700
4800
7100
4100
6800
14700
9600
3200
3900
6500
7400
3100
300
13200
5200
1800
5800
12600
13700
4400
3400
2900
4800
5100
6200
10400
10400
13000
4000
5800
2900
6900
15200
6900
12800
3100
2500
9400
3000
5900
4300
9000
800
5900
2800
14800
7800
4300
1100
3700
9200
2100
2400
4700
13900
8900
1000
2600
3300
5300
9200
11700
2200
1300
6900
4900
3500
8500
13100
4000
4300
13100
15100
2700
14800
8400
2300
1100
1000
7800
1100
6400
13200
4900
2700
2100
12100
1700
700
7600
15000
5000
13200
5500
2100
7500
6500
4800
3500
4800
9900
3500
12000
4600
11400
4000
6800
13000
3700
8100
13100
5300
13300
14000
4400
8600
7400
9100
2200
2100
12300
9800
6100
3200
12300
10800
2000
5000
11100
11000
700
3800
10300
11600
3300
6000
1400
2600
100
3300
8400
4600
2500
3800
200
13200
2800
3200
8400
3600
600
4600
2500
13700
600
7600
1100
13800
2100
4300
2700
2000
300
7200
6700
3600
2100
13000
1600
400
1900
1400
15100
1800
2800
4000
9200
1900
4600
8000
9400
7000
4700
6700
8200
8700
10400
800
12000
-300
13900
1400
13200
2300
9100
4700
3800
5800
8400
2600
9400
4000
6000
5300
5500
2200
6500
2200
4000
6700
14700
10700
14100
500
13900
5400
13600
14600
13100
1600
8600
15600
2300
500
12100
1500
2200
9300
9200
12800
7900
4900
5100
14800
13000
6000
3500
13300
2100
2500
15100
3000
1700
11900
9500
2600
2600
5900
7500
8700
5200
14800
3600
7700
500
12100
6200
100
4300
2300
4100
14100
1700
1600
5900
3000
14100
3300
16100
1600
7200
1300
12900
14400
2700
5700
13200
8000
2000
3400
2000
7300
6900
13900
5200
6000
600
1600
13200
5600
7000
3000
1300
9700
2600
1800
4000
14400
11000
12200
12900
13300
12300
5300
4300
9200
16000
3300
2100
4200
6300
2700
3500
7600
3700
9900
11200
4500
15000
600
6400
7400
800
3100
9400
3000
14000
2500
2600
4000
5100
800
5000
6000
13700
2900
6800
2200
17000
8000
7700
15800
5700
11500
2800
7900
6200
2000
4100
3100
13300
3800
16000
3800
1800
6000
8300
6700
9300
2900
5300
14100
1600
13700
8300
1200
2400
13300
4500
10800
10600
10900
100
1700
2100
14400
1500
1400
13700
700
1200
3500
10400
3700
5000
5900
10000
8300
600
4400
5700
1700
3800
13500
3700
4700
6800
14400
2300
3500
6500
6500
4200
4700
4100
14300
5000
4900
5100
11500
4400
5900
1500
14500
5200
13000
1500
4700
5500
4000
11800
3200
5100
2400
12700
15500
2200
300
4000
12900
7400
14600
2200
9400
1100
2200
5500
5500
13400
8700
14200
11400
6500
10100
5900
3100
5500
9800
13400
1900
2000
1700
14500
6000
10000
7600
1300
12700
4400
7500
13100
8700
7500
3000
4100
1000
11400
7000
2200
8300
1300
14000
3200
14500
4300
5100
1600
-300
5500
14400
11200
1000
7100
1800
3300
3600
6100
1800
13600
13000
2600
8400
15600
2500
700
8600
5500
1400
6800
4300
11100
1100
12900
11300
12300
9800
3100
3500
13900
3500
3000
5500
1000
600
11000
14000
3900
1800
5100
1000
5300
11800
2700
3900
400
1300
6700
1800
7200
8100
9400
3800
5700
12900
4200
6400
1600
16000
1400
4100
4100
16900
7900
10300
14400
9300
1100
-100
3000
7600
4600
1200
6900
4900
1200
17000
13700
13500
12000
14300
1700
13400
7500
1800
15000
11000
1700
14500
200
12500
17300
6900
8900
6400
13300
5100
5900
9100
11400
3300
3000
11500
5200
2900
5600
5600
11700
2900
8600
10200
5300
16800
200
1300
15700
5900
12800
14600
3200
6500
5400
300
6200
200
8100
4500
2000
1900
4500
13300
8500
15100
3300
2100
2400
15100
5900
12900
2800
2900
13200
7200
4800
13200
3900
6400
300
6400
8500
3100
3400
3100
7400
16100
1200
14300
7000
300
12100
8800
12100
6600
4100
2500
400
13700
8900
-100
5600
13000
10100
10700
6800
1300
2800
10800
13100
10100
6600
5500
13200
3800
4500
5000
5900
600
1600
14200
2800
8400
2500
15200
9000
6000
12900
3400
2400
13300
3500
1100
5000
13100
13800
2900
11600
5900
5900
2800
2000
2200
13800
8800
1100
10600
9600
6400
9900
10600
4100
8100
500
7000
700
14600
2300
1300
2800
10600
5500
700
1400
3700
1800
1700
3400
11500
1400
1700
13100
6400
11500
3600
2400
5400
6700
10800
4700
1500
16300
16000
7500
3500
2200
13400
5200
14000
1400
17000
400
8500
5100
2800
5000
4600
13700
5900
9300
2700
500
13300
15300
1700
500
400
2700
6400
5600
4500
-200
200
1800
13900
8800
300
1600
4200
4100
1000
6000
2300
200
3300
3000
14600
2900
2800
14400
8200
3300
7300
900
1400
5800
10000
14500
4600
600
1700
700
3500
15300
5900
11500
9500
10800
14300
5100
4900
11700
2400
300
7800
3600
7200
9700
12000
12800
11300
2900
3300
13200
5200
10500
1400
4200
3800
6100
1500
1500
7000
4200
9100
3400
200
2200
9300
3400
14200
7900
13400
14300
12700
7700
3000
400
3700
2200
4100
9800
14900
3700
0
6200
1700
13700
700
3600
12500
7100
7000
12400
7700
2000
7100
13200
5800
1900
3500
10100
1200
7900
12900
4300
12600
12700
14800
2500
13000
13900
7200
12600
2400
4400
13500
2100
9000
3300
4600
2500
1700
600
3900
3600
6000
4100
2700
2500
4300
15200
6000
1700
14500
14100
4200
10500
3800
2600
13300
2800
11500
2600
2500
5900
12800
3600
7000
9200
11400
13100
8600
800
3600
4900
6700
8200
4900
1100
4700
1600
14700
1000
10500
500
6400
2400
7500
8000
700
8100
4600
2700
2100
9300
11700
9000
9900
400
7000
2500
10100
1100
2300
4900
8500
10800
5900
5700
2700
3100
13800
8500
1200
6300
3400
3800
11500
4200
3900
4700
14200
5700
9000
14000
3000
2100
13200
8000
7700
7800
7200
3100
500
100
2800
5200
1200
2100
5600
6000
14300
8100
6400
3800
4300
1100
1000
10100
11700
12500
10100
4700
7400
8500
1900
6700
800
14600
5700
11300
4400
4000
13200
3300
2300
1700
5700
10700
4400
11600
9500
2900
800
3900
4800
2700
2000
-400
1800
15100
1900
4700
3500
4400
12100
4100
13300
1200
14200
15100
4900
8500
5400
9700
3000
4900
4100
1900
5100
11000
15400
12200
10000
6700
4900
1000
8300
8800
1100
3100
800
2700
6000
4800
13100
100
15700
4700
1900
4600
2800
9700
3500
8900
18500
12100
7000
6700
300
7400
5800
2300
700
10600
10100
13900
3200
3200
11600
2400
9000
6100
300
500
15600
2200
10000
800
5500
1400
4300
3400
900
13600
800
4300
3700
2500
11200
13300
6000
9600
200
3900
5600
4000
1500
13500
15400
1200
13400
10200
7800
7300
8400
200
8400
1800
7300
1300
13000
17100
6600
8100
4800
2900
600
10400
2600
300
500
8700
12400
12600
7300
2800
300
4600
10600
4700
7100
4900
13800
1200
3500
5800
4600
2800
6500
14500
17200
3900
2400
1000
5400
3100
13100
9600
2500
16200
14100
14500
6900
2400
1000
4700
5600
11800
7800
800
12600
1700
2600
4100
12700
1800
12800
2300
600
1800
14500
13400
7700
5200
5700
10200
3500
16100
7200
1400
2100
6400
8400
4600
7700
-200
7400
6500
8000
2900
2100
7500
14200
12900
300
14700
11000
6000
13700
4300
8200
12000
400
400
3700
3300
600
13700
14900
1400
8700
12400
6200
15000
10800
4300
13000
10200
14800
11000
1000
2600
7200
6400
3500
6500
1500
9600
15000
1300
300
5000
3600
200
4900
2400
2300
10600
5400
1200
9100
1800
100
1000
14300
1800
11400
7100
7600
2700
13400
1200
5500
3700
2100
1000
8700
1800
11800
7900
2600
9400
600
4000
12900
2500
5600
2400
9900
12700
2200
5900
9500
1500
14300
10600
15100
8200
10100
15300
1500
700
1700
2900
3500
14600
2300
1700
5000
7600
4700
14400
9200
900
9100
6100
16000
13600
4400
12800
13000
9700
4500
2000
14500
3300
11800
2200
2200
13900
1400
600
13400
7700
5900
3700
7600
9500
7400
7500
7600
17300
1700
1400
800
3400
5300
11100
12000
4000
5100
8300
7300
6900
9800
8500
7100
1300
2100
3500
14800
8800
8100
13400
1600
7600
800
1400
14800
2100
10600
5100
5500
2600
4600
5100
7700
15100
4600
8200
1700
14200
1700
10200
2200
2400
3500
2900
13100
8400
1300
5500
-100
14900
400
13500
13000
2000
13300
1900
3900
0
13400
3900
5000
800
11000
11400
1500
8400
1200
15100
9700
3100
4800
1000
1300
14800
12400
9000
15300
13000
500
6500
13900
14000
6900
12900
500
14700
200
900
7400
600
3400
2400
14000
4400
8600
13200
2500
2900
10400
13600
13500
12700
2500
3300
3700
5900
9800
14100
13500
13300
12500
1400
7700
1900
8400
6100
3400
5700
3200
15000
5000
100
700
4800
2500
12600
15500
10700
1800
3800
10500
3300
6700
2900
9300
1000
4700
4700
18300
2000
3300
15200
3700
3300
3400
3800
7000
1100
5700
4600
1900
300
1900
1600
13100
12600
1200
6000
2900
900
4300
10900
3600
6800
5300
14900
7900
3300
3000
13400
12400
5500
3600
1200
7400
17000
10500
4100
4900
8200
5000
5900
7400
2200
3400
12800
15300
500
12600
15300
3600
2200
12900
13600
3500
7200
1700
14900
1800
3700
2200
4400
12900
3000
5800
-200
6200
5300
15600
400
13000
3300
7800
4600
6800
4600
6500
1100
2200
14600
6700
11300
4300
500
5800
11900
1000
8200
11300
2400
13700
14200
7300
1200
3700
8300
12600
13200
4300
7800
7100
1500
5000
8400
3200
1700
9800
4100
4600
7300
13300
7300
12000
5500
2900
1600
1900
600
1700
2100
5900
1000
1400
5900
12000
1500
7300
8700
13200
5400
13400
1400
12800
12000
5100
8400
800
3700
15500
6100
13900
12900
7200
8200
4200
14400
500
600
8400
900
14300
4800
10200
6700
400
11000
3100
1700
3300
12800
4400
2500
11300
2100
5800
5300
7000
4600
4900
7100
12100
900
6400
2300
5900
4200
1900
13400
10000
9800
10100
2200
4400
6600
14200
1800
10000
6200
14200
14200
6600
5700
13500
2000
1800
6700
8200
5600
6000
15300
2000
2100
13900
4300
4000
13100
1700
5200
10400
3200
9400
14700
7000
8600
3000
8500
3200
6600
6400
9600
3900
12600
14500
4200
3800
13000
14600
16100
500
2100
5900
10500
6700
4100
4800
1500
1600
6200
10700
3300
13600
4200
2900
14100
1900
14700
12400
8300
2100
600
5500
2100
5200
13900
3200
2500
2800
9500
3400
6300
2700
600
500
13500
10300
6000
9600
6400
14700
3600
2600
1300
10300
3700
11700
10900
3300
12800
-200
10600
2600
13800
3000
14900
1000
7500
1300
4100
10500
12900
13400
7600
16700
3200
2300
7600
3100
12500
2900
14500
1400
400
6200
4500
14100
5800
10600
13200
4800
6500
15100
14800
2000
5600
400
14200
14900
9800
10000
9200
2800
5300
8200
7900
10100
900
13900
3000
200
14100
0
7800
9700
15200
13000
15300
16700
900
1000
1800
1200
13700
4900
16100
9900
7100
6200
5500
9300
8600
1500
800
8000
12700
10300
2200
8200
3600
6900
11500
6700
1900
3300
14000
14500
8500
6900
13900
5200
7500
6700
4300
2700
12400
5800
13400
7700
6700
4300
400
7400
6600
3700
4600
7300
700
5900
8800
12600
14400
4000
3600
7600
15900
2800
10000
4500
11100
16300
2300
13700
1600
6800
2700
5200
4400
2300
3200
14100
12400
6300
7200
14200
8500
4400
9200
700
6000
15500
13700
11200
1500
16600
4300
3400
5100
3300
5900
500
12800
13000
4100
4700
400
6300
9800
7600
11200
4200
15400
11600
12300
11200
14700
7500
4000
1300
11500
11200
6400
10200
2000
10300
11200
14600
7200
14400
10600
8100
900
14400
3300
5600
16200
6200
1800
8900
13800
700
11200
13000
4200
6000
14000
6800
5900
7500
4700
2700
7100
6000
14700
1700
14900
5200
8600
5300
3400
500
14000
10300
5600
7600
6600
3200
1600
2800
15400
15000
15500
700
6800
6800
6600
8600
1100
700
700
3400
1500
1500
5000
12700
200
1500
9500
9400
5500
1200
3800
2600
8000
15100
8500
4000
14700
2300
8800
3400
5600
5400
9800
2200
6700
7700
7400
12700
3400
6100
7500
15900
8300
14500
5200
5200
13900
14300
10200
7200
12600
2200
5700
10100
4100
4500
2000
800
400
6700
500
1000
2500
2200
13800
4300
7300
3500
12100
4300
9100
12400
1800
8000
9100
2700
2300
1200
12600
10700
400
15700
3200
13500
4500
13500
5800
2100
10200
4700
9300
15200
9900
1800
0
8200
3600
600
3700
3500
7400
4300
11000
5200
4600
11900
3800
8200
900
1500
3100
3300
4200
13100
13900
7700
14300
4900
4400
2000
15000
12600
6200
1600
12100
14300
14600
8800
2400
6700
2600
15900
12000
3900
8700
1100
5100
1000
12800
14300
3200
14200
14600
7400
15400
100
100
500
7300
2500
1600
15300
1500
3100
4800
3100
7200
2600
2000
1000
1300
11700
12800
14400
13600
9300
7700
700
10100
13700
9000
8600
16000
1700
9200
10700
5000
9500
2100
1100
2800
2700
1700
3800
14500
6200
6400
2200
1100
8100
14500
800
7000
6600
400
2100
13900
1800
2900
6900
4500
7200
5500
6600
700
14400
14000
3000
4700
2800
14700
1500
13600
500
1900
900
5000
4000
14300
14400
4900
13300
1000
14000
2800
10400
13500
600
10100
8200
5800
3900
9100
4600
10500
-400
3600
600
8600
5900
14700
4900
6700
13400
14200
15300
14200
4200
5600
6400
13200
1600
2500
9800
6100
800
11900
3200
11000
-100
11400
5900
11800
9400
10200
16500
1100
2100
5800
14600
16000
2000
1000
12800
400
3000
9900
2900
1900
2000
100
14300
3500
3900
1800
8700
5900
2500
14500
1200
2100
2600
9100
14300
6300
1800
1600
10600
4900
3400
14700
13300
13200
500
1700
11000
14500
10500
3600
1000
7200
13300
6000
14100
11000
9400
10200
6200
4600
6200
14200
6000
15700
13600
3500
13800
3400
4600
6500
6100
9600
15300
1100
1000
14400
3800
13600
12900
12400
1000
3800
3100
2200
4200
13200
400
13900
13700
1700
2900
1600
8300
12100
4700
13000
9100
5500
5000
700
4400
10700
5400
8100
10000
1000
11500
1500
17800
6100
1700
13300
1200
4000
12700
14400
4900
13500
2500
2500
13500
3600
14300
12100
1300
9600
14200
3600
3600
10300
12900
5900
1900
10900
8900
13500
4500
14100
9700
2400
1100
13100
13400
1500
3000
9400
400
8200
3500
200
2400
14100
9700
12600
8700
3200
3600
3700
10800
14000
5300
4400
3800
1700
1300
13800
500
8900
3600
3700
800
12800
3600
11100
13800
2900
14800
9900
14700
3800
14400
12500
15200
8600
9600
16300
3600
9400
14200
1100
6100
3000
15300
15600
12800
6100
15800
15400
6600
10000
5000
1600
400
8000
3800
6100
5000
15200
9700
15700
13700
9600
15300
13200
2900
13500
4200
2600
4400
9400
11900
4300
1900
2900
2700
9400
1600
11300
3100
4800
4500
3000
7900
12700
6900
10200
13400
5600
6700
12900
8200
2100
13000
3500
8000
1400
9100
13900
1900
10200
2500
6800
1400
6600
13600
5600
14200
6400
2200
5800
400
600
7700
7700
4200
2700
4100
1300
16000
1300
12300
2800
7800
14600
1600
5800
14500
2400
13400
7500
11700
9900
13000
900
10700
14900
8700
14600
5300
5400
7800
7900
600
500
12100
12400
10400
1400
1200
8000
8100
4600
5100
2900
14000
1300
700
6200
7300
500
7400
13000
14900
4300
6100
14900
7300
12400
7600
12800
13100
5800
0
11200
2300
13600
1900
2400
2800
13000
4300
2600
1900
2400
5200
13200
4200
12400
5100
11000
14300
8400
13400
5400
1400
2300
14800
2400
1300
0
3900
12800
13800
6100
400
0
13400
14400
2700
6500
2200
2000
12200
3400
700
14100
5400
10000
14800
1500
5100
12600
1500
10300
7000
6600
12300
12600
11300
8800
4000
4500
15800
4200
6800
3300
1900
13600
14300
1900
15000
4100
5700
3200
13500
7600
2800
4600
4300
10100
12500
15400
10200
13900
1700
4000
9900
400
1900
10000
11100
12200
9200
13900
0
6700
3500
3000
3900
6200
5700
5400
500
13700
7800
6000
15000
1200
12300
14100
14300
1200
13200
4600
14700
10500
9400
900
14300
6100
13400
14000
4500
700
5400
6200
4800
13700
13400
9300
13900
4200
13900
2700
1000
12600
17200
13600
4600
7400
11400
3200
8600
1000
9400
13200
500
4800
4400
6800
15900
4900
11500
16100
5000
1700
15600
2800
5900
3900
7200
1300
10000
100
9300
2400
4100
9600
1700
14600
0
1500
11500
13400
1000
8700
12700
4300
13000
5300
6100
10100
1200
3900
1000
2000
2400
14500
8000
8800
9200
9200
9400
6000
800
14700
10100
5100
7400
1100
1000
6500
12900
14100
6100
7800
3600
1700
1900
15900
12800
7100
13100
2000
6100
13500
4800
9100
8600
3500
1600
9300
5400
3700
1000
12500
12400
8400
15700
8600
12900
14200
6200
3100
14300
2500
6500
11300
15900
4900
16300
4100
5100
13500
3300
3600
2600
10000
700
11300
1800
14700
1800
16400
5000
13800
3800
7700
4000
13200
12200
700
6900
17800
4500
4700
14800
6600
1900
4100
2600
15000
9300
4700
7300
3000
9200
3900
3800
6300
4700
7300
6500
4000
7700
15200
3100
6000
5000
8100
10200
1900
800
6400
0
1600
7300
14400
12600
1600
13600
4300
1800
10700
15000
13900
2400
6500
15800
4800
13100
6300
1200
2300
1900
4100
1700
1100
6500
8800
2300
7400
13200
900
6400
12600
3400
16500
13100
14500
1100
14000
13300
10400
9500
5700
11700
7800
13800
2600
13700
8500
1600
10100
1100
13600
900
3400
14600
11000
12300
8800
15500
14200
10400
3000
18300
400
15900
7500
7300
14700
6400
6100
1000
5000
13200
6800
4700
5900
2900
4700
7100
6200
10300
3100
2600
2300
15800
14100
700
14100
8600
700
18600
2700
2400
7600
4900
4700
15200
8800
12400
7300
14000
4100
13600
4300
8300
15100
13100
6400
5800
8300
5300
10400
15100
3100
7000
4700
1700
13900
4800
13500
12700
3900
9400
13300
11400
6200
500
13100
6800
1400
3600
5400
6500
14500
900
6300
13400
1400
13400
3300
13800
7100
13900
15400
9800
2300
16000
6200
6800
10200
13000
3700
11200
6200
12100
800
4600
600
15000
12200
7100
7700
12400
13300
11500
11200
16200
13700
14300
6800
2400
600
1600
15300
16100
1600
12800
14000
13300
2400
1100
7600
14000
500
14000
8900
9300
15400
1900
2300
2900
11000
2400
3500
15700
11200
7900
6400
2400
1300
8100
4100
4000
5900
1000
7300
4900
11600
11900
11000
10100
9000
9900
4900
13900
9900
1200
13800
2100
17600
-300
14700
14800
6100
2400
6100
1100
11500
2400
11700
10300
1900
1100
15600
14300
1500
14100
12800
6200
5300
7900
200
13200
11600
11600
5200
11600
13600
13400
1100
6500
1300
200
14900
7100
10700
6900
1600
8900
5000
4100
16700
15900
9500
13600
2700
5200
4600
13500
13900
2400
16200
7400
5100
14200
13800
12600
8500
2100
10200
13500
9100
12700
2300
4300
13000
2900
16200
10500
8300
600
4100
2200
10700
14200
6400
13500
13100
900
5100
14400
3200
17800
700
11800
13800
14600
1500
10200
2000
11600
4300
2700
15000
8100
6600
8200
15300
13600
3500
2900
16200
4000
10000
400
13200
10700
1300
2800
8100
15000
14300
1100
6700
15700
9100
7800
11600
3800
5300
14000
4300
6000
8400
2600
6700
12200
15300
13500
0
1600
13700
4300
13600
8600
14100
1100
8500
6100
4100
10900
7400
4800
9500
12900
2300
8500
9000
13000
300
7100
7800
12100
9500
1500
7300
17100
1200
4500
4000
1100
14100
3400
14300
3800
2700
10200
2500
14400
4800
7400
15500
2800
14900
6500
16000
9100
200
14100
7000
4500
13200
14000
13200
5600
8500
10400
5700
500
2700
2200
700
1900
7300
13000
5900
13000
13500
1500
15500
4000
6800
2800
5400
11600
4100
15200
10700
10600
9000
4500
2200
4500
5100
10800
12200
11400
2800
15000
2900
6600
2700
12500
5800
9300
3700
7000
12500
14400
2200
0
4700
11300
6000
1000
9600
100
7600
14400
11600
15200
13300
3700
4000
1700
1500
400
4900
11900
2600
11400
12400
5300
13300
10300
3100
14200
5100
6900
2400
1700
1000
14100
12500
6000
1100
3800
12000
14500
3200
7500
13800
13600
9600
9500
6900
3800
3300
2600
3200
3300
14800
5400
6600
14200
13800
1300
1800
13400
8100
15000
8400
9100
13000
4100
13500
15800
4100
14300
5500
15700
11200
13100
5700
1300
8900
5900
9100
13200
500
7900
5600
1400
6700
14000
12300
2000
14600
6500
11800
15300
14900
8700
7400
14700
9100
3700
9100
14500
8900
700
1100
12400
1300
11600
13800
13000
13600
9400
2200
15200
2300
7400
10200
100
10800
11400
10900
11600
13400
10300
16300
13400
100
13100
1000
4100
15000
8300
12700
14100
15700
12400
6600
2200
14800
13900
14500
2800
2500
13700
6000
10700
5100
14500
3300
2000
9400
5900
5000
1000
12300
1100
12200
14300
13300
13600
10200
2200
1500
13100
600
5800
13300
12000
14800
6600
6200
10800
2400
2700
13000
13200
14500
10800
7500
8400
13400
7600
5200
15000
14800
11100
10300
15500
4600
2600
5700
14000
14000
2400
2700
5800
10100
14100
1600
500
3000
4700
14600
13900
13400
1200
11900
5100
15800
7800
4200
700
13600
12900
8100
10800
13400
13200
7300
-100
2800
2000
1200
5700
5900
4500
-300
14900
5000
10000
13600
13600
8300
2800
13400
5100
8300
4700
4000
1200
12000
12600
7900
2200
12300
16600
6100
4500
2400
13100
8700
6900
15700
12400
400
3800
3000
2200
13700
3200
6300
12500
13300
2600
13200
2500
6400
5800
1000
14300
11900
4500
6800
700
14400
5100
4200
10400
1500
9200
10900
13100
10800
0
10000
2700
7800
5800
15500
6300
5800
10800
13500
9400
2900
12700
6200
700
3200
12600
14200
2000
13600
1700
2700
2100
13500
11900
3800
1400
14300
7100
100
7200
6700
6700
11800
2300
10700
14400
13800
2100
6500
7200
100
4900
12100
10200
10800
4900
8900
10100
12700
2500
14700
6600
12800
3400
10000
6200
13000
14500
13900
5600
8200
2600
14200
2200
12400
700
3000
13600
8700
10200
11000
4400
7700
1100
2000
9700
9300
16800
8100
13100
3800
13400
5900
13000
7400
9000
0
8300
3000
1300
13300
14100
2600
5900
5700
2000
8600
2500
1600
12000
12600
6900
2600
4200
14400
1700
8100
9500
6400
15500
11500
14100
7200
4500
5800
7900
300
9500
9100
1800
4600
2900
10000
10200
13600
13900
5200
14500
13200
15800
3700
15100
3100
11100
12900
4700
5500
12100
13200
2000
14500
2400
10600
1800
3600
13100
1500
5000
3400
14300
15800
14200
5000
13800
2500
14300
12600
2000
12000
13400
10700
12200
10700
7000
12200
3400
12400
1300
1400
5900
14000
12600
4700
6400
12600
3800
500
1800
3500
8400
15100
6500
1100
5800
4500
16400
3500
15700
7700
7200
15400
6900
14800
14400
12100
13900
7500
15500
3900
8500
11300
3300
13300
6100
5600
2800
7900
