0
-1.3328
-1.5601000000000003
-1.4622000000000002
-1.3543
-1.2693
-1.3261
-1.3573629629629629
-1.294
-1.5007000000000001
-1.2921
-1.7035
-1.5191
-1.4664000000000001
-1.3052000000000001
-1.4887000000000001
-1.2344
-1.2331
-1.4594
-1.3874
-1.5507
-1.2568
-1.5591
-1.328862962962963
-1.5154999999999998
-1.6468
-1.5078
-1.3159
-1.417
-1.4234
-1.3330000000000002
-1.2785
-1.3518
-1.4066
-1.8846000000000003
-1.3905
-1.7143
-1.3488
-1.3707
-1.4485000000000001
-1.3299
-1.5926
-1.3514
-1.6630000000000003
-1.4116
-1.4052000000000002
-1.6635
-1.4742
-1.2386
-1.3082
-1.3287
-1.4489
-1.4987000000000001
-1.2882
-1.2972000000000001
-1.4875
-1.3685
-1.1663000000000001
-1.6075
-1.5059
-1.5308000000000002
-1.9291
-1.3276
-1.3904999999999998
-1.6264
-1.2956
-1.2817
-1.3524
-1.5263
-1.7130999999999998
-1.4703
-1.4779
-1.4735
-1.3504
-1.501
-1.3024
-1.6403
-1.2837
-1.5030000000000001
-1.3638
-1.3203
-1.4185
-1.2486000000000002
-1.4482
-1.5879
-1.5299
-1.2218
-1.4392
-1.8141
-1.536
-1.3256000000000001
-1.4754
-1.2403
-1.4731999999999998
-1.4312
-1.4677000000000002
-1.4432
-1.3874
-1.4727000000000001
-1.4215
-1.3499
-1.4409
-1.3637000000000001
-1.4026999999999998
-1.2952
-1.5196
-1.3237
-1.2677
-1.3975
-1.587
-1.1891
-1.2706
-1.2948
-1.4156
-1.3545
-1.35
-1.5968
-1.2438
-1.5777
-1.6827999999999999
-1.557162962962963
-1.3725
-1.5806
-1.2855
-1.5727629629629631
-1.4668999999999999
