0
-1.0728900000000001
-1.02038
-1.0653
-1.05489
-1.03704
-1.03655
-1.03994
-1.05644
-1.05687
-1.05866
-1.03428
-1.04724
-1.05073
-1.0488
-1.02817
-1.0345
-1.04087
-1.05335
-1.0469
-1.05466
-1.04
-1.02377
-1.0495700000000001
-1.06977
-1.03802
-1.04072
-1.03288
-1.05278
-1.05593
-1.05028
-1.04626
-1.05909
-1.05652
-1.05458
-1.03858
-1.04317
-1.05212
-1.04744
-1.0348600000000001
-1.05707
-1.04945
-1.055
-1.04203
-1.04982
-1.05329
-1.05844
-1.02473
-1.06823
-1.03776
-1.06002
-1.07001
-1.0587900000000001
-1.04722
-1.05307
-1.03237
-1.03781
-1.03845
-1.04475
-1.03643
-1.04522
-1.05563
-1.04132
-1.04775
-1.05993
-1.05876
-1.04511
-1.04047
-1.04638
-1.03048
-1.03626
-1.05108
-1.05517
-1.047
-1.03954
-1.03071
-1.03628
-1.05099
-1.05148
-1.02855
-1.04179
-1.04419
-1.04691
-1.04635
-1.06971
-1.04109
-1.07307
-1.07109
-1.04629
-1.03765
-1.03878
-1.05156
-1.03687
-1.0366
-1.05253
-1.05169
-1.07223
-1.03722
-1.04138
-1.06473
-1.0713
-1.02913
-1.05935
-1.04262
-1.06073
-1.04991
-1.03064
-1.03825
-1.03157
-1.04842
-1.0391
-1.04257
-1.03909
-1.05322
-1.03914
-1.03
-1.07111
-1.06244
-1.04241
-1.05714
-1.05207
-1.05118
-1.0557
-1.03754
-1.0233
-1.04245
-1.04225
-1.05319
-1.03668
-1.03237
-1.0493999999999999
-1.03986
-1.0268
-1.04793
-1.06902
-1.04595
-1.06069
-1.03346
-1.06168
-1.05436
-1.0489600000000001
-1.03389
-1.03599
-1.04705
-1.05871
-1.0652599999999999
-1.0641100000000001
-1.05924
-1.04975
-1.0615
-1.02485
-1.0599
-1.03049
-1.06163
-1.04448
-1.0316
-1.02519
-1.04662
-1.0781100000000001
-1.07052
-1.0589
-1.02773
-1.05513
-1.05452
-1.03873
-1.06475
-1.05916
-1.02763
-1.05893
-1.05468
-1.06161
-1.02905
-1.06029
-1.0611
-1.06561
-1.04025
-1.05436
-1.052
-1.05198
-1.05253
-1.05127
-1.0453
-1.04532
-1.02843
-1.05139
-1.05948
-1.04245
-1.03382
-1.02823
-1.07685
-1.04126
-1.0357
-1.04269
-1.0437400000000001
-1.0564500000000001
-1.05105
-1.06628
-1.0399
-1.04558
-1.061
-1.06515
-1.07146
-1.03725
-1.03147
-1.03748
-1.03911
-1.04769
-1.06787
-1.05305
-1.06906
-1.03391
-1.0381
-1.04038
-1.05361
-1.04237
-1.05057
-1.05605
-1.04006
-1.04083
-1.0673300000000001
-1.02852
-1.04604
-1.03568
-1.0609
-1.04692
-1.0490599999999999
-1.04817
-1.05625
-1.05512
-1.03739
-1.05475
-1.07562
-1.02368
-1.05355
-1.02948
-1.02356
-1.02862
-1.04989
-1.02986
-1.05188
-1.05113
-1.05791
-1.05353
-1.03872
-1.05862
-1.03267
-1.03325
-1.05895
-1.06054
-1.04663
-1.02333
-1.06753
-1.05524
-1.05947
-1.05299
-1.06761
-1.03847
-1.06238
-1.03191
-1.0335
-1.05825
-1.0465
-1.04623
-1.0292000000000001
-1.0525
-1.05191
-1.05883
-1.03705
-1.06075
-1.03405
-1.05978
-1.05215
-1.03092
-1.04062
-1.05664
-1.02739
-1.03401
-1.05331
-1.02665
-1.05397
-1.05751
-1.04454
-1.04013
-1.0587900000000001
-1.05388
-1.0438
-1.0378
-1.04497
-1.03833
-1.02517
-1.03459
-1.04688
-1.05804
-1.04086
-1.04742
-1.0312
-1.04204
-1.05571
-1.03376
-1.05188
-1.0626
-1.04644
-1.05718
-1.0324
-1.05553
-1.04908
-1.02876
-1.03952
-1.04376
-1.05259
-1.03283
-1.03363
-1.04949
-1.04914
-1.03665
-1.05133
-1.03723
-1.0428600000000001
-1.02704
-1.05082
-1.04945
-1.03549
-1.05092
-1.0612
-1.06187
-1.0388600000000001
-1.05176
-1.04277
-1.04632
-1.04704
-1.05243
-1.05459
-1.04176
-1.05392
-1.05652
-1.03845
-1.03895
-1.03579
-1.0372
-1.02689
-1.03826
-1.04676
-1.05945
-1.0334699999999999
-1.06005
-1.02774
-1.04986
-1.05736
-1.05094
-1.06099
-1.03592
-1.03742
-1.025
-1.0569
-1.04101
-1.0409
-1.05397
-1.03335
-1.06341
-1.03982
-1.05143
-1.0411299999999999
-1.06655
-1.05659
-1.02377
-1.03141
-1.05221
-1.0439
-1.06318
-1.05337
-1.05681
-1.04622
-1.03835
-1.0404
-1.05718
-1.04098
-1.0493999999999999
-1.0486900000000001
-1.0287
-1.04456
-1.0449
-1.0397
-1.03437
-1.06205
-1.04216
-1.04345
-1.05775
-1.04503
-1.033
-1.02993
-1.03318
-1.02443
-1.05699
-1.0431300000000001
-1.03509
-1.03309
-1.03586
-1.05889
-1.05464
-1.0522
-1.04041
-1.03389
-1.06101
-1.03154
-1.06206
-1.03676
-1.03163
-1.03695
-1.05272
-1.03513
-1.04427
-1.05785
-1.05495
-1.03791
-1.05438
-1.04636
-1.05411
-1.0459100000000001
-1.03578
-1.04394
-1.03767
-1.04886
-1.03716
-1.06313
-1.04176
-1.05183
-1.05337
-1.05274
-1.05217
-1.04812
-1.05089
-1.05854
-1.03987
-1.03677
-1.04842
-1.03541
-1.03205
-1.04629
-1.03937
-1.06459
-1.02523
-1.03563
-1.03304
-1.0547900000000001
-1.05038
-1.0543
-1.0365199999999999
-1.03634
-1.03417
-1.05766
-1.05972
-1.0421
-1.03278
-1.05316
-1.03969
-1.07027
-1.03679
-1.05373
-1.02745
-1.03889
-1.04881
-1.04733
-1.02768
-1.05447
-1.04038
-1.03249
-1.05021
-1.05345
-1.03942
-1.05275
-1.04325
-1.0506
-1.04505
-1.03202
-1.0538
-1.04856
-1.02479
-1.05685
-1.05497
-1.03949
-1.04767
-1.0326
-1.04279
-1.03868
-1.03615
-1.0463
-1.03007
-1.05202
-1.02701
-1.05733
-1.04783
-1.05251
-1.0301
-1.05098
-1.06159
-1.03862
-1.04799
-1.02578
-1.03052
-1.04386
-1.04619
-1.05384
-1.058
-1.0421
-1.04001
-1.04925
-1.02553
-1.05916
-1.06267
-1.05112
-1.02831
-1.04993
-1.03847
-1.04921
-1.04733
-1.05686
-1.03198
-1.04728
-1.02873
-1.06265
-1.03514
-1.04466
-1.03488
-1.0594
-1.04637
-1.04773
-1.0594
-1.03436
-1.04732
-1.023
-1.0531
-1.02857
-1.03562
-1.04535
-1.05677
-1.05549
-1.04221
-1.04965
-1.04542
-1.05989
-1.04269
-1.05869
-1.04214
-1.02192
-1.05481
-1.05543
-1.04546
-1.05162
-1.03384
-1.05137
-1.05921
-1.02886
-1.05103
-1.03302
-1.03116
-1.04457
-1.04542
-1.05195
-1.05689
-1.06091
-1.04092
-1.02548
-1.02805
-1.03707
-1.05141
-1.04424
-1.0309
-1.03779
-1.058
-1.05221
-1.04121
-1.05768
-1.04426
-1.03182
-1.02494
-1.03202
-1.05613
-1.06006
-1.0532
-1.04981
-1.02628
-1.02846
-1.0400800000000001
-1.06282
-1.0503500000000001
-1.04649
-1.03676
-1.05604
-1.03802
-1.04788
-1.04966
-1.02729
