0
-1.04515
-1.05497
-1.02332
-1.02939
-1.03921
-1.04719
-1.03964
-1.06165
-1.03844
-1.04987
-1.04677
-1.03724
-1.05275
-1.0239
-1.04386
-1.06829
-1.0721
-1.04884
-1.04984
-1.03515
-1.03366
-1.02673
-1.03611
-1.05454
-1.07055
-1.03675
-1.05673
-1.06051
-1.04023
-1.02583
-1.05301
-1.05725
-1.03967
-1.03841
-1.03981
-1.04239
-1.03046
-1.05782
-1.06998
-1.04949
-1.06311
-1.04241
-1.03406
-1.05843
-1.04333
-1.06614
-1.05559
-1.05561
-1.07789
-1.04572
-1.07374
-1.03721
-1.05197
-1.06086
-1.06265
-1.03222
-1.04479
-1.05691
-1.0383
-1.05515
-1.05523
-1.0271
-1.0339
-1.08969
-1.05055
-1.05783
-1.07612
-1.0257
-1.0688
-1.05864
-1.04551
-1.03173
-1.03467
-1.03353
-1.05753
-1.06566
-1.0612
-1.04288
-1.0511300000000001
-1.05274
-1.03073
-1.05829
-1.04835
-1.05229
-1.04146
-1.0569
-1.02875
-1.05883
-1.04945
-1.07064
-1.06372
-1.04412
-1.0391
-1.05327
-1.06132
-1.043
-1.05391
-1.032
-1.04244
-1.06007
-1.05147
-1.05139
-1.02568
-1.03363
-1.04681
-1.07356
-1.0396
-1.04775
-1.04902
-1.04691
-1.07107
-1.04936
-1.04204
-1.04929
-1.05222
-1.03559
-1.05039
-1.05853
-1.06016
-1.03513
-1.05509
-1.04445
-1.04689
-1.06605
-1.04324
-1.06545
-1.04445
-1.04238
-1.04944
-1.05546
-1.02535
-1.03502
-1.05463
-1.03522
-1.03817
-1.05686
-1.02801
-1.02995
-1.05545
-1.07434
-1.06004
-1.02585
-1.02982
-1.04057
-1.05392
-1.06559
-1.0704500000000001
-1.04855
-1.03283
-1.04623
-1.03087
-1.05207
-1.04111
-1.03302
-1.03696
-1.04084
-1.062
-1.03309
-1.04076
-1.04361
