0
-10.843
-20.372000000000003
-24.806
-20.705
-17.772000000000002
-27.453000000000003
-14.965000000000003
-21.198999999999998
-15.832
-26.499
-23.430000000000003
-16.582
-20.551
-21.13607692307692
-16.419
-23.820000000000004
-11.104999999999999
-18.535
-21.685
-23.923000000000005
-19.125999999999998
-18.959
-16.731
-18.464000000000002
-10.715
-13.411999999999999
-24.203
-19.077999999999996
-22.159000000000002
-19.263076923076923
-26.631999999999998
-21.191999999999997
-24.156000000000002
-20.738
-18.744
-17.003
-20.047
-30.914
-20.479000000000003
-22.601
-16.943076923076923
-17.368999999999996
-23.569000000000003
-10.153000000000002
-11.241000000000001
-15.049000000000001
-14.643999999999998
-22.808999999999997
-17.008
-27.393
-14.643000000000002
-28.851
-16.383
-14.592
-14.318
-19.928
-20.371
-19.884999999999998
-22.242000000000004
-18.818
-12.960999999999999
-18.388
-18.082
-19.672
-17.228
-22.66
-20.195999999999998
-14.459000000000001
-26.947000000000003
-25.962000000000003
-13.344000000000001
-14.117
-24.261
-14.529000000000002
-20.961
-21.083
-12.45
-25.705
-18.961000000000002
-16.777
-14.708999999999998
-18.886000000000003
-13.964000000000002
-11.444000000000003
-12.349
-8.802
-22.356
-15.776
-14.251999999999999
-31.474
-23.605000000000004
-16.009
-29.499000000000002
-19.12
-17.605
-22.326999999999998
-23.72
-14.653
-15.927
-12.958000000000002
-15.831000000000001
-16.471999999999998
-19.678
-9.135000000000002
-23.634999999999998
-11.202000000000002
-19.659000000000002
-9.75
-21.282
-14.303999999999998
-12.504999999999999
-23.995
-21.346999999999998
-28.043000000000003
-19.023
-21.973000000000003
-16.665
-10.538000000000002
-8.988
-25.608000000000004
-25.329
-20.133999999999997
-17.415
-9.742999999999999
-22.360000000000003
-28.865999999999996
-20.231
-24.215
-15.305
-15.561
-28.14
-21.383000000000003
-16.802999999999997
-21.393
-23.177
-14.471999999999998
-19.012
-17.581
-29.653076923076924
-16.954
-14.782
-19.729999999999997
-26.798000000000002
-22.372999999999998
-19.576
-16.372
-9.769
-23.099999999999998
-19.44
-20.158
-24.257076923076923
-14.79
-29.191
-18.718
-17.983
-21.064000000000004
-12.857
-19.275
-23.414
-7.906000000000001
-27.718999999999998
-29.069000000000006
-18.345999999999997
-14.151999999999997
-16.872
-14.001000000000001
-26.904000000000003
-23.22
-20.762000000000004
-19.541
-16.544000000000004
-8.698
-24.538999999999998
-16.989
-19.885
-23.465000000000003
-13.629
-15.972
-21.598
-31.102000000000004
-16.560000000000002
-21.289
-25.788
-22.398000000000007
-26.678
-13.494000000000002
-16.468999999999998
-13.963999999999999
-20.415999999999997
-27.173
-19.169999999999998
-13.815999999999999
-24.05
-11.522000000000002
-18.957
-25.057000000000006
-21.039076923076923
-14.350999999999999
-21.058
-12.529
-13.956999999999999
-18.205000000000002
-18.894
-17.102
-16.91
-14.717
-17.052000000000003
-29.122999999999998
-21.753
-18.095000000000002
-30.107999999999997
-20.842999999999996
-24.678
-27.511000000000006
-25.148999999999997
-22.674000000000003
-24.985999999999997
-19.746000000000002
-12.896
-26.306000000000004
-14.77
-22.684
-26.269000000000002
-23.967000000000002
-23.923000000000002
-12.528
-19.846
-18.626
-14.517000000000003
-20.369
-11.604999999999999
-10.653000000000002
-13.502999999999998
-10.360000000000001
-25.001000000000005
-17.305
-27.638076923076927
-23.990000000000002
-18.266
-29.741
-12.496
-25.77407692307692
-18.991
-26.423
-21.901999999999997
-24.575000000000003
-18.677999999999997
-14.627
-25.663
-29.83707692307692
-17.311
-26.798
-19.677
-11.771
-18.543999999999997
-22.14807692307692
-31.964
-24.466
-18.308000000000003
-24.310999999999996
-23.554000000000002
-20.521076923076922
-24.538999999999998
-24.439
-21.926999999999996
-28.520999999999997
-26.266000000000002
-14.711000000000002
-19.974
-25.405
-20.683
-20.773000000000003
-17.709
-26.906
-29.523999999999994
-16.041
-21.721999999999998
-11.944
-23.564999999999998
-20.411
-28.645000000000003
-24.032999999999998
-28.208000000000002
-15.985000000000001
-27.066
-24.237
-21.926000000000005
-17.303076923076922
-20.919
-28.269000000000005
-22.85
-20.247076923076925
-9.814
-17.653000000000002
-14.763
-17.058
-15.509
-30.672000000000004
-25.662
-18.803000000000004
-17.81
-16.932
-15.399000000000001
-24.76
-14.417000000000002
-22.070999999999998
-28.795
-14.957
-20.641000000000005
-17.794
-19.168
-25.711999999999996
-16.293
-21.349
-18.248
-15.314
-19.859
-12.282
-20.729
-16.671
-25.490000000000002
-17.622
-27.014
-20.593
-22.152
-24.494
-12.812076923076923
-13.207
-14.490000000000002
-16.815076923076923
-18.654000000000003
-16.454076923076922
-15.537999999999998
-15.847000000000001
-23.190076923076923
-25.289
-25.36
-18.78
-16.402
-16.543
-10.068000000000001
-14.047
-22.581
-18.681
-27.73
-16.668999999999997
-29.455
-22.297
-10.291
-20.940000000000005
-28.372999999999998
-18.041999999999998
-21.685
-22.997
-15.765
-11.686000000000002
-19.18
-17.936
-22.367999999999995
-25.209999999999997
-9.769
-13.606000000000002
-21.933999999999997
-15.578999999999999
-18.295
-30.642000000000003
-21.293
-26.371000000000002
-23.997
-19.597
-16.037
-12.347999999999999
-26.253000000000004
-15.513
-20.685000000000002
-25.778000000000002
-12.697
-22.772076923076927
-11.767999999999999
-14.546
-14.504000000000001
-17.792
-17.238
-16.493000000000002
-26.331
-16.873
-23.626
-14.799999999999999
-20.484
-19.675
-10.379
-12.804000000000002
-19.383
-9.097999999999999
-17.778999999999996
-16.412999999999997
-23.288999999999998
-21.650000000000002
-20.992
-16.192
-17.302999999999997
-19.852
-29.937999999999995
-23.616
-9.044
-25.411000000000005
-15.973
-16.137999999999998
-20.101
-12.859
-14.305000000000003
-12.590000000000002
-17.745
-27.665000000000003
-16.532
-21.902
-23.942999999999998
-20.976
-24.750000000000004
-13.775000000000002
-23.161
-14.684000000000003
-13.669
-17.579
-20.042
-16.681
-20.147
-17.036
-8.655
-33.62200000000001
-16.833
-24.342
-15.46
-15.084
-15.426
-15.438
-32.723
-20.776
-18.679000000000002
-15.469
-25.997
-22.094
-11.99
-13.273000000000001
-18.659000000000002
-8.620000000000001
-19.060000000000002
-20.461999999999996
-15.572
-26.891000000000005
-10.852
-16.686999999999998
-22.241
-20.94
-27.053
-20.557000000000002
-16.109
-21.393
-10.649000000000001
-20.335
-22.128
-16.401000000000003
-17.519000000000002
-28.744999999999994
-11.538
-16.622
-10.953000000000001
-21.732
-22.516
-19.845000000000002
-21.511
-20.831999999999997
-23.68
-26.536000000000005
-19.081
-13.405000000000001
-13.662999999999998
-21.236
-18.128999999999998
-13.789
-17.355
-15.908
-23.764000000000003
-17.329
-25.438999999999997
-19.469
-26.914999999999996
-21.848999999999997
-28.013
-8.072000000000001
-21.677
-25.721
-17.82
-21.709
-9.937
-21.348999999999997
-15.365000000000002
-24.894000000000002
-13.764
-15.658
-27.836999999999996
-18.016000000000002
-22.071
-18.103000000000005
-16.251
-24.699
-21.872000000000003
-23.511000000000003
-23.890000000000004
-12.568000000000001
-20.51
-25.435000000000002
-21.996000000000002
-8.935
-27.811
-14.113
-18.073000000000004
-12.802999999999999
-20.128
-16.328000000000003
-15.960000000000003
-16.17
-13.276000000000002
-22.726076923076928
-13.224
-19.358
-14.826
-14.670000000000002
-24.433000000000003
-13.904
-11.855
-19.696999999999996
-14.446000000000002
-24.684000000000005
-25.448999999999998
-18.778
-17.341
-15.046999999999999
-13.231
-21.526999999999997
-23.076
-27.363000000000003
-24.449999999999996
-24.77307692307692
-16.745
-13.577
-17.487000000000002
-17.957
-23.778000000000002
-14.992999999999997
-18.447
-18.272
-24.418000000000003
-21.547
-26.628
-11.885
-25.454
-20.519000000000002
-25.486
-13.175
-17.246
-16.351
-18.51
-22.359076923076923
-23.546
-18.736
-21.323999999999998
-18.415000000000003
-26.197
-15.213999999999999
-12.659
-11.521
-28.878999999999998
-23.605000000000004
-15.151
-16.55
-12.688
-21.308
-27.783000000000005
-22.658
-17.887
-13.838
-26.705000000000002
-13.127
-20.951
-24.794
-22.206076923076925
-30.148999999999997
-20.116000000000003
-11.260000000000002
-16.564
-14.661999999999999
-16.451
-9.959000000000001
-22.598000000000003
-25.174
-10.748999999999999
-13.318
-16.708
-18.073
-25.525
-19.485
-7.078
-20.200000000000003
-12.971
-24.637000000000008
-22.16
-19.121999999999996
-15.867000000000003
-21.049000000000003
-23.39807692307693
-18.240000000000002
-27.370000000000005
-17.735
-16.436
-17.582
-17.671
-10.936
-24.863999999999997
-20.692999999999998
-17.826999999999998
-20.749999999999996
-22.825999999999997
-24.227999999999998
-18.069
-27.075999999999997
-22.793000000000003
-17.472
-11.633000000000001
-14.706
-22.232000000000006
-14.711000000000002
-20.209
-16.931
-18.366
-23.863999999999997
-16.792
-18.849
-13.674999999999999
-17.646
-24.415
-18.249000000000002
-16.584000000000003
-17.57
-16.436999999999998
-21.724000000000004
-18.009999999999998
-20.169000000000004
-19.694
-29.466
-27.894
-23.930999999999997
-18.085
-25.204
-22.314
-21.761
-16.875
-17.674000000000003
-15.163000000000002
-15.745999999999999
-22.801
-18.945
-10.517
-23.686000000000003
-23.939
-20.603
-14.937
-26.502000000000002
-15.841999999999999
-14.701999999999998
-25.343000000000004
-10.536
-23.252
-15.864999999999998
-25.793
-22.01907692307692
-15.641
-17.883
-19.116
-20.005
-27.851
-21.692999999999994
-13.123000000000001
-22.974000000000004
-16.326999999999998
-19.930999999999997
-18.205000000000002
-26.582
-19.846999999999998
-24.515
-24.523
-21.995
-17.814
-13.036999999999999
-19.542
-17.181
-16.340000000000003
-16.719076923076923
-20.646
-21.070000000000004
-17.258000000000003
-19.301000000000002
-12.133000000000001
-14.346000000000002
-17.557000000000002
-16.716
-15.029
-23.509999999999998
-27.017
-21.351000000000003
-22.034000000000002
-17.916000000000004
-25.017999999999997
-18.365000000000006
-20.809
-14.491999999999999
-19.636000000000003
-21.421000000000003
-14.031000000000004
-14.68
-19.838999999999995
-23.674000000000003
-17.228076923076923
-16.580000000000002
-16.3
-23.808
-16.945
-25.948
-24.153
-20.385
-26.493
-22.301
-21.309
-21.897000000000002
-9.665
-23.576
-19.614
-19.405
-15.099
-17.955076923076923
-27.968000000000004
-25.297
-18.62
-17.613
-14.219
-28.492
-22.711000000000002
-27.693999999999996
-20.84
-24.914999999999996
-23.345000000000002
-19.811
-25.938000000000002
-13.917
-17.161
-17.558999999999997
-11.643
-16.098
-15.116000000000001
-20.836
-14.672
-20.864
-14.985999999999999
-11.872
-17.995
-19.237000000000002
-21.019000000000002
-25.193
-15.905999999999999
-21.879999999999995
-15.166999999999998
-23.865
-25.330076923076923
-24.561000000000007
-15.352
-13.328999999999999
-24.313
-12.38
-16.512999999999998
-19.397000000000002
-16.700000000000003
-24.664
-23.681999999999995
-25.593
-15.710999999999999
-20.787
-18.036
-24.443
-22.429000000000002
-26.957000000000004
-13.501999999999999
-19.163000000000004
-13.431000000000001
-10.42
-13.793000000000001
-22.127000000000002
-14.651000000000002
-20.535
-12.772
-18.475
-13.649
-20.439
-19.933
-17.706999999999997
-19.348999999999997
-21.362
-15.07
-17.003
-17.616
-20.859076923076923
-16.277
-15.081000000000001
-14.121000000000002
-21.374000000000002
-28.334
-18.57
-9.589999999999998
-13.991
-13.977
-10.417
-14.354
-28.097000000000005
-26.320000000000004
-16.55
-17.404999999999998
-14.922
-14.864
-16.907
-23.520000000000003
-16.596
-11.864999999999998
-18.128
-13.858
-14.737000000000002
-24.449
-18.42
-26.765000000000004
-19.661076923076926
-14.569999999999999
-20.137
-17.92
-24.171000000000003
-22.058999999999997
-28.59815384615385
-15.290000000000001
-25.724999999999998
-18.351
-9.948000000000002
-16.823000000000004
-25.66
-16.034
-13.867
-25.058999999999997
-15.0
-24.360999999999997
-13.655076923076924
-20.765
-23.489
-19.212076923076925
-21.034000000000002
-20.720000000000002
-23.752000000000002
-10.369
-20.241076923076925
-11.749076923076922
-20.753
-16.220000000000002
-15.56
-22.991999999999997
-16.862000000000002
-19.820999999999998
-20.782
-15.200000000000003
-6.755999999999999
-13.960076923076926
-19.508000000000003
-21.142
-9.148
-15.857
-29.457076923076922
-26.655999999999995
-24.093000000000004
-12.952
-13.027999999999999
-15.154
-17.932
-31.711076923076927
-21.933999999999997
-21.093000000000004
-19.001
-18.598000000000003
-24.497999999999998
-14.647
-16.044
-10.985999999999999
-18.316
-20.143
-13.259999999999998
-19.373
-14.940000000000001
-16.311999999999998
-20.113999999999997
-17.04
-24.233000000000004
-27.064
-23.030076923076926
-19.378
-23.868000000000002
-13.93
-17.117
-21.278
-21.471000000000004
-16.962000000000003
-16.503
-15.343
-10.010000000000002
-16.325
-15.693999999999999
-19.534999999999997
-17.706
-18.716000000000005
-19.93
-17.73
-14.199999999999998
-14.016
-22.834000000000003
-32.41207692307693
-20.296000000000003
-27.73
-24.55807692307692
-19.396076923076915
-20.039
-17.222
-16.891000000000002
-21.205999999999996
-18.04
-19.810999999999996
-22.430000000000003
-21.613999999999997
-27.504
-19.083000000000002
-16.414
-30.792
-23.605999999999998
-20.922
-10.07
-14.965
-16.65
-23.261076923076924
-23.942
-22.64
-26.277999999999995
-24.085
-17.49
-19.412
-22.717999999999996
-17.703
-21.480999999999998
-28.839
-20.695999999999998
-26.37307692307692
-14.975999999999999
-13.450000000000001
-24.680999999999997
-21.690999999999995
-20.345000000000002
-23.717999999999996
-18.613000000000003
-22.870000000000005
-27.269076923076923
-22.632999999999996
-14.821
-10.649999999999999
-15.297000000000002
-13.765
-16.227
-19.424
-14.595
-11.724
-21.665999999999997
-24.912999999999997
-20.509076923076922
-15.870000000000001
-16.019000000000002
-20.269000000000002
-19.342000000000002
-15.88
-23.634
-20.450076923076924
-23.502
-16.391999999999996
-18.538
-26.621
-20.488999999999997
-20.082
-25.744000000000003
-30.086
-18.483000000000004
-24.764000000000006
-17.753
-24.083999999999996
-18.665
-20.77
-18.093
-21.883076923076924
-21.486
-15.361999999999998
-8.963000000000001
-20.001000000000005
-18.261000000000003
-18.063000000000002
-18.756999999999998
-19.691999999999997
-23.956000000000003
-18.401000000000003
-17.48
-16.635
-25.299000000000003
-18.491
-17.076999999999998
-17.181
-12.086
-14.777000000000001
-16.504999999999995
-14.119
-16.082
-14.995
-18.619076923076925
-17.028999999999996
-30.581000000000007
-21.979000000000003
-17.070999999999998
-12.947999999999999
-13.134999999999998
-8.841000000000001
-9.670000000000002
-18.151999999999997
-23.857000000000003
-27.797000000000004
-21.894000000000002
-23.741
-21.00307692307692
-17.473
-15.629000000000001
-28.47407692307693
-21.073000000000008
-21.781
-14.993
-20.523999999999997
-19.267999999999997
-24.694000000000003
-19.574
-10.84
-21.317
-19.577999999999996
-21.333000000000006
-25.105999999999998
-19.744999999999997
-17.352
-23.663
-21.553
-22.72
-21.894076923076923
-21.612999999999996
-18.12
-10.745
-22.383
-20.606
-15.181
-15.936
-19.124000000000002
-21.537000000000003
-20.380000000000003
-19.774
-23.901
-20.008000000000003
-15.193999999999999
-19.210076923076922
-24.473999999999997
-10.530999999999999
-17.293
-19.022
-19.484
-26.821000000000005
-22.555000000000003
-11.525000000000002
-14.862000000000002
-28.464
-24.073
-19.912000000000003
-24.009
-22.15
-20.357
-22.779
-15.162999999999998
-26.755
-17.464
-19.422
-18.417
-22.003
-21.731
-21.723999999999997
-15.455
-23.552
-17.035
-11.212
-21.174000000000003
-8.977
-12.049
-21.528000000000002
-17.94
-22.326999999999998
-22.806
-20.741000000000007
-25.71015384615385
-26.770000000000003
-15.582999999999998
-10.055
-24.473000000000003
-20.982999999999997
-25.133
-16.262
-29.01600000000001
-18.227999999999998
-12.196
-17.151000000000003
-22.754000000000005
-25.918
-26.284076923076924
-13.923000000000002
-19.103999999999996
-15.923000000000002
-23.589999999999996
-32.815
-19.476
-14.974
-17.708000000000002
-15.285
-18.443999999999996
-22.820999999999998
-26.182999999999996
-11.181000000000001
-25.666999999999994
-20.048
-24.521
-24.329
-25.457000000000004
-27.66815384615385
-15.134076923076924
-20.070999999999998
-25.002
-16.662
-24.119
-13.274000000000001
-15.572000000000001
-30.096
-21.195999999999998
-16.411
-14.819
-15.891999999999998
-18.511
-16.983
-20.110999999999997
-24.774
-19.53
-18.381
-17.611
-20.753999999999998
-27.867000000000004
-16.261
-20.807
-16.828
-27.707076923076922
-27.595000000000006
-29.704000000000008
-20.328
-26.210000000000004
-23.896000000000004
-30.157999999999998
-16.696
-22.478
-28.72407692307692
-25.447
-22.166
-16.257
-13.608
-17.980076923076922
-23.727
-17.675
-24.136076923076924
-15.619000000000002
-11.421
-15.280999999999999
-11.43
-16.733
-19.340000000000003
-13.804
-22.369
-18.412000000000003
-24.153000000000002
-23.592
-23.097
-20.963
-21.747000000000003
-21.17307692307692
-12.530000000000001
-14.192
-21.179999999999996
-25.994230769230768
-31.109
-23.823999999999995
-15.539
-19.131999999999998
-22.112000000000002
-26.556
-24.376
-11.384
-16.104
-15.522000000000002
-18.138
-25.16
-9.453999999999999
-28.186
-19.201999999999998
-17.115000000000002
-10.189
-21.450999999999997
-22.230076923076922
-19.143
-20.909
-24.783000000000005
-18.398999999999997
-19.012
-24.851000000000003
-20.94
-25.177
-26.554076923076924
-17.759999999999998
-29.222999999999995
-21.298076923076923
-24.07707692307692
-24.804999999999996
-22.548000000000002
-16.244
-18.276
-24.678
-19.494
-24.002000000000002
-22.454000000000004
-18.972
-23.553076923076922
-16.762
-19.811076923076925
-24.864
-14.161999999999999
-16.83
-20.486
-17.904000000000003
-18.534
-9.786
-14.996
-30.762000000000008
-17.612000000000002
-19.878
-8.841
-20.182000000000002
-19.953
-19.992
-16.973
-20.531
-10.469
-21.18
-17.448
-15.018999999999998
-16.759999999999998
-16.479999999999997
-20.122999999999998
-12.027999999999999
-13.005000000000003
-26.882076923076923
-21.328
-11.010000000000002
-19.74
-23.367
-20.627999999999997
-19.887
-13.673000000000002
-12.469
-11.327000000000002
-18.186999999999998
-25.766999999999992
-18.877000000000002
-19.911
-20.508000000000003
-28.04399999999999
-17.974
-23.603
-13.409
-18.163
-11.861000000000002
-21.567
-16.79
-10.798000000000002
-24.737999999999996
-22.641
-19.598
-22.903000000000002
-26.322076923076924
-17.611
-18.6
-19.291
-21.949
-16.372999999999998
-20.55607692307692
-10.370000000000001
-17.409
-17.668
-22.054
-26.189
-13.246
-6.787
-25.672
-16.031000000000002
-24.471
-21.614000000000004
-22.66607692307693
-20.013
-19.23507692307692
-18.819
-17.582000000000004
-22.490000000000002
-16.9
-10.312999999999999
-16.148000000000003
-15.149000000000003
-14.196
-21.719076923076923
-14.232
-17.066000000000003
-25.043999999999993
-16.542
-19.197
-22.953
-14.194
-9.578
-13.764
-13.487
-16.729
-13.811999999999998
-19.039
-27.832999999999995
-22.932
-15.584
-12.739
-22.655
-18.921
-19.762999999999998
-23.573999999999998
-18.145076923076925
-12.603
-19.813
-13.096
-16.808
-23.768000000000004
-17.647000000000002
-25.824999999999992
-17.522000000000002
-30.124000000000002
-9.971076923076923
-19.783
-21.934
-26.484999999999996
-15.120000000000001
-21.642999999999997
-18.558999999999997
-22.634
-15.923000000000002
-15.230000000000002
-25.243
-19.04907692307692
-23.828000000000003
-21.789000000000005
-21.258000000000003
-13.688
-18.157000000000004
-14.471
-19.290000000000003
-18.705
-12.873000000000001
-21.464
-24.164
-22.123
-19.916076923076922
-17.251
-27.806
-13.731000000000002
-18.438
-12.494000000000002
-16.262
-24.207
-11.04
-17.34
-14.644
-14.642999999999999
-23.20607692307692
-12.175
-17.082
-19.728076923076923
-22.956000000000003
-14.807000000000002
-28.791000000000007
-20.387076923076926
-20.3
-16.089
-21.451999999999998
-17.921000000000003
-17.235000000000003
-26.639076923076928
-19.095
-15.697
-27.813000000000002
-20.675000000000004
-19.109
-15.404999999999998
-24.961
-15.778
-16.591
-20.660999999999998
-12.5
-21.115000000000002
-21.055
-17.178
-18.453000000000003
-20.354000000000006
-13.267
-15.882153846153846
-21.931
-24.929000000000002
-13.986
-21.81
-23.488999999999997
-23.352999999999998
-10.271999999999998
-11.412000000000003
-16.707
-11.796
-17.936
-17.360000000000003
-15.711
-8.601999999999999
-15.486
-16.224
-22.136000000000003
-25.240000000000002
-18.423000000000002
-16.941000000000003
-16.875
-16.329153846153844
-21.482999999999997
-20.072
-14.933
-19.624
-13.288
-17.610076923076925
-11.988999999999999
-29.38107692307692
-19.252000000000002
-10.815076923076923
-14.533000000000003
-18.612000000000002
-13.603076923076923
-20.496000000000002
-18.616000000000003
-21.729999999999997
-22.89
-18.558
-12.241000000000001
-23.713
-17.159999999999997
-25.852
-17.724
-15.093
-22.898000000000003
-13.887000000000002
-17.706153846153846
-26.578999999999997
-26.346
-17.301000000000002
-20.479999999999997
-24.449000000000005
-9.79
-16.773
-27.402
-27.288000000000004
-18.404000000000003
-18.989
-25.500076923076925
-16.778000000000002
-14.073000000000002
-23.519000000000002
-17.902076923076923
-22.889
-20.197
-22.448
-19.025000000000002
-28.56407692307692
-17.464000000000002
-12.059076923076924
-18.683000000000003
-14.168999999999997
-14.735076923076925
-14.737
-18.53
-16.834
-24.370000000000005
-22.485
-18.03207692307692
-20.289076923076923
-27.844
-17.707
-21.090999999999998
-17.71
-16.438000000000002
-16.468000000000004
-23.45
-28.588
-17.159000000000002
-21.890000000000008
-15.75
-15.752076923076922
-22.671
-18.732999999999997
-21.869
-25.798000000000002
-23.194
-16.109076923076923
-21.408076923076926
-19.259
-13.785000000000002
-18.699999999999996
-28.331000000000003
-20.0
-21.574
-18.789
-17.165076923076924
-22.828000000000003
-15.331999999999999
-23.041999999999994
-20.394
-24.961076923076924
-18.091076923076923
-19.738
-15.525
-19.076999999999998
-21.385076923076923
-19.071
-10.136000000000001
-17.68
-20.490000000000002
-17.589000000000002
-14.995
-19.995000000000005
-15.731999999999998
-17.861076923076922
-21.376000000000005
-20.355000000000004
-17.125076923076925
-10.953
-14.163
-23.886076923076917
-15.068000000000001
-17.96707692307692
-19.847
-11.235
-20.740000000000002
-14.674076923076925
-19.765
-23.849999999999998
-13.114
-21.901000000000003
-17.677
-16.236
-13.977
-21.76
-15.525000000000002
-13.667000000000002
-18.18
-22.52807692307692
-18.781
-19.54
-22.647000000000002
-12.753076923076922
-21.442076923076925
-13.340000000000003
-10.797
-20.214
-18.590000000000003
-18.913
-14.084076923076923
-19.405
-20.84607692307692
-19.565076923076923
-23.946076923076923
-18.595
-17.699
-18.695
-17.13907692307692
-26.828000000000007
-24.404
-15.776999999999997
-19.919
-15.649000000000004
-21.951000000000008
-22.316
-12.511000000000001
-22.776000000000003
-21.198
-17.508
-12.802999999999999
-23.288999999999998
-26.762076923076926
-14.560076923076924
-16.458000000000002
-15.398076923076921
-14.272
-18.286
-11.153
-19.404
-13.741999999999999
-12.835
-16.959
-23.89
-15.142000000000001
-21.399
-15.072000000000003
-20.866076923076925
-14.875076923076925
-17.662000000000003
-20.529999999999998
-23.676000000000002
-22.89999999999999
-13.665999999999999
-16.889999999999997
-16.862
-17.741
-10.796000000000001
-21.968999999999998
-12.955000000000002
-15.069
-17.395000000000003
-23.47999999999999
-14.874999999999996
-21.660999999999998
-18.712
-16.083
-24.199000000000005
-14.918
-19.56015384615385
-21.029
-14.996
-19.463
-11.810076923076924
-16.149
-9.142
-19.447000000000003
-21.863076923076925
-12.116076923076923
-18.472
-20.08207692307692
-13.531
-17.742
-13.156000000000002
-27.39015384615385
-11.138076923076923
-24.024000000000004
-15.863000000000003
-20.061
-17.532999999999998
-20.160999999999998
-21.209000000000003
-14.502
-16.692076923076925
-17.378
-12.576
-15.897000000000002
-13.195000000000002
-17.326
-19.72407692307692
-21.955
-17.397
-22.088999999999995
-23.722
-23.78715384615385
-25.915
-24.416000000000004
-18.171
-21.543076923076924
-20.877
-14.113000000000001
-14.655076923076924
-15.714999999999998
-21.397076923076924
-13.38807692307692
-18.659000000000002
-13.410999999999998
-25.434076923076923
-25.779
-19.34
-17.548000000000002
-17.455076923076923
-18.182000000000002
-20.453076923076924
-17.172
-14.208000000000002
-11.378076923076923
-11.864999999999998
-11.646
-21.195076923076925
-13.446076923076923
-15.84
-13.254
-19.755
-15.873000000000001
-12.056076923076924
-19.225
-16.50307692307692
-17.224
-21.11507692307692
-21.720000000000002
-19.038999999999998
-14.166
-16.727
-16.129
-10.550999999999998
-16.176000000000002
-16.563
-23.584076923076925
-11.145000000000001
-10.290000000000001
-15.926000000000004
-16.556076923076922
-13.533000000000001
-18.116999999999997
-13.166000000000002
-17.776
-13.581076923076923
-19.665
-18.312
-10.142076923076923
-19.66
-24.500999999999998
-15.849000000000002
-15.285
-22.025153846153845
-18.858
-22.647999999999993
-12.653999999999998
-13.116
-13.29
-14.924
-23.391
-18.028
-15.937999999999999
-14.516999999999998
-28.415
-12.853076923076923
-23.272
-23.442
-22.479
-13.779000000000002
-16.696000000000005
-17.912
-19.08315384615385
-13.632
-22.648
-20.635
-18.746076923076924
-14.322000000000001
-24.51107692307692
-10.609
-22.675
-20.55107692307692
-23.67807692307692
-17.929999999999996
-16.579
-19.055999999999997
-16.692999999999998
-20.369076923076925
-16.991999999999997
-15.644
-18.744
-23.27
-18.173999999999996
-12.068000000000001
-15.899000000000001
-18.499000000000002
-19.72407692307692
-21.665000000000003
-19.141
-15.652999999999999
-11.082999999999998
-22.390076923076922
-19.601
-22.621076923076927
-20.575076923076924
-14.742999999999999
-20.369999999999997
-27.22
-15.747076923076923
-13.732153846153846
-17.817
-13.707
-20.343
-17.562000000000005
-25.257999999999996
-17.627
-17.395999999999997
-24.019999999999996
-14.154
-16.403999999999996
-24.90907692307692
-16.506
-8.810000000000002
-15.851076923076924
-20.254000000000005
-17.371
-24.592000000000006
-20.563000000000002
-18.365000000000002
-15.4
-20.240000000000002
-14.547
-15.448
-14.537999999999998
-17.105999999999998
-26.266
-18.70807692307692
-22.222076923076926
-18.778
-18.712
-11.949076923076921
-15.071153846153846
-15.587000000000002
-19.284000000000002
-13.232000000000001
-21.831
-13.241
-16.055999999999997
-15.268153846153847
-20.576000000000004
-14.814
-17.384
-18.375
-11.629076923076923
-13.785000000000004
-13.998153846153851
-19.034
-24.310000000000002
-17.638999999999996
-10.276000000000002
-19.151
-14.464999999999998
-18.04
-23.243000000000002
-18.415
-20.339000000000002
-25.683
-18.381999999999998
-17.702
-23.647
-14.460076923076924
-15.380999999999998
-20.109
-11.244
-20.696076923076927
-19.870000000000005
-21.295
-18.496
-20.337
-17.699
-22.413999999999998
-26.26107692307692
-15.127000000000002
-17.100076923076923
-19.626
-12.524
-16.476
-24.523999999999994
-17.229000000000003
-12.762999999999998
-20.379
-14.599
-18.689
-16.198999999999998
-19.776076923076925
-16.067076923076925
-16.442
-19.485
-12.569
-18.374000000000002
-14.423999999999998
-15.488076923076923
-20.33607692307692
-17.747999999999998
-11.618076923076924
-13.80007692307692
-18.766000000000002
-22.876999999999995
-19.93215384615384
-22.987000000000002
-24.39407692307692
-17.578
-20.008999999999997
-13.306076923076922
-17.726
-23.920999999999996
-18.643000000000004
-20.955
-21.728999999999992
-20.367076923076922
-22.804000000000002
-16.462000000000003
-23.060076923076917
-19.586000000000006
-16.192
-11.559999999999999
-15.213999999999999
-17.099999999999998
-19.072000000000003
-16.591076923076926
-16.342
-15.484
-15.318000000000003
-16.78115384615385
-18.68507692307692
-27.343
-23.510076923076916
-14.873000000000001
-21.665000000000003
-19.099999999999998
-17.092076923076924
-17.294
-14.05407692307692
-15.378999999999998
-18.354
-14.229999999999999
-19.862000000000002
-20.25515384615385
-13.28
-12.448
-20.311999999999998
-15.01
-19.965999999999998
-24.744153846153843
-20.524076923076922
-20.844
-16.30507692307692
-20.820076923076922
-14.033
-18.67707692307692
-19.522
-23.384
-19.783
-16.560076923076924
-17.71
-14.573076923076924
-23.190076923076926
-18.126076923076923
-17.126
-22.872076923076925
-24.608999999999998
-14.536999999999999
-20.719
-23.028
-15.157
-15.331153846153848
-20.429
-17.906076923076924
-11.159076923076922
-22.023
-17.265076923076922
-18.592999999999996
-21.136000000000003
-18.587076923076925
-19.503999999999994
-18.00407692307692
-23.525076923076924
-15.561000000000002
-17.756000000000004
-25.432000000000006
-18.324
-23.291076923076925
-16.87407692307692
-18.672153846153847
-21.01415384615385
-16.695999999999998
-13.111
-12.677076923076923
-14.921
-18.535
-21.58515384615385
-28.654
-19.467000000000002
-20.722
-23.643000000000004
-19.440076923076926
-20.04507692307692
-18.996000000000002
-15.73
-21.003
-18.962
-18.49
-17.91807692307692
-21.123076923076923
-15.329076923076926
-22.400000000000002
-11.994
-17.555
-19.94115384615385
-15.010076923076925
-20.485076923076917
-14.171000000000003
-15.854076923076924
-16.759
-12.951
-16.189
-13.392
-14.129000000000001
-10.452
-19.554999999999996
-19.36107692307692
-19.789
-19.454
-14.121076923076926
-17.364
-17.311153846153847
-17.401153846153846
-20.774
-21.618
-13.306999999999999
-15.553
-20.439
-17.723
-12.834999999999997
-20.319
-19.04
-13.619000000000002
-18.107000000000003
-15.28923076923077
-19.219
-13.533000000000001
-18.137999999999998
-22.371076923076924
-19.660076923076925
-19.820076923076925
-17.086000000000002
-22.10707692307692
-17.896
-19.624000000000002
-22.699
-15.680999999999997
-19.656999999999996
-22.905
-21.859153846153845
-20.31707692307692
-18.316000000000003
-17.823076923076922
-19.487000000000002
-19.27607692307692
-19.66907692307693
-23.264076923076928
-18.055000000000003
-19.525076923076924
-17.92107692307692
-17.818999999999996
-25.068076923076923
-14.97207692307692
-14.853076923076927
-20.005
-17.845
-19.824
-16.415076923076924
-19.514
-19.249000000000002
-23.973307692307692
-25.530307692307694
-14.686
-20.287
-15.322076923076922
-22.186
-17.257000000000005
-22.724
-19.321230769230766
-17.169
-13.525076923076924
-13.659
-23.394076923076923
-20.156999999999996
-21.875000000000004
-20.389000000000003
-18.557000000000002
-18.806
-19.773
-25.895000000000003
-13.081
-22.454
-17.569076923076924
-17.977999999999998
-22.223000000000003
-12.154076923076923
-14.250999999999998
-18.18730769230769
-25.262000000000004
-22.402
-14.870000000000001
-20.71230769230769
-24.91807692307692
-13.200999999999999
-19.582000000000004
-14.012999999999998
-26.436
-13.805000000000001
-20.996076923076927
-23.692999999999998
-17.602076923076922
-16.592153846153845
-16.637
-16.778999999999996
-19.275000000000002
-14.518
-19.819
-19.919999999999998
-21.92107692307692
-27.151
-22.339153846153845
-20.028076923076927
-19.049153846153846
-14.686
-17.99707692307693
-14.252
-15.823
-28.412
-21.006076923076925
-18.687230769230773
-13.168000000000001
-19.661153846153844
-17.075076923076924
-21.856
-18.07423076923077
-9.474076923076924
-14.695
-19.905076923076923
-14.103153846153848
-22.90115384615385
-20.365999999999996
-25.180076923076925
-19.282
-17.136000000000003
-24.835461538461534
-17.587000000000003
-26.985076923076925
-26.48730769230769
-19.896
-15.046153846153844
-16.894076923076923
-22.871076923076924
-17.109
-11.976076923076924
-20.019153846153845
-21.925
-21.021000000000004
-24.519153846153852
-23.303076923076922
-23.089230769230767
-14.816000000000003
-12.590307692307691
-18.561000000000003
-17.34
-14.659076923076922
-17.838076923076926
-19.231
-15.312000000000001
-22.251
-16.421076923076924
-14.236000000000002
-19.283
-26.731076923076923
-20.168000000000003
-19.856
-21.85
-14.594000000000001
-18.906076923076924
-20.688076923076924
-15.543076923076924
-15.179230769230768
-19.742
-24.618
-20.718153846153843
-24.236
-17.742
-14.733999999999998
-17.588076923076926
-22.308076923076918
-20.274
-19.938230769230767
-13.947
-15.786076923076923
-22.314999999999998
-30.04415384615384
-14.729153846153844
-19.558000000000003
-20.497999999999998
-18.858
-19.008
-22.523
-11.251999999999999
-19.96
-17.617
-18.668
-18.979076923076924
-22.57907692307692
-21.496000000000002
-18.031230769230767
-11.835
-14.036076923076926
-18.723
-20.862076923076927
-18.34807692307692
-19.053
-22.36023076923077
-19.606153846153852
-15.652999999999999
-18.601000000000003
-14.896076923076922
-11.302076923076925
-16.098000000000003
-19.967076923076924
-20.55838461538461
-10.752
-15.862153846153847
-22.894000000000002
-24.258153846153846
-11.280000000000001
-19.37407692307692
-15.003076923076923
-16.252000000000002
-19.372076923076925
-21.988
-16.183076923076925
-12.078
-14.379076923076923
-19.396076923076922
-9.28
-22.368
-22.90315384615385
-15.896076923076924
-17.796
-14.344692307692307
-18.323
-16.805
-19.163076923076922
-21.95707692307692
-16.717000000000002
-21.809000000000005
-14.754999999999997
-20.717000000000002
-15.733
-22.189999999999998
-13.200999999999999
-13.650076923076922
-19.416384615384615
-19.06115384615385
-21.114000000000004
-14.020000000000001
-17.327076923076923
-16.157153846153847
-17.283153846153844
-18.370153846153848
-18.737000000000002
-17.743000000000002
-14.260000000000002
-23.317999999999994
-20.65223076923077
-25.58707692307692
-18.339999999999996
-19.964
-7.229
-21.89207692307692
-17.807307692307692
-16.977
-25.676000000000005
-16.089999999999996
-23.010000000000005
-16.383000000000003
-21.43
-14.128076923076923
-14.734000000000002
-18.966076923076926
-26.538076923076925
-19.827
-14.242
-13.334999999999997
-16.386
-20.676000000000002
-27.674076923076925
-22.092076923076924
-18.450000000000003
-14.897230769230768
-18.607230769230767
-15.95707692307692
-10.283999999999999
-13.877
-19.96407692307692
-11.881
-15.007153846153846
-17.763230769230773
-14.082076923076922
-21.025076923076924
-17.96
-12.477
-17.629076923076923
-16.060000000000002
-22.278000000000002
-14.116000000000001
-16.369
-14.869076923076925
-22.335076923076926
-17.926076923076923
-20.34515384615385
-23.565000000000005
-13.393
-23.281000000000002
-12.326076923076924
-17.698076923076922
-26.190076923076923
-18.677
-20.431153846153848
-18.358230769230765
-17.49607692307692
-17.424999999999997
-21.79307692307692
-19.121076923076924
-19.935307692307696
-14.08
-21.613999999999997
-18.446153846153845
-24.18407692307692
-17.621307692307695
-16.766000000000002
-16.127
-14.934230769230766
-19.565076923076923
-8.888153846153845
-19.162076923076924
-16.32723076923077
-17.529
-17.107
-15.506076923076925
-16.992153846153847
-17.953
-16.683
-18.635076923076923
-17.491999999999997
-21.201076923076922
-22.394
-18.829
-15.044076923076922
-23.81300000000001
-9.987076923076923
-14.055076923076921
-20.705000000000005
-22.110999999999994
-18.115076923076924
-14.855076923076922
-15.867076923076924
-11.575076923076924
-22.545999999999996
-18.878307692307686
-20.805999999999997
-18.291
-17.426000000000002
-21.772230769230777
-14.092
-17.162076923076924
-22.298999999999996
-26.011
-17.15
-14.11
-14.832999999999998
-13.896999999999998
-17.38
-17.833000000000002
-23.54315384615385
-21.045999999999996
-12.941
-13.715000000000002
-12.249000000000002
-21.87307692307693
-15.072
-18.793000000000006
-16.64607692307692
-23.57738461538462
-14.296999999999999
-15.436307692307693
-26.012000000000004
-16.057000000000002
-15.901153846153845
-20.559153846153848
-22.171000000000003
-25.473999999999997
-18.602999999999998
-18.283
-20.874000000000002
-16.464
-28.14246153846154
-18.296
-18.651230769230768
-22.036153846153848
-19.472076923076923
-17.59907692307692
-24.689153846153847
-24.039
-22.521076923076922
-20.43123076923077
-13.355
-13.94
-19.285000000000004
-24.008230769230774
-15.680076923076925
-22.030076923076926
-16.17107692307692
-21.48907692307693
-19.21623076923077
-19.297
-10.949
-12.073076923076922
-21.639076923076924
-16.802076923076925
-15.788230769230772
-17.862076923076923
-18.07015384615385
-21.633
-11.321
-17.934153846153848
-19.11123076923077
-18.918000000000003
-16.041000000000004
-17.592
-15.195000000000002
-14.811076923076921
-16.160999999999998
-25.212
-10.958153846153845
-17.42407692307692
-17.60915384615385
-15.330999999999998
-18.305076923076925
-20.24607692307692
-18.336000000000002
-26.71
-24.809076923076923
-19.67007692307692
-20.687000000000005
-14.814
-16.59223076923077
-21.288999999999998
-11.089
-12.746
-16.316000000000003
-16.853076923076923
-23.099999999999998
-19.859153846153845
-18.73438461538462
-15.534153846153847
-22.285999999999998
-17.079076923076922
-18.24015384615385
-19.145
-13.742
-15.24923076923077
-17.004
-12.466076923076923
-21.926153846153845
-20.317000000000004
-11.309999999999999
-28.006153846153854
-16.948307692307694
-16.379076923076926
-18.60615384615385
-12.67023076923077
-10.797999999999998
-16.090153846153846
-27.309
-16.22523076923077
-21.538153846153847
-15.805076923076921
-20.90107692307692
-21.968076923076925
-10.635076923076925
-26.096
-19.009384615384615
-16.74715384615385
-22.84630769230769
-13.835076923076924
-15.197384615384617
-18.044076923076922
-17.746692307692307
-12.433
-9.774076923076922
-15.010076923076923
-17.867999999999995
-13.110076923076923
-18.160076923076925
-10.154076923076925
-13.292153846153845
-11.82423076923077
-13.785076923076925
-14.490000000000002
-10.158153846153846
-13.760076923076925
-17.98207692307692
-13.746076923076922
-18.653
-15.92715384615385
-13.870076923076923
-21.678153846153855
-17.440076923076926
-26.222153846153844
-9.484000000000002
-13.313
-13.806000000000003
-17.14330769230769
-13.22323076923077
-15.743153846153845
-13.457076923076922
-16.561999999999998
-13.962153846153846
-14.172153846153847
-15.558076923076925
-11.722999999999999
-14.768
-17.217153846153842
-11.831076923076925
-13.854999999999997
-11.357000000000001
-10.606153846153846
-9.236153846153847
-23.331384615384618
-17.241384615384618
-14.813230769230769
-15.09923076923077
-13.132153846153846
-12.293076923076919
-23.501076923076926
-15.58507692307692
-16.086000000000002
-12.150076923076924
-14.463153846153846
-13.006153846153849
-10.806076923076922
-19.98707692307692
-20.52123076923077
-15.902307692307694
-13.981999999999998
-14.940000000000001
-15.739076923076922
-14.199
-17.18215384615385
-18.15423076923077
-15.142230769230766
-15.761999999999997
-12.830230769230768
-14.227076923076924
-15.998153846153846
-13.349
-13.801153846153845
-12.35923076923077
-24.969076923076923
-12.270000000000001
-14.31423076923077
-14.856
-14.772076923076924
-16.148076923076925
-13.108076923076922
-14.951076923076924
-16.921307692307693
-12.712076923076925
-18.483384615384615
-13.494
-20.004999999999995
-17.023000000000007
-16.94915384615385
-21.414153846153845
-8.268076923076922
-10.982153846153846
-18.685000000000002
-13.604999999999999
-23.976230769230767
-18.98807692307692
-14.097076923076925
-19.804076923076924
-18.79269230769231
-18.448
-19.679230769230767
-19.11938461538461
-15.534076923076926
-21.590307692307693
-19.415153846153846
-18.095
-16.095076923076924
-13.99207692307692
-15.496076923076924
-14.042076923076925
-15.310999999999996
-9.785076923076922
-16.20438461538462
-16.36523076923077
-11.812
-14.735000000000001
-13.981153846153848
-19.968
-12.385076923076925
-17.934307692307694
-17.74523076923077
-19.990000000000002
-14.487230769230768
-11.408
-12.959153846153846
-22.86207692307692
-19.275
-14.25907692307692
-21.252076923076924
-17.171076923076924
-13.68207692307692
-21.741153846153846
-14.018000000000002
-17.44715384615385
-13.692076923076925
-19.492384615384616
-13.935153846153845
-14.52430769230769
-13.259076923076924
-12.767
-15.200076923076923
-9.738
-21.385230769230777
-16.593153846153847
-13.929307692307692
-18.459
-14.971076923076922
-14.056230769230769
-16.897076923076924
-18.728
-16.727384615384615
-15.297230769230769
-22.55423076923077
-13.71723076923077
-13.858000000000002
-13.909153846153847
-18.841076923076923
-17.324
-15.641076923076922
-12.358
-19.802
-10.360999999999999
-22.365076923076924
-10.484307692307691
-17.831076923076925
-15.536999999999997
-16.71407692307692
-16.051
-21.820000000000004
-20.099307692307693
-10.376230769230771
-12.859000000000002
-10.024153846153848
-13.342076923076922
-15.56938461538462
-17.019076923076923
-13.974153846153845
-12.28523076923077
-17.016384615384617
-17.550076923076922
-15.388538461538461
-19.021153846153844
-12.280076923076924
-14.423230769230768
-13.023000000000001
-13.828
-20.866230769230768
-26.97807692307692
-19.015153846153847
-10.090076923076921
-14.56023076923077
-16.655
-17.974000000000004
-17.548461538461538
-20.276384615384618
-15.189999999999998
-12.606000000000002
-13.560076923076926
-19.806999999999995
-18.667153846153845
-16.662
-13.386230769230771
-17.796999999999997
-14.739
-11.227153846153847
-17.99
-20.564076923076925
-13.084
-9.732153846153846
-14.971153846153847
-11.441153846153846
-13.699307692307691
-22.520076923076925
-16.306076923076922
-14.390461538461539
-16.275076923076924
-14.521153846153844
-16.99661538461538
-13.295153846153845
-13.246230769230769
-11.499076923076924
-18.02407692307692
-12.603307692307691
-16.674230769230768
-11.112153846153847
-15.905230769230771
-11.585076923076924
-14.869076923076925
-13.160230769230767
-13.743999999999998
-13.716076923076923
-14.352999999999998
-20.51330769230769
-14.601076923076924
-14.882076923076923
-15.839076923076922
-14.974153846153847
-18.74315384615385
-16.986230769230772
-11.366000000000001
-14.896076923076924
-14.275307692307694
-11.082307692307692
-16.26315384615385
-16.090000000000003
-15.630461538461537
-17.229230769230774
-14.48730769230769
-13.850076923076923
-15.408999999999999
-14.573076923076924
-12.75046153846154
-13.746076923076927
-18.42953846153846
-11.986230769230769
-16.274230769230762
-18.370230769230773
-14.00323076923077
-15.321153846153848
-10.607153846153844
-18.790615384615386
-19.695076923076922
-16.262999999999998
-14.588999999999999
-16.582384615384612
-16.70323076923077
-11.731153846153846
-13.112
-23.262153846153847
-17.042153846153848
-13.491
-16.354
-20.955461538461535
-14.184
-17.06853846153846
-15.052999999999997
-16.058076923076925
-16.02815384615384
-15.65030769230769
-17.983076923076926
-21.22415384615385
-18.452384615384613
-15.984230769230768
-18.290999999999997
-20.14523076923077
-23.85215384615384
-18.838538461538462
-16.025076923076924
-16.589
-19.20253846153846
-13.10715384615385
-17.12846153846154
-23.827384615384613
-13.392076923076921
-14.743076923076924
-18.708000000000002
-19.887999999999998
-16.32807692307692
-16.285153846153847
-11.447999999999999
-16.539076923076927
-14.012384615384615
-18.733230769230772
-20.920923076923074
-16.569076923076928
-16.59423076923077
-15.602307692307688
-11.973
-11.491076923076923
-20.19876923076923
-13.334076923076921
-20.792076923076916
-17.103076923076927
-14.843076923076922
-10.754000000000001
-16.701
-15.596076923076923
-9.895076923076923
-16.018
-16.134307692307694
-15.234384615384617
-17.245076923076923
-12.961
-15.256230769230772
-15.611076923076926
-11.109000000000004
-13.267076923076926
-19.102153846153847
-11.920076923076923
-19.37807692307692
-17.082076923076922
-12.845
-19.525076923076924
-15.91538461538462
-21.345538461538464
-10.738000000000001
-18.37630769230769
-22.368538461538463
-14.391
-15.27507692307692
-16.388230769230766
-17.199384615384616
-12.70123076923077
-11.509230769230768
-13.059076923076924
-11.825153846153846
-12.073076923076922
-17.160153846153843
-14.064000000000004
-13.01023076923077
-22.36453846153846
-15.084153846153844
-17.422000000000004
-19.320153846153843
-14.022999999999998
-14.75723076923077
-11.752153846153847
-13.307230769230769
-16.666076923076922
-11.597230769230766
-16.313000000000002
-14.83053846153846
-15.171076923076926
-19.74853846153846
-16.896307692307694
-17.284307692307692
-16.93507692307692
-21.059
-19.785230769230765
-16.939076923076925
-12.451076923076924
-16.441230769230764
-18.746230769230774
-19.404384615384615
-21.03438461538461
-15.721076923076923
-17.32707692307692
-21.27946153846154
-15.053
-15.986230769230769
-18.360153846153846
-16.891
-15.219384615384616
-16.032384615384615
-24.923076923076923
-10.611384615384615
-17.724076923076925
-18.825153846153842
-21.669000000000004
-15.11823076923077
-14.260769230769235
-21.24769230769231
-21.749384615384614
-12.832076923076922
-9.53907692307692
-13.009076923076922
-11.415000000000001
-12.706384615384616
-17.999923076923082
-15.162999999999998
-17.449384615384616
-16.736230769230772
-20.75469230769231
-26.355076923076926
-15.076076923076922
-12.054076923076925
-20.098153846153846
-16.288230769230772
-15.398307692307688
-23.52930769230769
-14.031076923076926
-21.374230769230767
-14.602153846153849
-17.99007692307692
-12.527076923076926
-20.399153846153844
-14.543461538461539
-18.292153846153845
-17.335153846153844
-15.013153846153848
-16.640076923076922
-16.30623076923077
-11.627153846153847
-15.558076923076921
-15.603307692307693
-14.55523076923077
-15.211999999999998
-24.96123076923077
-12.671999999999999
-13.989153846153846
-11.456076923076923
-18.873615384615384
-14.833076923076922
-13.86323076923077
-17.510384615384613
-15.618307692307695
-20.321
-12.594153846153846
-18.522
-19.82646153846154
-22.043999999999997
-12.339076923076924
-17.38046153846154
-17.59638461538462
-18.17046153846154
-20.486692307692312
-10.598076923076924
-19.496230769230774
-15.853153846153846
-19.11484615384616
-10.472076923076923
-16.073076923076922
-20.116230769230768
-20.73761538461538
-17.919999999999998
-15.470384615384614
-20.066615384615385
-15.834076923076923
-15.589307692307694
-15.235230769230768
-15.921307692307693
-13.699538461538461
-16.139153846153846
-20.78161538461539
-12.191615384615385
-14.950153846153844
-19.066307692307696
-15.994307692307691
-12.248000000000001
-17.71207692307692
-18.156076923076924
-15.884076923076925
-17.23807692307692
-18.36007692307692
-12.546
-15.152153846153848
-14.518615384615384
-12.630076923076922
-10.028076923076924
-12.663307692307693
-22.51923076923077
-18.092384615384617
-14.635076923076923
-19.78107692307692
-15.612076923076923
-18.28630769230769
-15.099384615384619
-18.766615384615385
-16.446230769230773
-14.073076923076924
-12.797307692307692
-19.894076923076923
-13.846230769230768
-19.729615384615386
-11.882076923076923
-15.589153846153847
-19.983076923076922
-15.873000000000001
-16.23715384615385
-21.64923076923077
-13.187076923076926
-11.470076923076922
-15.950692307692304
-11.699153846153848
-15.093153846153847
-17.393076923076926
-19.947538461538464
-14.047
-12.693307692307691
-18.38953846153846
-16.652153846153844
-17.581384615384618
-12.804153846153845
-19.715846153846154
-21.100692307692306
-12.949384615384616
-18.287615384615385
-10.388
-19.733076923076915
-16.163461538461537
-13.681153846153846
-9.60723076923077
-13.929153846153847
-15.934000000000003
-19.724769230769226
-16.563384615384614
-17.960230769230773
-18.010538461538463
-11.397230769230772
-14.854384615384618
-11.755076923076924
-7.363153846153846
-14.702
-13.576615384615385
-16.132384615384616
-14.746461538461542
-14.338307692307694
-14.485076923076925
-13.64846153846154
-18.386307692307696
-15.467076923076924
-15.47453846153846
-14.70823076923077
-13.340384615384616
-10.953615384615382
-18.355153846153843
-17.051538461538463
-11.278999999999998
-17.463230769230766
-11.213307692307694
-20.304307692307695
-13.101307692307692
-15.52546153846154
-16.81015384615385
-15.308384615384616
-16.85776923076923
-13.669615384615385
-8.718
-10.824153846153846
-11.176307692307692
-21.57046153846154
-14.521153846153846
-12.561076923076923
-11.832153846153846
-14.551615384615387
-19.678615384615384
-14.27046153846154
-15.825615384615388
-14.76223076923077
-13.563538461538466
-16.548384615384617
-12.321384615384618
-10.816153846153846
-17.27215384615385
-13.954307692307692
-13.158230769230773
-22.601230769230767
-13.170153846153845
-14.265307692307692
-14.92576923076923
-15.426461538461544
-18.72407692307692
-17.515538461538465
-11.74607692307692
-12.676999999999998
-18.461076923076924
-13.279615384615385
-14.340692307692308
-22.378153846153843
-12.695076923076922
-14.245999999999997
-14.747307692307693
-16.538384615384622
-24.222384615384613
-18.127538461538467
-12.603153846153848
-11.475846153846154
-16.18315384615385
-16.84592307692308
-19.56684615384615
-14.962153846153843
-23.019076923076927
-14.345461538461537
-17.261230769230767
-12.739307692307692
-13.506384615384617
-8.984
-12.606307692307693
-18.59607692307692
-13.107230769230773
-14.217384615384619
-13.029307692307691
-22.117
-15.476076923076922
-13.24607692307692
-14.199307692307691
-15.615307692307692
-23.787000000000003
-12.739076923076924
-21.580307692307695
-14.636384615384614
-13.664230769230768
-14.445384615384613
-14.234230769230766
-10.180307692307693
-10.117
-11.611230769230767
-9.966153846153844
-10.231384615384615
-13.361076923076922
-10.264076923076924
-10.525384615384617
-18.798076923076923
-14.723307692307696
-17.998307692307694
-14.443384615384613
-12.818230769230768
-16.98592307692308
-17.55069230769231
-16.482230769230767
-16.210538461538462
-12.064307692307695
-21.357846153846157
-15.144230769230768
-16.428307692307694
-13.83823076923077
-15.29046153846154
-10.287153846153847
-13.275153846153847
-16.17976923076923
-11.256076923076922
-18.884923076923076
-10.97123076923077
-10.174076923076923
-13.129307692307691
-13.933307692307693
-15.821538461538461
-9.939384615384615
-18.936461538461543
-19.11238461538462
-14.953000000000001
-18.20069230769231
-13.367538461538464
-14.173384615384617
-23.48615384615385
-12.986153846153849
-14.975384615384616
-13.549692307692307
-23.280692307692302
-16.34361538461539
-16.13607692307692
-10.612923076923078
-12.481615384615385
-14.580461538461538
-15.39630769230769
-12.291615384615383
-14.048538461538461
-16.69330769230769
-22.804461538461535
-13.306230769230767
-16.75223076923077
-17.27738461538462
-12.017615384615386
-16.411153846153844
-18.709999999999994
-13.638538461538461
-13.301538461538463
-19.175846153846155
-13.745384615384614
-20.85369230769231
-12.258461538461539
-15.752615384615387
-14.277307692307694
-18.590615384615383
-15.002230769230765
-20.239538461538462
-14.682307692307694
-15.80053846153846
-17.651615384615386
-9.692153846153845
-10.188461538461539
-16.156230769230774
-17.47076923076923
-23.357076923076917
-15.695461538461538
-16.94046153846154
-13.868076923076924
-23.73769230769231
-17.92984615384615
-15.051076923076923
-10.363307692307693
-13.611384615384615
-13.12923076923077
-23.301384615384617
-17.899230769230773
-15.004384615384618
-19.04992307692307
-17.33038461538462
-16.155615384615388
-12.044076923076922
-12.98953846153846
-16.019
-10.310230769230769
-15.537076923076924
-16.82038461538462
-13.816230769230767
-15.582999999999998
-17.900846153846153
-12.99669230769231
-18.319153846153846
-15.806230769230769
-18.672615384615384
-17.409384615384614
-15.075999999999999
-11.34
-14.634230769230767
-14.239538461538462
-12.913461538461537
-10.306000000000001
-15.845000000000002
-16.013076923076923
-13.980769230769232
-17.609230769230773
-16.44876923076923
-15.538461538461537
-13.715230769230768
-17.440230769230773
-14.44323076923077
-13.575384615384616
-17.46276923076923
-19.217692307692307
-11.887153846153849
-14.502230769230769
-17.41653846153846
-12.832230769230772
-14.528384615384613
-11.30007692307692
-9.966076923076924
-14.807615384615385
-16.97653846153846
-15.378846153846155
-14.217230769230769
-12.321769230769233
-15.535307692307693
-19.54561538461538
-19.166384615384615
-14.583153846153845
-17.747461538461536
-14.603846153846153
-11.547615384615384
-13.500153846153847
-13.076384615384617
-15.430307692307691
-20.279923076923076
-11.292538461538463
-15.984615384615386
-21.287461538461535
-18.02669230769231
-14.527076923076923
-14.305692307692308
-17.851384615384617
-14.05046153846154
-12.231769230769233
-13.44246153846154
-14.462384615384615
-17.667153846153845
-12.047846153846155
-15.926923076923078
-13.689307692307695
-13.511692307692307
-17.282692307692308
-14.580307692307695
-16.37807692307692
-20.97223076923077
-16.37946153846154
-19.744538461538454
-15.73223076923077
-16.063846153846153
-17.225923076923078
-21.36884615384615
-23.10884615384615
-14.681230769230767
-20.028461538461546
-15.452076923076923
-17.618615384615385
-14.18738461538462
-15.060846153846157
-17.864384615384616
-12.599615384615385
-15.571692307692308
-15.466230769230775
-16.220846153846153
-11.947307692307692
-24.939076923076925
-11.02369230769231
-14.993769230769233
-14.310538461538458
-13.006538461538465
-15.042846153846156
-13.896461538461537
-15.151230769230766
-15.479461538461537
-21.595692307692303
-10.801
-18.63723076923077
-17.497846153846154
-16.30646153846154
-16.832846153846152
-12.91646153846154
-18.971692307692308
-12.340769230769231
-16.867230769230773
-15.470692307692309
-7.35423076923077
-15.218384615384615
-11.05023076923077
-16.41723076923077
-10.778923076923077
-26.91015384615385
-14.935461538461537
-14.21076923076923
-14.733538461538462
-16.036076923076923
-12.425846153846155
-11.707615384615385
-12.110461538461541
-13.413384615384615
-15.320461538461537
-11.116307692307695
-14.748153846153848
-19.972615384615384
-22.39053846153847
-13.843307692307695
-13.106769230769231
-15.455153846153848
-15.452846153846156
-15.306384615384616
-18.80892307692308
-13.987846153846153
-12.892615384615384
-16.506153846153847
-15.692307692307695
-12.791307692307694
-14.153153846153847
-26.47007692307692
-14.431692307692307
-14.478846153846153
-14.594615384615388
-14.694384615384617
-12.52476923076923
-14.14153846153846
-15.25976923076923
-17.592538461538464
-12.143076923076924
-15.38569230769231
-23.902461538461537
-15.977307692307695
-17.764384615384618
-11.723384615384614
-21.598846153846146
-14.500230769230768
-13.248384615384612
-18.839538461538456
-17.087384615384618
-16.99830769230769
-13.58776923076923
-17.240846153846153
-18.660769230769226
-16.360153846153846
-15.506461538461537
-17.914692307692302
-18.688615384615385
-16.43823076923077
-13.565153846153848
-11.92423076923077
-16.845461538461535
-13.616307692307693
-13.887769230769232
-13.091461538461541
-12.38653846153846
-13.715923076923078
-11.052307692307691
-21.830153846153845
-17.27723076923077
-13.779538461538458
-10.950615384615386
-12.919307692307692
-17.768
-22.926923076923075
-19.143153846153847
-15.562846153846156
-17.544384615384615
-18.909538461538464
-18.178230769230773
-18.26815384615385
-16.69146153846153
-17.182692307692314
-16.130999999999997
-22.374230769230774
-13.945307692307694
-16.160692307692308
-14.906153846153847
-12.649615384615386
-12.17630769230769
-17.578230769230768
-20.10992307692308
-13.746461538461539
-15.529000000000003
-14.831307692307693
-20.500307692307693
-9.655461538461537
-19.712000000000003
-21.66992307692308
-10.902615384615384
-17.373
-9.234307692307693
-17.00023076923077
-15.694230769230767
-12.548230769230766
-16.186
-12.834692307692306
-15.06576923076923
-14.374538461538462
-11.68707692307692
-12.569538461538462
-18.05061538461538
-13.443615384615384
-14.579538461538466
-17.281461538461542
-20.201692307692305
-16.859384615384613
-12.751538461538463
-12.189846153846156
-17.79861538461538
-14.51976923076923
-18.392538461538457
-17.36669230769231
-21.159153846153846
-19.129769230769234
-13.863076923076921
-13.729076923076923
-10.355538461538462
-17.605307692307697
-25.298769230769235
-15.25007692307692
-21.428615384615387
-13.056153846153844
-17.825000000000006
-17.070384615384615
-19.47830769230769
-15.35115384615385
-11.618230769230768
-11.48853846153846
-12.211000000000002
-13.661769230769227
-16.609153846153845
-20.12492307692307
-14.766384615384611
-14.13515384615385
-14.691
-14.149076923076922
-10.610692307692307
-16.477923076923076
-19.236461538461537
-17.15146153846154
-21.051307692307688
-25.316
-7.999076923076924
-15.927769230769233
-19.571923076923078
-13.891846153846153
-21.97315384615385
-16.07553846153846
-11.496230769230772
-13.496846153846157
-15.102461538461535
-24.813846153846157
-16.889615384615386
-18.60338461538461
-13.122846153846151
-12.772153846153847
-22.344692307692306
-18.711307692307695
-14.916923076923077
-16.913923076923076
-14.069692307692305
-17.035923076923073
-13.838076923076922
-20.501923076923077
-15.672846153846153
-15.475692307692306
-14.41376923076923
-16.30946153846154
-19.01438461538462
-11.905846153846156
-19.91323076923077
-19.870923076923077
-16.417692307692306
-17.441307692307692
-22.897153846153852
-15.352153846153849
-20.39792307692308
-15.794615384615392
-14.699153846153852
-14.072461538461537
-20.409999999999997
-19.368153846153845
-16.15676923076923
-32.52361538461538
-19.13138461538461
-12.953692307692306
-13.380230769230767
-18.428692307692312
-28.784615384615382
-17.532846153846155
-13.971
-19.16107692307692
-27.678538461538462
-12.123076923076924
-21.025153846153838
-17.441692307692307
-16.611076923076926
-19.003307692307693
-11.610615384615386
-16.53246153846154
-13.286615384615384
-14.600384615384616
-20.889307692307693
-27.312461538461545
-14.333769230769231
-14.630615384615385
-15.753615384615385
-13.577153846153843
-16.31346153846154
-15.602923076923073
-20.637461538461544
-15.124846153846155
-16.936307692307693
-20.966153846153844
-11.10384615384615
-19.74146153846154
-13.715538461538461
-16.168153846153842
-16.155769230769227
-11.526769230769231
-14.026846153846154
-21.778769230769228
-17.56292307692308
-16.971615384615387
-30.706999999999994
-23.126307692307684
-19.433692307692308
-14.027153846153848
-14.614153846153851
-26.077307692307684
-16.237692307692306
-16.504615384615384
-30.06023076923077
-15.653923076923078
-16.350769230769234
-14.189615384615385
-20.543307692307696
-18.975076923076923
-22.093615384615383
-24.74484615384615
-15.492769230769234
-12.03223076923077
-18.446461538461538
-16.836769230769228
-17.416153846153847
-17.98661538461538
-16.569769230769232
-19.922384615384615
-17.491384615384618
-21.514692307692307
-22.93046153846154
-16.23346153846154
-18.30953846153846
-19.6013076923077
-14.686076923076923
-19.174615384615382
-22.456000000000007
-14.658000000000005
-12.022461538461538
-19.97792307692308
-25.954461538461526
-17.074769230769235
-16.211076923076924
-12.467692307692307
-22.845384615384624
-16.978923076923074
-16.675
-12.53746153846154
-27.08253846153846
-16.09084615384615
-16.223384615384614
-14.746846153846157
-20.909615384615382
-14.145384615384618
-18.058153846153843
-15.922538461538462
-13.26546153846154
-20.442461538461544
-15.977384615384617
-27.164230769230777
-23.896923076923077
-13.767461538461538
-15.16669230769231
-17.078384615384614
-15.128923076923076
-18.116461538461543
-18.625000000000004
-14.79676923076923
-11.230692307692308
-19.521538461538462
-16.32523076923077
-18.418923076923075
-20.48223076923076
-22.39161538461539
-24.29030769230769
-15.82046153846154
-29.46938461538462
-14.71423076923077
-25.300384615384623
-17.347846153846152
-25.70546153846154
-14.056384615384614
-13.56776923076923
-12.906230769230767
-21.798230769230777
-13.940538461538464
-20.72676923076923
-18.86261538461539
-13.885153846153848
-13.658692307692307
-16.514153846153842
-20.77346153846153
-11.276538461538463
-13.522846153846153
-21.659384615384614
-16.728538461538466
-11.453999999999999
-22.19653846153846
-17.17776923076923
-10.778076923076926
-20.356153846153845
-25.81861538461538
-14.455384615384615
-32.921076923076924
-21.623384615384616
-17.609923076923078
-20.609153846153855
-16.078846153846154
-22.62853846153846
-18.648461538461536
-31.10761538461538
-15.080923076923076
-24.045769230769235
-14.170153846153845
-22.746000000000006
-19.583307692307688
-19.122692307692308
-21.666461538461537
-22.889615384615382
-13.589307692307694
-13.75123076923077
-22.809923076923084
-19.745307692307694
-15.636461538461543
-22.053230769230773
-13.264230769230767
-14.668769230769229
-19.08007692307692
-16.09576923076923
-12.623461538461536
-15.377692307692302
-14.19023076923077
-21.187384615384627
-12.513692307692308
-14.289615384615384
-25.24315384615384
-16.03515384615384
-22.20376923076923
-18.16476923076923
-17.099000000000004
-16.81923076923076
-14.35869230769231
-22.616923076923065
-18.861
-13.430153846153848
-29.578538461538447
-27.135846153846135
-21.952769230769228
-23.83046153846154
-16.238615384615386
-11.364076923076922
-16.525307692307692
-20.819999999999997
-21.60353846153847
-30.789846153846156
-17.355923076923077
-20.043230769230767
-26.54692307692308
-17.16776923076923
-17.21784615384615
-32.167076923076934
-19.45407692307693
-23.43023076923077
-22.830615384615385
-17.068769230769234
-25.788538461538472
-14.55330769230769
-20.15623076923077
-21.044769230769237
-20.147
-18.964615384615385
-23.011384615384618
-19.248615384615384
-32.156692307692296
-16.959461538461536
-18.596769230769233
-19.75638461538461
-17.64730769230769
-22.217846153846157
-34.034923076923086
-22.73838461538462
-12.350769230769231
-11.766538461538461
-21.005000000000003
-21.594615384615384
-19.980923076923084
-10.011615384615384
-15.96230769230769
-14.419692307692307
-29.345461538461546
-24.36653846153846
-30.645076923076925
-23.60815384615385
-15.763846153846155
-15.261461538461537
-18.30676923076923
-19.125
-18.686307692307693
-15.557999999999995
-13.983153846153845
-20.728153846153855
-16.256076923076925
-15.833769230769231
-13.22492307692308
-31.947692307692307
-18.995538461538462
-20.463769230769227
-21.8913076923077
-15.526384615384615
-27.206923076923076
-17.742846153846155
-16.66738461538462
-12.267153846153844
-18.980307692307694
-15.203230769230768
-19.276307692307693
-16.604692307692314
-21.529153846153854
-15.795692307692308
-17.72553846153846
-19.184384615384616
-34.25215384615385
-22.507692307692306
-23.90807692307692
-18.07669230769231
-16.01669230769231
-17.489307692307694
-18.217692307692307
-16.321076923076923
-13.748769230769234
-19.716846153846152
-12.256307692307692
-27.32423076923078
-23.927076923076935
-10.950153846153846
-14.33330769230769
-15.457769230769227
-17.441384615384617
-17.005076923076928
-36.23484615384616
-14.868692307692308
-19.980384615384615
-12.210769230769227
-33.01246153846154
-27.865076923076913
-15.278769230769232
-19.20423076923077
-18.28115384615385
-26.724923076923073
-19.400615384615385
-16.973307692307692
-18.906153846153842
-20.713846153846156
-14.98976923076923
-11.58546153846154
-15.779
-21.35969230769231
-20.22330769230769
-12.424846153846154
-17.07646153846154
-22.742384615384616
-36.14823076923075
-27.016307692307695
-19.091461538461548
-22.380538461538453
-24.052615384615375
-23.860846153846158
-18.692230769230772
-16.778153846153845
-14.837153846153845
-24.677692307692304
-17.868538461538467
-18.938307692307692
-22.03361538461538
-12.939076923076922
-23.970615384615375
-16.732538461538464
-18.40815384615384
-16.34984615384615
-15.090384615384615
-11.993692307692307
-17.340384615384615
-15.457999999999998
-15.671076923076923
-14.388384615384622
-30.151000000000007
-21.105307692307697
-14.459307692307691
-19.062923076923074
-20.398
-34.19469230769231
-16.33430769230769
-26.110923076923076
-30.320384615384608
-20.48423076923077
-16.204923076923073
-21.364692307692312
-17.05846153846154
-27.21384615384617
-11.793
-18.748153846153855
-27.246846153846157
-24.811692307692304
-16.258384615384617
-17.884153846153843
-15.987230769230768
-22.309076923076926
-16.443538461538463
-17.026846153846144
-34.34092307692307
-17.892692307692315
-20.68138461538462
