0
44.80501851851849
51.5446259259258
7.755311111111119
40.52069629629624
51.759696296296156
43.50155555555568
23.50082592592598
46.73475185185172
46.65202592592567
50.819792592592485
44.01295185185175
45.03286666666661
2.7892000000000032
26.25310370370371
45.44002592592579
19.804329629629656
7.772655555555566
48.977692592592376
48.040988888888734
19.45089629629629
45.272014814814796
34.186225925926024
44.199985185185035
16.257766666666686
6.228007407407408
27.96222962962968
47.76918148148133
52.83190740740739
48.333329629629326
5.728337037037034
36.06065185185183
45.02157037037029
27.66003333333337
29.205837037037163
6.128325925925922
8.495344444444445
38.639137037037244
45.12922592592589
10.35085925925928
20.12861851851853
41.21945555555554
13.399181481481499
8.500970370370382
16.22927407407407
3.690607407407402
29.114859259259344
9.18573333333335
46.19370740740733
43.262037037037004
19.766262962963008
46.80996666666629
26.685622222222303
17.97253703703702
41.1556259259258
48.28362222222225
17.52069629629629
42.6414777777777
4.57751481481481
25.149244444444506
22.98071111111118
45.47786296296258
12.272633333333332
3.439044444444442
10.43427407407407
46.001522222222036
43.67471851851856
6.586633333333331
44.72712222222207
11.520511111111118
5.48830740740742
47.24971481481468
16.304048148148134
41.83429259259253
35.186896296296254
23.12134074074079
41.6063481481481
44.974203703703616
44.64094814814803
7.0475370370370545
43.62289999999995
13.655362962962954
43.85947777777767
28.113374074074148
39.657814814814756
44.56274444444445
38.867225925925986
0.4962592592592596
46.286851851851694
45.19147407407408
46.84018148148137
39.77099259259269
28.158340740740798
5.013040740740741
46.45427407407397
26.76335925925931
2.8817296296296306
12.077714814814799
2.637240740740739
14.101074074074072
1.7767481481481453
34.735229629629586
30.890781481481536
46.861085185185196
44.818859259259106
46.357607407407315
36.84694814814815
3.441351851851853
44.95858148148158
49.24402222222217
4.291681481481484
44.37301111111107
29.412914814814847
21.931359259259306
8.174959259259264
43.23916296296297
45.05927037037023
43.261255555555465
9.693477777777789
8.488892592592599
48.85509259259253
51.41281851851839
46.19300740740745
12.017670370370396
47.244492592592664
33.45872962962953
45.234655555555584
11.60450370370371
46.92579629629619
23.31347037037035
14.870355555555571
2.6300851851851856
1.2333925925925922
47.38116296296299
47.1422555555555
43.48606296296298
16.419418518518516
47.934600000000096
11.157711111111114
25.58092962962968
43.770603703703564
42.93031851851843
44.33571481481487
44.674633333333205
46.82452222222209
17.974425925925914
36.98895555555561
43.083570370370225
45.681059259259044
8.788862962962973
2.0196518518518536
44.86994444444438
27.604044444444447
18.35591481481483
47.69045925925912
8.0994703703704
35.70525925925938
28.91562222222224
45.611940740740486
45.82087407407408
43.723759259259175
2.6620518518518548
4.921314814814816
19.660514814814807
43.39441481481466
44.20455185185188
46.86024814814804
12.338851851851848
46.9391296296296
45.05628148148167
42.91535925925936
15.133896296296292
44.53037037037032
53.058996296296215
44.688881481481424
45.28508148148134
42.88499629629634
15.01721111111111
40.13901851851855
48.57885185185165
45.55578888888895
31.54431111111115
2.0851814814814773
47.193099999999944
45.17807407407403
7.931003703703702
44.6942888888888
7.783885185185175
44.15332962962954
14.015114814814822
0.964937037037036
46.08898148148139
32.6286962962964
42.816503703703674
43.99253333333343
39.14112222222223
24.119781481481507
40.98934444444444
45.10229629629626
47.028877777777616
44.38489629629632
14.62673703703706
9.874322222222224
45.58104444444447
45.77637777777777
13.841477777777776
5.652074074074068
29.559359259259253
50.69564814814814
41.37934074074086
45.94612222222216
42.930051851851715
-0.4142703703703705
47.78784074074069
27.734659259259256
47.58534444444439
-0.013262962962962366
26.325166666666703
20.379181481481524
36.31289629629628
35.33549629629628
49.38962222222209
44.132503703703726
29.840796296296293
9.578770370370352
45.989648148148184
40.360737037037026
23.96020740740743
2.0992074074074076
46.27006666666663
47.13524074074056
29.947188888888935
13.008855555555558
2.0541629629629616
47.159681481481506
6.612159259259256
46.742770370370295
45.46822962962978
44.85441851851835
41.71330740740742
32.66090000000008
44.880011111111095
46.61321111111102
46.72130370370362
46.67253333333325
43.97432222222218
4.084462962962957
1.4775777777777774
21.727048148148096
28.39560000000006
46.067022222222214
44.71271111111106
46.56900370370347
49.12422222222215
21.391170370370393
23.58270370370372
33.89272962962952
46.540251851851956
47.17494074074061
30.966037037037037
49.45169629629625
46.454807407407294
47.2805851851852
45.488911111110774
21.39491481481485
9.141270370370357
18.370492592592612
47.42108518518527
26.099159259259277
47.427614814814824
30.263007407407482
45.88413703703713
13.248314814814831
46.793762962962994
50.16497777777791
6.071755555555556
1.8931851851851853
28.94361481481487
48.914977777777665
44.85172592592575
26.29981111111113
31.991581481481468
43.7084111111111
5.3370962962963
30.143796296296376
11.876574074074094
46.711748148147926
12.95113703703703
44.39874814814799
42.09995555555549
12.019311111111112
45.82665925925941
48.597411111110944
45.6294111111112
44.73531481481475
48.92713703703701
30.499500000000097
40.085481481481565
47.705074074073956
45.61035555555547
44.16731851851834
46.716370370370335
45.557081481481326
20.854103703703696
45.83187037037032
44.096629629629234
35.351755555555606
42.39114074074077
42.36057037037033
44.45596666666656
38.794640740740874
43.67606296296309
46.83074074074085
42.636303703703824
42.560803703703805
43.00806296296276
2.708974074074072
41.40985555555554
21.025562962963022
46.318940740740786
46.47452962962947
41.451011111110944
39.78827407407412
0.24310740740740688
29.915277777777764
1.8055740740740722
4.267040740740738
45.13671851851837
43.887951851851774
31.644777777777804
40.842385185185094
1.3432814814814829
1.9255444444444434
47.62538888888884
22.105185185185178
28.778725925925915
9.669744444444447
12.915496296296292
21.188396296296336
48.17478148148151
26.070762962963034
36.1424888888889
43.4975814814815
44.1915
45.43928148148151
43.441455555555514
45.676840740740765
44.33460000000004
47.67934444444422
20.913822222222215
11.982966666666675
45.914937037036864
44.159074074074034
30.09023703703712
45.63299629629628
49.6385037037035
48.09393703703692
11.591544444444427
49.16150370370375
41.52318888888885
43.91788888888868
12.259025925925954
22.638633333333384
47.61332592592597
32.4903296296297
39.84544074074073
43.74779629629632
16.670925925925967
3.2538703703703664
14.008288888888888
44.80070740740733
1.9673481481481456
46.64655555555546
15.036822222222224
47.478440740740865
43.6055333333332
44.17541851851851
4.819859259259254
7.828981481481485
45.33312222222212
45.05941851851842
51.53886296296291
20.46284444444442
19.44890370370369
11.956948148148141
44.40696296296289
32.1916222222222
48.9281666666665
6.7028851851851865
47.22855925925916
16.467803703703705
8.931622222222236
45.026514814814796
45.658829629629494
44.28232222222205
10.982351851851842
45.00109259259257
47.204107407407264
21.648196296296327
29.803688888889
5.648570370370373
34.9837592592594
41.69502962962976
46.94246666666661
26.968985185185204
11.03323333333334
46.628074074074156
12.934696296296304
46.786466666666804
11.960485185185183
46.83685185185183
41.220303703703635
43.45955555555544
45.739422222222196
13.433440740740727
3.9122333333333312
49.11871111111116
47.02652592592577
22.173362962963008
45.363992592592496
46.98336666666657
16.341366666666694
45.85005555555554
43.287533333333315
45.786844444444306
49.05346296296311
47.310644444444456
0.18520740740740727
24.604062962963013
43.05014814814821
29.493514814814894
47.11734814814813
1.791388888888886
1.516562962962964
47.134040740740616
23.66268518518519
34.92571851851848
47.34807777777765
43.96802962962968
46.01374444444452
43.62602222222211
44.6021074074075
47.272807407407385
32.73943703703707
46.12115925925914
46.194377777777774
44.97982962962968
35.698711111111145
15.68386666666667
50.99519629629625
28.661562962963036
47.65937777777759
44.4046296296296
47.16131111111107
44.00699259259239
0.24925925925925974
49.3508259259259
28.57362222222216
47.69922592592581
47.406822222222274
45.48307777777765
45.405066666666656
43.36209629629627
45.69218518518519
41.68471851851848
43.493688888888734
47.02369259259251
2.1374555555555563
44.9075296296296
9.41671111111109
40.830974074074156
36.23027407407412
18.245225925925862
45.14457407407402
34.645811111111136
47.46469629629629
47.18664444444443
27.411696296296352
11.825581481481485
44.825118518518394
37.61638518518528
49.89844444444429
17.414077777777788
46.32788518518523
43.17797777777782
44.42843703703704
47.74320370370357
44.537744444444364
31.334496296296344
45.77215185185181
9.915944444444444
17.675029629629652
44.953244444444465
46.47766666666645
45.92249999999983
8.068537037037046
42.11125925925931
45.020285185185024
45.0452925925927
18.771485185185178
24.885003703703763
0.8703333333333345
50.450718518518435
47.07161481481491
47.87334814814822
16.767074074074042
44.86230000000005
6.031092592592591
46.03493703703697
44.14344444444442
46.17265555555539
46.788240740740584
19.085392592592598
7.92246296296296
35.24090740740745
43.952322222222016
44.028603703703695
17.490629629629648
46.08842222222218
47.67691111111091
45.80538518518502
47.09741111111105
46.34916666666677
51.13246296296287
26.233418518518533
25.777700000000102
48.39829259259238
50.9569592592592
46.14841111111112
48.00252592592592
46.368774074073905
47.40144074074065
52.426374074073955
47.054855555555314
48.25627037037024
5.274381481481484
44.90769629629616
13.26312592592596
47.058655555555575
46.78230740740726
26.888948148148216
8.045262962962964
11.028737037037068
14.863500000000018
48.94351111111117
4.2396111111111106
48.509000000000164
18.471751851851835
15.184118518518531
17.819577777777774
8.331625925925923
17.072233333333344
48.156037037036924
45.190681481481235
19.87080740740745
13.142922222222236
6.8388814814814785
16.920966666666665
0.6742222222222223
44.71805185185197
15.194525925925952
38.58874814814813
28.39838148148151
46.66800740740747
44.039885185185135
50.63530370370362
8.25524074074075
46.11878888888897
45.639100000000006
43.63531111111119
47.794414814814836
5.033688888888888
35.25627407407409
6.33683703703703
47.247759259259055
46.882229629629755
43.88239259259253
43.246833333333356
45.43672962962944
43.347377777777865
43.08728518518509
20.05560370370373
47.816840740740666
44.42287777777774
45.7162777777777
14.025344444444428
8.601281481481484
46.8574592592591
19.570425925925907
22.597407407407356
21.954607407407423
48.051807407407345
46.19660740740727
49.97470000000008
45.80412962962954
27.83446666666674
32.21516296296299
11.306140740740732
42.77267407407411
39.85840370370383
16.455044444444443
44.4752962962962
26.543925925925972
44.5349185185185
12.445407407407403
47.3568185185185
32.099592592592735
3.275477777777776
16.237944444444484
46.85511851851835
47.57020740740725
5.98841481481482
46.60936296296294
43.99022222222222
5.517618518518518
11.64688518518518
41.11615555555558
47.84833703703675
4.388311111111114
34.70474444444452
46.101985185185214
43.32539259259247
48.48386296296268
44.796725925925806
47.97781481481464
47.98967777777773
22.824755555555594
19.265340740740758
0.5496296296296297
45.931837037037035
11.43100000000001
44.10144444444426
44.05555925925914
45.37935555555535
3.191500000000003
19.830914814814808
47.81399629629617
14.842688888888919
18.02527407407411
17.300514814814814
46.35057777777774
13.118288888888907
12.130185185185185
24.683725925925955
7.1668888888888915
48.72750000000004
22.432940740740722
45.61157037037046
44.876525925925925
44.75484814814806
45.400166666666685
48.01621111111093
35.096362962963035
8.799225925925924
31.70103703703711
19.296281481481515
45.40029259259241
34.04049629629632
18.193674074074124
46.6184185185186
47.71762592592604
44.600107407407215
49.20409259259245
23.017018518518487
46.067066666666626
51.4485925925925
21.673574074074125
46.47317037037034
16.98712962962964
10.845107407407392
50.93068518518513
47.700881481481396
23.82143703703704
12.704881481481499
22.868792592592516
45.17009259259247
20.07641111111113
51.1066148148148
23.741311111111127
15.452729629629651
30.899940740740853
18.224470370370373
41.93946296296294
45.2085333333333
48.99571111111088
30.303903703703714
45.079059259259125
10.89024074074074
47.35072222222215
48.04065925925914
5.054311111111116
2.6930444444444426
27.391407407407453
20.366144444444437
47.2234592592591
45.38794074074072
49.16140370370349
46.705151851851845
45.52350370370346
50.73482222222203
24.340022222222267
43.92206296296289
12.814670370370367
46.138496296296324
43.862670370370175
45.60554814814815
48.032555555555454
9.498185185185207
46.75166666666647
44.58705925925919
41.52755555555553
49.49269999999994
18.21062222222222
13.819414814814804
4.638699999999992
9.671581481481489
47.564955555555464
46.129296296296275
31.274681481481537
28.325718518518595
48.99257777777782
22.93084074074079
49.43592592592584
35.791777777777746
46.385722222222114
43.98664444444446
43.80724074074062
45.64774814814823
44.09778518518511
41.13838148148137
25.585122222222278
41.42788518518502
43.40086296296296
6.980929629629634
35.53395555555561
41.54615925925912
39.29058888888905
9.449611111111116
14.67354814814815
26.393637037037127
42.26810740740721
48.695144444444345
45.25889629629633
47.45300740740712
44.77332222222234
45.12958148148123
20.45745185185191
30.470088888888974
48.89182222222221
46.40905555555548
19.733551851851878
7.170007407407407
46.94339259259251
29.995259259259356
47.495725925925825
45.685996296296295
14.56413333333333
46.91174444444458
45.51971111111104
15.986659259259277
3.4505333333333335
48.83574814814817
45.17415555555554
47.40235185185175
45.04639629629639
49.23902222222205
3.5579925925925933
45.19284814814808
48.038392592592466
6.961774074074069
29.85177777777782
47.42929629629622
42.439777777777635
45.61062222222221
16.245285185185228
15.151951851851884
44.73236296296294
49.330018518518386
48.80421481481478
35.981937037037056
46.07422962962971
16.63410740740743
41.18968148148143
47.283133333333296
24.210033333333442
48.07097407407398
45.272437037036944
47.35477407407408
2.3265148148148134
5.384248148148145
47.30076666666662
44.214788888888876
14.635137037037046
43.59926666666659
46.1232925925926
