0
158000
175300
30000
141200
173600
155400
83500
164300
161800
171700
156200
155700
10800
104500
159100
71900
28500
166300
161700
65600
156100
124000
154400
63900
25400
98900
166000
179300
161000
21700
126500
154900
98100
100000
26800
30900
148600
156400
38500
71600
141900
49900
33400
59600
17300
103300
36000
157700
162100
72800
158400
95100
64900
156400
162600
60200
153300
18400
93000
81300
153800
46800
14700
38000
157200
155300
25200
154500
43500
20000
164200
57100
147400
130400
91100
148900
158500
157000
27100
153900
53900
158700
100100
148000
155100
137500
6100
158900
156800
163300
139300
99200
20900
159500
95200
12500
45400
12800
54200
8500
123200
117400
162500
154600
160400
127300
13100
157900
168000
17500
151500
104800
79000
30400
148400
157600
155400
37200
31300
163600
174200
157700
44200
166300
117800
158100
45100
162800
82000
52800
14000
7000
164600
163500
151100
63500
159300
40800
88100
155800
155300
158800
157500
162600
67300
128400
154900
157300
35000
10400
155100
95700
67000
165400
30700
122200
100500
158600
164900
162700
13100
21100
72400
153400
158900
162400
45500
161000
160600
151900
57500
154900
176300
157900
157900
149300
54300
141800
164300
161700
116400
9400
162000
156800
31600
159000
32900
155600
50800
5500
160600
119600
155800
152100
138300
85000
147000
160100
161400
162800
54100
38400
157800
161400
50700
24500
106000
175900
145100
157200
153500
1700
164000
100600
163200
2800
96300
79600
125000
127700
165300
161200
111500
36100
162400
137800
84800
9200
158400
164000
107700
47400
10700
160600
27700
160300
158300
152600
152300
113400
154200
159600
161200
157500
151800
16100
7500
78700
102600
162600
159600
155800
162600
79300
82900
117800
158900
166700
110800
168200
160400
162500
156900
75100
33400
66400
162500
92500
161500
109100
159400
50800
159200
166800
25800
8600
99400
164100
161800
94800
109300
156900
25100
103400
43400
162400
46000
154300
147300
43500
165400
165000
159600
153400
167500
113400
139000
167600
155400
152600
157600
155200
82900
154900
150200
125700
147800
152200
150300
137000
153800
158600
147700
147700
148400
11000
152700
75500
161300
161000
151500
151400
3800
118200
8300
20900
152600
153500
115500
146300
6700
12000
161700
89600
99700
39000
46700
76400
160600
94400
123900
152500
153900
157900
152700
158600
156600
160500
78900
42300
159400
156800
105400
160100
166600
167500
44400
163900
153600
156300
45700
76500
161800
112400
145100
160100
59200
14500
51000
155000
11200
163500
54600
158600
152100
155300
19600
28300
154500
158000
172700
74100
72100
43600
156500
114000
166500
24800
160000
64000
35700
158800
158300
151800
48200
152800
157700
73700
105000
22600
127600
152900
158400
92300
38700
162200
49400
158400
41000
158900
147700
152700
157200
47900
17100
167700
156400
80900
155500
161100
58500
155400
154800
157800
164600
160500
3800
83600
151600
107500
159700
7800
8000
164000
84200
125600
161400
152900
155100
151800
152300
160400
113500
157300
161400
161000
124500
55800
173600
102500
164100
150200
159600
152800
3400
164500
105900
161800
162600
153300
155700
149300
154400
144500
153600
158200
9600
152900
38100
143300
132500
67300
154100
127200
162800
160500
100700
44500
158000
132800
165900
64200
162500
153300
156700
161200
155100
111500
158900
39000
66500
157800
163800
153900
29800
146500
157100
158200
65300
88300
6300
171500
161500
162400
59600
153900
31300
156700
157800
158100
161300
66400
29600
122600
149100
153100
63800
157200
159600
157100
156900
161100
170000
90500
89100
166300
170800
156900
161800
156800
161300
175700
158100
168400
20200
157400
51100
163500
160400
92200
32300
40600
54000
165000
19200
164700
64400
55400
61500
29500
65700
162100
160600
71300
46500
25600
61200
8700
156200
53800
135400
103900
163100
154400
169300
31700
156300
156600
156900
158800
21300
127100
27100
160000
161000
158200
149400
155600
150600
157100
77500
161300
156000
158700
49800
36400
160000
70000
87500
76700
165800
160400
172800
161000
96300
118700
45200
156800
136900
60600
160100
97000
152600
55100
158000
106900
15600
57900
158000
160400
23800
159200
154500
20300
41000
141900
162100
16500
128100
159800
150100
161900
156400
166900
166800
79800
66800
4400
162100
40500
152400
149200
155400
13500
69700
162800
53700
62300
61600
156000
45600
43700
88900
26700
164700
80300
160300
153700
154300
158400
162300
118700
32200
108100
68800
155500
122300
65000
163400
161800
155000
166300
87800
158400
169000
75800
160300
63800
38900
167900
160600
81100
49900
82600
152800
73200
172300
86700
58400
107300
68500
145700
160200
167700
107200
154600
39800
159900
160000
19200
12000
98300
74100
157300
161300
166600
158900
155800
168000
87000
156500
46900
157400
152200
159700
163500
32900
158400
154600
150000
167400
65400
53500
21600
36400
160800
157400
112000
109400
166800
80300
167200
123600
159900
149700
153200
154300
151700
147100
89700
146300
148400
26000
125700
143800
140100
35400
54400
94600
149600
165900
154700
157700
151800
155200
72500
110400
168000
160800
72500
30800
166300
108700
161800
157400
52200
165900
159600
60100
14400
170500
152700
164300
157400
165300
17800
154300
163600
29900
102000
168200
147900
157200
59900
56300
159200
166100
166900
124300
158300
74000
139000
160200
90000
167600
156700
156800
10300
22000
158400
150900
54100
147600
155500
