0
-127.31926666666655
-64.95436666666666
-34.0311
-126.92077142857137
-36.927566666666664
-113.42750952380955
-151.9230333333333
-156.49836666666684
-165.01446666666644
-177.69746666666666
-179.50199999999995
-134.99235714285714
-120.52240000000006
-142.9433333333332
-130.4187333333333
-125.91546666666655
-115.63362857142847
-141.32739999999998
-153.1957333333333
-125.20330000000011
-136.7864666666667
-121.99355238095231
-134.7704666666666
-65.96466666666669
-126.45926666666654
-123.8565785714285
-129.28826666666671
-157.12629999999987
-141.86290000000002
-98.68986666666663
-146.87253333333334
-84.76953333333333
-123.49023809523803
-172.82258571428568
-66.96496666666668
-40.43933333333335
-134.63840000000013
-132.77723333333336
-151.13809047619034
-202.43529999999996
-133.46263333333337
-136.83891904761904
-141.3083333333334
-153.48493333333332
-137.6984285714286
-153.689919047619
-64.62386666666666
-120.60886666666667
-138.06250000000003
-136.57143333333335
-126.88986666666665
-101.97766666666676
-174.18803333333327
-132.33263333333335
-115.21156666666658
-162.41838571428562
-131.67923333333337
-93.16332857142855
-122.9082999999999
-149.82286666666667
-128.1054333333334
-120.29023333333345
-101.70464285714286
-142.5795428571428
-107.4511285714285
-150.20323333333323
-138.78929285714284
-124.93143333333326
-119.44297142857133
-198.94509999999997
-149.39416666666673
-40.15753333333333
-141.16003333333342
-154.4015666666666
-112.21201904761905
-158.42969999999977
-134.50758571428577
-127.44359047619048
-46.74439999999999
-148.09650000000008
-128.96019999999996
-102.03180952380956
-144.04243333333338
-106.22620000000005
-141.22790000000003
-74.1354
-120.50296666666672
-117.35983333333324
-146.09413333333347
-107.52196666666683
-117.93669999999999
-155.27899047619044
-122.76756666666665
-107.96683333333333
-117.09243333333332
-93.82569999999998
-121.55739999999999
-123.66859999999996
-141.96320000000017
-161.49399999999997
-153.75286666666662
-98.75480000000002
-137.55580000000018
-133.60533333333325
-164.93364285714296
-140.38302857142867
-142.4830666666665
-122.34883333333336
-46.21763333333334
-166.4808666666666
-38.815933333333334
-122.35139999999993
-112.12703333333329
-175.78330000000005
-153.50623333333334
-131.79201666666665
-92.26630000000006
-137.77160000000006
-136.30429999999998
-44.87453333333333
-79.98429999999998
-133.22056666666657
-172.7250238095237
-126.70805238095238
-109.61949999999996
-147.4110095238097
-120.3432809523809
-109.2515
-154.83190000000005
-55.25026666666667
-143.82889999999995
-117.70676666666665
-112.37498571428563
-183.33849999999978
-122.40610000000005
-152.6488047619047
-51.24212857142859
-134.691119047619
-55.959566666666674
-156.2334666666667
-133.13610476190476
-131.60093333333324
-140.47519999999997
-137.31380000000001
-119.2827095238095
-153.3062904761905
-147.68886666666657
-122.91755714285718
-61.26840000000001
-166.60407142857133
-134.5982952380953
-136.56041904761904
-138.85526666666675
-146.23953333333333
-149.48557619047622
-151.29789285714287
-192.0817666666667
-105.41380476190464
-134.47226666666654
-138.19566666666654
-111.90183333333333
-128.2088333333333
-117.05439999999997
-137.06796666666676
-49.99573333333332
-118.44196666666666
-142.36333333333334
-102.31066666666658
-109.96023333333335
-109.17389999999996
-137.90343333333334
-121.51016666666675
-103.38841428571432
-119.62816666666673
-119.59626666666662
-119.61536666666677
-140.6466666666667
-150.48779999999994
-128.70923333333326
-169.8057666666666
-58.2804
-133.2437666666667
-157.99053333333336
-142.9862666666666
-70.2876
-117.42400000000002
-129.4846666666666
-107.07395238095232
-138.1560238095239
-149.87049523809523
-132.24374285714282
-130.45829999999987
-125.11752857142855
-123.48985714285713
-110.05723809523809
-182.66040000000024
-47.12583333333335
-92.3000666666667
-178.76154761904775
-119.73563333333345
-110.69496666666664
-17.689500000000002
-110.21461904761907
-125.65129999999999
-134.29836666666665
-124.69259047619043
-187.9351285714287
-133.09765238095233
-77.64493333333333
-115.53316666666669
-117.52130000000011
-48.528466666666674
-69.2937
-123.91344761904757
-85.4703333333333
-103.32996666666666
-121.03440000000002
-159.95569999999984
-142.1721
-141.6511761904761
-34.01190000000001
-116.26964285714286
-56.62410000000001
-61.52706666666668
-100.80290952380953
-183.4407000000001
-127.58943333333336
-160.86446666666663
-131.85170000000002
-101.27686666666669
-169.15118095238103
-130.89656666666667
-126.66996666666667
-114.2445666666667
-85.8394333333333
-65.1758333333333
-126.45714285714286
-131.02999999999994
-122.98776666666666
-31.9414
-116.2006761904761
-163.3610000000001
-115.08062380952381
-119.3223476190476
-106.20163333333328
-171.2192333333333
-132.93433333333334
-117.67050000000005
-120.96553333333341
-169.7436238095239
-106.6969333333334
-54.77583333333336
-110.35609999999998
-133.83548095238095
-109.5015571428572
-117.7329333333334
-135.49076190476194
-94.73292857142866
-62.98176666666668
-127.46173333333337
-166.23589999999993
-156.35331428571402
-178.60473333333323
-103.88923333333322
-163.70440000000005
-136.74443333333323
-141.67233333333328
-140.9693000000001
-146.33106666666671
-129.12239999999997
-119.83716666666662
-121.31085238095241
-112.33358571428558
-151.6507666666665
-120.27143333333339
-74.57380000000002
-126.04576666666674
-146.91267142857134
-121.78633333333336
-166.92013333333327
-121.42723333333323
-139.2509333333333
-127.2448619047618
-161.00478571428593
-143.1633999999999
-111.58159047619043
-103.0566238095238
-105.12009523809533
-108.70270952380955
-144.11916190476185
-146.46240000000003
-135.82139999999998
-196.39647619047608
-91.5162
-110.76636666666666
-35.0758
-103.66813333333324
-103.28229999999994
-133.26691428571428
-111.54809999999999
-188.4659333333333
-124.90656666666668
-138.1280047619049
-133.1739904761905
-115.83456666666657
-126.08603095238094
-124.42397619047628
-156.31220000000005
-137.71393333333342
-110.17489047619054
-88.83004761904756
-174.25581904761898
-124.5308666666667
-129.67033333333333
-127.34148095238096
-132.55056666666658
-110.01286666666664
-118.69773333333332
-120.30889999999992
-131.9929333333335
-142.3778666666666
-160.87480000000002
-123.53559999999997
-125.70806666666668
-125.8602
-132.10043333333346
-147.65926666666658
-133.9861761904763
-123.94971666666672
-128.12039047619044
-40.30663333333334
-129.4721
-158.78061904761887
-106.14514285714289
-113.80023333333324
-112.87736666666673
-123.04769047619044
-139.63712857142858
-130.86560000000006
-60.12613333333334
-111.14953333333335
-141.94810000000007
-123.20246666666675
-137.28645238095237
-156.6834714285714
-127.79056428571424
-116.05660000000012
-125.8458333333332
-156.34863333333337
-113.80720952380962
-136.03696666666667
-173.21120000000013
-130.01872857142857
-115.42556666666663
-104.82946666666655
-41.4946
-139.6917
-115.33800000000002
-110.87163333333324
-134.02552380952378
-133.29172857142865
-171.85856666666655
-142.18936666666661
-101.43661904761912
-158.24363333333315
-117.01753333333338
-110.92376666666657
-95.88973333333337
-120.0302761904763
-124.13067142857138
-96.29503333333324
-130.1446523809524
-81.52706666666667
-167.83750000000003
-44.73983333333334
-131.76560000000003
-144.3417142857143
-163.5570238095239
-161.53270000000003
-99.49986666666669
-114.57143333333336
-130.9082666666667
-143.31179999999998
-130.33029999999988
-112.97003333333343
-126.77993333333335
-134.77873333333352
-186.0348333333333
-126.2143333333333
-150.86193333333333
-123.30303333333337
-116.85406666666671
-126.78771428571429
-183.30476666666672
-107.57459999999998
-168.37953333333346
-88.5412
-109.12379047619052
-38.684466666666665
-127.58517619047608
-137.90513333333334
-63.0383
-155.81803333333343
-195.06752857142857
-154.20866666666672
-164.51510000000013
-129.23867142857134
-154.84716666666677
-153.3003333333332
-156.11914285714298
-177.95823333333345
-117.85603333333339
-136.67051904761908
-131.90981904761904
-142.4457523809524
-88.97826666666668
-146.13132539682542
-147.47801428571427
-189.74397619047625
-99.0313000000001
-122.60050000000005
-141.9415285714285
-115.67230952380959
-120.0638
-114.15706190476199
-147.68929047619056
-160.41686666666678
-131.5149666666667
-87.3733
-163.66770952380944
-127.7501238095239
-95.79393333333327
-64.98409999999998
-54.18660000000001
-143.9087333333333
-112.64993333333337
-135.70041904761902
-116.75106666666673
-82.18809999999999
-123.57601428571427
-178.9235999999998
-119.85018571428567
-131.70173333333335
-164.2888809523809
-97.48676666666667
-124.77450952380954
-147.91183333333328
-131.80776666666674
-110.95308571428569
-101.83650476190464
-123.30846666666675
-142.74029999999996
-101.68126666666673
-173.71793333333338
-139.97633333333334
-220.12936666666658
-146.1085333333334
-117.47750000000006
-164.61913333333337
-43.262766666666685
-133.4531333333333
-33.449466666666666
-117.88483809523811
-147.9649333333332
-149.03069999999983
-151.24373333333324
-175.65556666666652
-125.11650000000006
-115.55860476190463
-183.81969523809536
-126.77569523809521
-104.1989666666666
-178.6563666666666
-138.7645
-92.08376190476196
-50.1038
-144.19180000000006
-118.9771857142858
-91.80550476190484
-131.26100000000005
-161.27906666666652
-119.3217666666666
-181.96396666666652
-145.1377999999999
-127.83346190476193
-125.4180666666667
-202.7396523809523
-130.8884666666667
-120.42036666666671
-57.08090000000001
-140.98659999999995
-213.92051904761902
-112.03923333333336
-149.66853333333322
-116.81653333333333
-149.61974761904767
-149.7985999999999
-132.56344444444446
-138.37586666666675
-169.84886666666654
-145.03416666666664
-151.53143333333324
-113.00466666666675
-106.12738571428555
-146.10563333333343
-116.42149999999997
-116.88046666666673
-120.02155000000003
-155.74328095238096
-110.89437619047624
-172.81651904761898
-129.38760000000002
-111.48796190476195
-206.91296666666645
-146.16553333333331
-26.6193
-36.74670000000001
-35.01403333333333
-56.98106666666666
-45.881399999999985
-151.06950000000006
-143.7702571428572
-80.949
-114.96356666666667
-119.24883333333331
-119.41218095238101
-115.56209999999997
-158.04739999999995
-133.66803333333348
-101.53472857142866
-170.11513333333332
-120.81901428571423
-158.52646666666664
-125.83913333333341
-124.46159999999999
-98.16863333333333
-97.47963333333334
-121.09366666666672
-174.88459999999998
-123.2480523809523
-99.27816666666662
-126.0633238095238
-128.92486666666662
-150.2843333333334
-46.355266666666665
-162.9875904761906
-49.2107
-128.2089857142857
-129.43180000000007
-127.74245714285709
-83.65059999999991
-47.107571428571426
-105.49716666666667
-157.1234285714284
-147.40285476190476
-105.18096666666669
-107.28510000000009
-153.66146666666668
-120.34336666666675
-96.9437333333334
-133.5479166666666
-97.33509047619043
-116.70409047619047
-166.58906666666684
-154.50376666666676
-102.76763333333326
-137.9473857142858
-129.18513333333337
-121.70583333333329
-118.56418095238091
-122.64973333333346
-52.37493333333333
-145.38476666666665
-92.88746666666665
-44.550533333333334
-24.443566666666666
-118.33837142857143
-115.93773333333343
-86.66710000000008
-139.2440999999999
-112.37429999999998
-142.07396666666668
-152.03838095238092
-122.77056666666671
-141.65546666666654
-133.51660000000007
-122.35956666666661
-119.70516666666657
-26.89195238095238
-113.66479523809512
-130.23539999999994
-135.98909999999992
-146.51046666666662
-93.78446666666669
-36.70583333333334
-130.69466666666662
-62.833600000000004
-126.70154761904755
-113.60863333333336
-116.02896666666669
-126.7870333333333
-121.16500000000003
-119.19841666666663
-155.97355714285715
-132.07943333333338
-121.86886666666663
-89.07399999999994
-118.72448095238101
-116.79530000000004
-148.36972380952383
-92.13070952380957
-105.92639999999999
-95.58510000000007
-148.50608095238084
-146.84807619047615
-145.87290000000002
-107.12300000000002
-147.0578333333333
-81.78273333333331
-107.2899333333333
-151.57316666666668
-85.99820000000003
-117.58970238095237
-105.4932666666667
-110.49073333333337
-30.73505238095238
-113.67353333333332
-95.24116666666673
-100.99322857142859
-93.31830000000004
-155.5409
-106.45899999999996
-124.32787619047619
-172.7265666666668
-134.2598666666665
-36.7006
-130.7775333333333
-150.69059047619052
-124.44359999999999
-104.91989999999991
-117.55100000000002
-125.1179428571428
-178.67153333333337
-135.11436666666654
-28.205033333333333
-118.58223333333329
-129.8334142857143
-140.9375999999999
-128.34056190476196
-122.43863333333329
-35.4495
-89.92403333333331
-100.30453333333342
-133.48209999999997
-125.50926666666669
-124.94540000000002
-38.724933333333325
-131.7114666666666
-114.46355714285708
-139.7002523809524
-151.61599999999993
-106.30559999999997
-128.69078571428562
-118.82186666666662
-99.91057142857143
-125.21303333333333
-196.08646666666658
-123.07749999999994
-142.85910000000007
-117.11935714285713
-111.30366666666664
-24.423800000000004
-118.22486666666661
-115.55323333333334
-48.95836666666667
-131.09386666666657
-25.255200000000002
-113.96798095238094
-141.95579999999998
-100.245
-157.77406666666676
-133.44156666666663
-110.56114285714293
-116.93136666666659
-96.85370000000006
-131.1999333333334
-128.37102857142855
-94.21633333333332
-150.01126666666653
-128.18284761904766
-84.57649999999998
-99.8241666666667
-73.89093333333338
-147.1631666666667
-119.31463333333323
-138.52884285714288
-156.5307634920636
-128.81736666666677
-140.86816666666664
-110.42716666666661
-99.7100666666667
-102.48306190476202
-133.50339999999994
-119.62420000000003
-72.4555666666667
-111.32156666666658
-117.36102857142866
-116.26386666666676
-197.47580952380957
-102.08793333333338
-44.82050000000001
-131.45960000000008
-104.0249666666667
-133.07756666666663
-133.25936666666686
-181.5607999999999
-141.2045761904763
-106.94606666666667
-137.54663333333318
-130.10526666666675
-104.37878571428573
-40.885
-129.49186666666677
-118.58359999999993
-80.8552333333334
-116.16583809523806
-123.51440476190479
-111.0566333333333
-111.16499999999992
-26.385566666666662
-89.66186666666663
-127.00370000000007
-59.4021
-142.25720952380948
-114.97403333333324
-159.56091904761928
-94.2209714285714
-148.18659999999994
-122.4729238095238
-132.00609999999995
-96.7403333333333
-156.9190333333334
-110.03386666666675
-120.68763333333331
-103.06759999999996
-157.09053333333338
-108.43581428571434
-153.46629523809523
-47.31936666666666
-97.14150000000006
-117.9504333333334
-89.6627666666667
-160.56066666666683
-130.3123666666667
-107.13913333333336
-148.16458571428578
-81.99520000000007
-100.39185238095234
-91.57516666666673
-129.59042380952386
-108.48446666666662
-113.11374285714282
-117.79280000000001
-122.1248
-101.86806666666669
-127.41480000000006
-113.3217666666667
-120.62019523809519
-145.51656666666676
-131.8443047619049
-107.67164761904753
-153.3411476190475
-117.44099999999993
-76.78793333333341
-107.81016666666666
-78.12123333333335
-36.240399999999994
-58.00393333333334
-36.49210000000001
-148.91590000000016
-87.517061904762
-129.69783333333334
-142.1637476190477
-143.27431904761903
-46.81343333333334
-145.77686666666662
-161.3970857142857
-87.90036666666666
-72.04203333333334
-134.76843333333335
-148.22900000000007
-108.89828571428579
-110.6517904761904
-132.9090380952382
-162.30156666666667
-98.79150000000003
-146.82318571428576
-91.9906
-45.14806666666668
-109.0433333333334
-117.16847142857141
-123.5717238095239
-97.12242857142863
-135.12003333333323
-120.8965333333334
-184.9394714285715
-106.32776666666675
-91.07703333333335
-112.68683333333327
-121.31200000000001
-163.71928809523803
-29.927666666666667
-121.76765952380961
-68.80396666666668
-97.7644333333333
-107.44708571428575
-46.16526666666666
-19.525833333333335
-135.3439
-63.35803333333339
-107.8100666666667
-50.13156666666666
-61.82256666666665
-137.44853333333333
-134.38749999999985
-81.43628571428576
-124.21433333333334
-118.9012
-113.09219999999989
-165.41267142857143
-143.97933333333324
-56.429933333333345
-169.41806666666662
-168.79897142857138
-128.1701
-156.13746666666657
-110.01639999999998
-80.35913333333335
-149.57533333333345
-116.25693333333332
-48.13236666666668
-129.76016666666666
-127.48721428571434
-145.1653
-109.70786666666659
-28.109433333333328
-126.46761428571425
-101.9892523809523
-139.7028
-129.86026666666666
-134.5904333333334
-118.79274285714293
-41.51483333333333
-39.51262857142857
-127.54193333333335
-83.5425
-50.20843333333334
-122.5519380952382
-92.90194285714279
-112.51760952380948
-106.77280000000002
-103.53926666666665
-115.06583333333343
-72.8555
-98.34750000000008
-115.57076666666667
-127.22604285714291
-30.402099999999997
-103.2798
-122.82313333333327
-38.926700000000004
-117.3636523809523
-86.47643333333329
-94.51583333333335
-122.96360000000014
-103.63563333333336
-123.14080476190482
-127.86970000000001
-107.4548
-118.66239999999998
-166.62690000000023
-180.65130000000005
-113.66963333333332
-162.91906666666668
-154.71008809523815
-109.23480000000002
-133.4880666666666
-131.77413809523807
-119.1851333333333
-124.38006666666672
-88.65159999999995
-106.9287
-173.79523333333347
-137.97350000000012
-127.56909999999999
-113.09190476190471
-36.85086666666667
-171.30753333333337
-163.7771666666668
-114.62936190476194
-111.35380000000002
-114.8400666666666
-140.52658571428583
-31.383066666666664
-109.44303333333337
-86.1414
-20.951533333333334
-61.007899999999985
-109.97996666666667
-110.78120476190475
-117.65063333333335
-88.84623333333336
-162.6951523809524
-105.73167222222224
-118.1274333333333
-149.0080000000001
-94.33336666666666
-122.27403333333334
-79.2190666666667
-121.69136666666662
-110.31106666666662
-144.2861857142857
-44.69146666666667
-89.23940000000002
-90.64100000000003
-112.78756666666678
-131.3375333333334
-125.14849999999994
-74.40639999999999
-81.04749999999994
-104.67143333333323
-41.04733333333332
-137.0722571428572
-107.36930952380956
-157.86798571428562
-85.22346666666671
-41.84219999999999
-67.2646761904762
-109.34243333333333
-155.2101666666666
-191.58354285714285
-123.82381904761898
-136.20576666666665
-163.94277619047628
-130.55899999999994
-120.50013333333322
-105.3599476190477
-172.02009047619052
-66.4108
-121.44250952380953
-105.40416666666665
-112.56881428571427
-124.56558333333334
-159.6813333333332
-91.17856666666664
-186.2301285714287
-101.570480952381
-128.64643333333333
-107.75716666666668
-97.85935714285715
-127.5767047619048
-106.37270000000001
-150.11396904761907
-72.75446666666669
-133.13066666666663
-117.92516666666661
-141.50409999999997
-123.57736666666665
-150.57153333333332
-41.11093333333333
-111.27053333333338
-117.33703333333331
-110.79092380952389
-117.33994761904772
-137.12533809523794
-111.72706666666666
-102.49992619047616
-208.94686666666675
-92.33659999999995
-123.91176190476193
-121.50374285714283
-134.55669523809536
-168.96989999999994
-171.74062857142874
-144.2490238095238
-104.80776666666667
-128.67879047619056
-110.05576666666673
-108.10469999999992
-91.55390000000004
-103.175
-126.3799333333333
-152.8018000000001
-104.67065714285712
-140.6300666666667
-83.35943333333337
-126.80861904761893
-124.26357142857141
-115.15206666666671
-98.74475238095238
-172.26696666666658
-105.16489523809527
-110.79320000000007
-155.9352666666667
-100.80580000000005
-147.48013333333347
-165.65033333333324
-121.26280952380961
-102.5521
-119.34063333333339
-126.99895714285711
-56.682433333333336
-26.2202
-41.86746666666667
-143.50206666666662
-84.45023333333337
-129.77278571428576
-158.9959333333334
-35.07896666666668
-67.7108
-135.03533333333328
-36.496133333333326
-22.351714285714284
-94.67444285714285
-128.466480952381
-107.45743333333338
-114.30123333333317
-28.08366666666667
-157.97023333333337
-34.681866666666664
-111.93603333333341
-137.18399999999997
-159.99583333333337
-191.81546666666668
-72.46093333333333
-125.5143738095238
-28.694400000000005
-121.62793333333332
-45.92693333333334
-109.43973333333335
-151.56206666666648
-115.49949047619046
-117.04390000000006
-124.46629999999998
-42.67566666666667
-44.0484
-106.63104444444441
-114.14696666666664
-157.75919999999996
-107.87566666666673
-113.95163333333332
-87.03093809523814
-75.20763333333335
-81.29586666666673
-134.92636666666664
-131.87206666666674
-155.1433333333334
-69.7241
-106.10153333333335
-109.69696666666665
-42.726333333333336
-142.47572857142868
-100.96275714285719
-103.69220000000017
-87.06921666666669
-35.37746666666666
-133.65403333333333
-146.33908571428577
-78.1017
-100.92753333333334
-106.4245666666666
-82.92439523809523
-23.13276666666667
-105.3599047619047
-77.66393333333335
-145.27506666666656
-81.77556666666668
-124.54853809523809
-111.38353333333338
-38.5871619047619
-45.819200000000016
-30.200599999999998
-151.69436666666675
-41.693733333333334
-132.0769619047619
-93.4699666666667
-34.049933333333335
-39.41606666666667
-69.77203333333335
-126.70040000000004
-63.20846666666667
-144.88370000000006
-165.91549523809536
-116.34386190476198
-142.43825714285708
-77.42880000000004
-131.29759523809534
-130.3854000000001
-160.3879952380952
-113.68823333333336
-114.79209999999998
-40.182566666666645
-156.1387428571428
-146.76430000000005
-102.17143333333333
-107.81983333333334
-38.31566666666666
-56.82140000000001
-135.23216666666656
-62.58123333333332
-40.5437
-30.637
-140.6169333333334
-84.60140000000004
-140.89496666666668
-40.98096666666667
-55.57259999999999
-131.23192857142848
-125.17166666666671
-99.72383333333337
-151.0670523809524
-29.32696666666667
-89.86286666666668
-92.54665714285711
-123.18905238095235
-124.89010952380957
-137.42713333333327
-105.41493333333338
-58.58786666666667
-139.41418888888882
-126.23076666666665
-31.8846
-104.4520952380953
-80.75590000000001
-55.8967380952381
-121.00149999999998
-73.41223333333332
-38.263533333333335
-84.41240000000009
-85.44389999999997
-87.95708888888886
-83.62543333333343
-51.77976666666667
-23.6159
-113.04640000000002
-110.89340000000007
-135.23503333333326
-70.80209999999998
-165.81840000000005
-109.25403809523812
-70.73088095238096
-74.1625333333333
-110.29984047619048
-123.61483333333325
-124.14226666666679
-97.72326666666677
-104.6379809523809
-99.82070476190475
-33.95329999999999
-65.03363333333334
-150.75029999999995
-110.72945238095244
-160.00364761904777
-115.58589999999998
-31.24633333333334
-114.85110952380948
-149.97063333333324
-111.11243333333346
-76.64589999999998
-155.52936666666662
-103.7942666666666
-140.18953333333323
-35.505066666666664
-94.65884285714294
-134.7709666666666
-126.54197142857156
-95.33210000000004
-108.6035
-77.55856666666669
-87.54746666666679
-27.3417
-144.28896666666645
-104.24096666666668
-124.27873333333335
-87.02796190476195
-100.38623333333342
-52.00047619047618
-47.378000000000014
-138.33172857142847
-149.68030000000013
-99.68923333333343
-49.71891904761906
-143.06426666666664
-117.80151428571438
-152.4993666666665
-94.22719999999997
-107.05556666666666
-122.46640000000002
-90.81220000000009
-68.11236666666665
-114.68913333333332
-125.97443333333325
-97.49101428571424
-92.1233095238096
-104.07696666666665
-43.17916666666666
-143.78123333333326
-28.269300000000012
-98.87546666666668
-110.78399999999999
-96.11756666666675
-102.3838666666666
-116.50301904761905
-100.67723333333329
-118.19027142857138
-58.48816666666667
-106.6560666666668
-109.24973333333335
-49.51696666666666
-127.63046190476192
-25.529966666666674
-99.53776666666663
-83.10259999999998
-158.31386666666683
-106.2373666666667
-126.45277142857137
-100.9139761904762
-164.71946666666676
-138.95715238095238
-142.52996666666667
-118.0188761904761
-120.06559999999999
-84.66473333333327
-41.59363333333334
-139.20650000000006
-78.96284761904765
-99.3794333333332
-25.768333333333334
-112.29804761904755
-84.37940000000006
-145.51184285714297
-71.34546666666667
-36.987600000000015
-38.05673333333334
-134.0960952380952
-128.61857142857144
-116.47483333333321
-90.02397619047623
-94.03060000000006
-32.14673333333333
-120.8904333333333
-126.2556761904762
-43.473566666666656
-109.77657619047615
-104.67860714285705
-161.77140952380952
-74.08096666666665
-125.3517333333333
-80.33376666666663
-66.25743333333332
-90.39860000000004
-29.111833333333337
-130.51413333333335
-59.1862
-40.4735
-99.07360000000001
-197.86756666666676
-49.74833333333332
-102.42156666666669
-79.58313333333331
-85.74993333333336
-156.2934
-88.2073
-148.35179999999997
-59.096066666666665
-158.16863333333333
-87.93901428571426
-83.55243333333331
-116.36013333333337
-137.44173333333347
-160.4929952380953
-56.35686666666667
-108.75832380952376
-33.37150000000001
-155.9324698412699
-96.89536666666667
-64.24093333333332
-128.09910000000002
-51.329966666666685
-116.7789
-116.36675714285714
-87.06419999999997
-97.8896666666667
-130.76146666666668
-133.99303333333344
-126.15466666666661
-103.9944
-67.6833
-128.31610000000006
-88.32639999999996
-156.85979523809536
-123.33343333333332
-41.853766666666665
-28.986233333333335
-40.925799999999995
-194.88143333333338
-71.32200000000003
-126.33383333333333
-104.36106666666673
-100.35809999999996
-117.86784761904768
-126.59943333333325
-61.42660000000001
-121.64393333333328
-124.07959999999996
-127.46069999999995
-75.01759999999996
-174.8973000000001
-115.57766666666663
-95.35643333333333
-57.85990000000002
-122.82543333333335
-103.1324333333334
-120.45460000000004
-43.90783333333335
-135.83886190476196
-82.60033333333335
-93.80020000000012
-94.59079999999996
-102.89206666666668
-115.16768095238095
-111.60686666666663
-151.10936666666683
-103.98271428571421
-111.70903333333324
-133.02476666666675
-42.586733333333335
-72.87913333333333
-40.8211
-101.56366666666655
-83.17250952380944
-46.34336666666667
-142.88610476190462
-72.62503333333338
-88.98079999999996
-95.28056666666667
-93.51866666666659
-95.93046666666653
-77.51783333333337
-152.60090000000005
-136.17945714285713
-98.1012571428571
-139.60993333333343
-106.79436666666663
-80.59799523809525
-116.37193333333336
-136.35143333333326
-108.89830000000002
-91.17729999999989
-116.09575714285705
-79.29283333333335
-139.59584761904767
-112.8996714285715
-87.1739666666667
-118.83253333333339
-100.5008333333334
-104.61209999999994
-128.9804000000001
-102.2471714285715
-38.679899999999996
-121.77903333333336
-107.69826666666668
-94.69586666666667
-92.97296666666671
-46.93896666666669
-61.54330000000001
-82.54699999999993
-127.85133333333322
-76.59946666666652
-151.30848571428578
-107.20526666666662
-94.08584761904757
-179.54806190476182
-134.26813333333322
-49.08756666666666
-128.85949523809532
-104.57610000000003
-162.4567666666667
-50.834300000000006
-135.12120000000002
-115.16209047619046
-164.0068999999999
-101.63503809523807
-50.614366666666676
-97.01907619047617
-33.73643333333334
-90.14128571428576
-110.03825714285723
-115.3810142857144
-100.98203333333338
-63.46923333333335
-127.05387142857137
-55.64023333333333
-107.75469999999999
-141.2883523809523
-52.4988
-116.92590000000003
-168.4814666666666
-137.32193333333333
-107.32593333333337
-201.1305428571427
-97.97319999999996
-96.13491904761912
-66.7228666666667
-139.4678666666667
-88.84230000000001
-109.34955714285715
-68.86213333333339
-88.36516666666667
-120.01917142857134
-108.83239523809522
-137.31276666666668
-110.01090000000002
-129.73751904761895
-56.843466666666686
-125.11300000000004
-137.76646666666662
-112.20217619047615
-101.03098571428565
-113.13807142857158
-105.96456666666666
-112.90133333333334
-108.46190952380952
-135.63203333333334
-123.56799999999997
-104.20370000000007
-131.52036666666666
-87.00308571428577
-93.75629999999994
-115.20525238095239
-122.5724333333333
-112.4909
-120.81096666666669
-101.70592857142861
-97.0365666666668
-144.70619999999985
-38.297466666666665
-79.24756666666667
-94.4225714285713
-146.66576666666663
-42.23493333333332
-78.09573333333338
-132.01539999999997
-107.6314666666668
-74.06812857142856
-80.46946666666669
-96.0516666666667
-42.80766666666666
-130.13208333333336
-99.62164761904766
-79.7732
-153.5126333333334
-45.43783333333334
-80.66056666666671
-95.37650476190477
-90.86309999999999
-126.70413333333342
-105.24856666666665
-157.91839523809526
-101.17660476190473
-74.28220000000002
-130.3596333333333
-55.193799999999996
-69.8944833333333
-54.26983333333333
-120.68409999999999
-137.11383333333333
-81.97346666666675
-170.53243809523812
-93.82769523809527
-84.46274761904765
-110.99676666666659
-100.82096666666675
-97.92440000000008
-134.41749523809517
-89.28446666666673
-47.48616666666666
-137.12746666666675
-113.04263333333319
-66.32939999999996
-112.51931428571429
-165.29039999999998
-25.847852380952382
-125.35407619047628
-88.95316666666676
-124.96059999999996
-118.27787619047619
-38.188833333333335
-163.83870000000002
-115.82756666666668
-23.0434
-58.88693333333333
-93.46023333333332
-86.87600952380954
-29.487
-90.51253333333337
-92.9897047619047
-33.93756666666667
-68.42260000000003
-96.01556666666666
-99.01656666666659
-89.6476
-81.09705952380953
-77.74103333333335
-99.375180952381
-100.59310000000006
-44.28183333333333
-21.182599999999997
-35.04433333333334
-135.9895666666666
-28.67036666666667
-84.88560000000005
-106.32761904761912
-30.820190476190476
-142.7135190476191
-35.23083333333333
-106.76288571428569
-111.95020000000004
-101.6552952380953
-196.18641428571422
-34.99240000000001
-104.97133333333332
-75.62043333333328
-31.044233333333338
-27.377233333333333
-93.01800000000004
-109.59820000000005
-29.049966666666673
-39.32546666666667
-45.603266666666656
-96.55922857142866
-60.46220000000001
-66.0113333333333
-89.7267047619047
-148.28800952380948
-66.18603333333334
-90.82196666666671
-80.14980476190478
-82.86040000000003
-99.55253333333336
-122.30649999999997
-87.76159999999999
-34.86536666666667
-87.28188095238087
-140.41916666666668
-81.9388
-41.68173333333335
-39.49110000000001
-41.3691
-23.4678
-32.57640000000001
-89.30918571428563
-140.4203333333334
-106.26766666666668
-97.961319047619
-178.76570000000004
-60.08386666666665
-55.137200000000014
-135.11376666666658
-32.674733333333336
-82.58636666666662
-91.83866666666671
-94.24606666666661
-71.4353333333333
-95.24726666666666
-43.79206666666668
-58.72856666666667
-83.18416666666668
-99.11393333333324
-89.0377333333333
-141.86000000000016
-94.74020000000003
-108.56166666666667
-100.21399999999996
-74.0211380952381
-135.9846666666667
-122.33066666666659
-127.55470000000001
-51.571533333333335
-119.19127619047629
-106.17007142857145
-136.5610666666668
-51.956266666666664
-99.89783333333332
-46.13136666666666
-57.25273333333333
-125.93593809523806
-106.61783333333334
-82.99945238095242
-84.07516666666675
-46.879599999999996
-94.42484761904755
-76.03600000000002
-89.23079999999999
-131.57136666666656
-104.80963333333334
-46.225166666666674
-103.09266666666667
-102.59386666666668
-128.50213809523814
-107.14176666666673
-72.02313333333333
-86.41749999999999
-102.90221904761894
-44.5108
-57.71356666666668
-80.17069999999995
-144.71530000000016
-98.29339999999998
-61.85210000000003
-132.30691904761895
-113.42093333333332
-106.22689999999993
-74.60560000000004
-128.86129999999986
-62.205433333333325
-86.9319333333333
-175.88375238095242
-81.92183333333335
-55.72430000000001
-100.01296666666664
-108.86259999999997
-76.99806190476185
-19.154033333333334
-119.10901904761916
-46.049800000000005
-112.87252857142855
-130.18063333333336
-116.18263333333334
-95.25036666666664
-129.59722857142862
-69.43546666666667
-102.25790952380952
-91.88586190476192
-122.41810000000004
-30.18743333333334
-82.46593333333331
-116.98966666666664
-156.88429999999997
-96.27033333333324
-66.0882904761905
-45.112933333333345
-45.894966666666654
-46.56540000000001
-124.8249666666666
-80.93081746031744
-146.50673333333333
-106.72924285714282
-145.78625238095245
-162.91376666666676
-73.8319
-48.43138571428572
-123.2521238095239
-85.59866190476188
-42.073299999999996
-61.05703333333333
-68.82473333333336
-58.40130000000001
-127.59413333333333
-84.33482857142857
-114.11196666666665
-22.118800000000004
-89.07776666666663
-50.54260000000001
-92.43753809523805
-49.358233333333324
-156.0711
-74.47581428571435
-84.1343
-22.49756666666667
-59.11953333333336
-99.7216666666667
-100.34350000000002
-147.10030000000003
-57.41916666666667
-40.769933333333334
-140.95168095238108
-98.95704285714281
-84.03290000000004
-111.86720000000007
-115.70746666666676
-51.07819999999999
-76.31111428571425
-35.32940000000001
-87.02326666666656
-152.1396000000001
-130.94286190476186
-36.59616666666666
-92.7246428571429
-109.45266666666669
-130.86199999999988
-97.97013333333335
-76.93580000000003
-77.1207666666667
-121.3475357142857
-63.93811904761908
-124.42842380952375
-74.72466666666661
-83.06920000000001
-79.29525396825397
-129.84719285714286
-88.7890619047619
-122.88839999999993
-100.93706666666664
-108.7566666666667
-113.46989999999992
-106.10228571428564
-124.05484285714283
-133.24866666666685
-127.77158571428578
-113.53747142857138
-123.07566190476199
-93.04409999999996
-98.94683333333339
-50.970266666666674
-52.005433333333336
-102.6708333333334
-68.84880000000004
-79.7691857142857
-159.71783333333337
-117.89045238095244
-122.17909999999999
-52.817766666666664
-156.55216666666675
-118.30377619047623
-136.8575
-79.98174285714289
-77.95233333333323
-80.39463333333333
-99.41703333333328
-46.711790476190465
-120.66669999999995
-30.0329
-101.90600000000012
-82.9289
-130.41033333333343
-48.883433333333336
-39.41726666666667
-87.66483333333328
-99.99339999999991
-78.40006666666655
-36.09726666666667
-115.81799999999988
-34.31499999999999
-82.85480000000003
-31.738366666666664
-99.68159285714277
-95.58110476190481
-84.8554952380953
-63.04956666666666
-181.83770000000018
-99.11590000000008
-111.85660000000003
-103.31944761904775
-159.3740333333334
-99.92843333333329
-81.28323333333334
-113.10133333333332
-171.53006666666667
-126.81102539682536
-89.9219
-61.167366666666666
-45.28586666666668
-78.15793333333328
-66.53586666666668
-95.6738333333333
-90.4628571428571
-97.87526666666682
-125.93026190476198
-83.51252380952391
-130.54283333333333
-115.5571666666666
-77.91489999999997
-145.43111904761895
-82.16228095238085
-167.1277333333333
-107.69899999999998
-125.93546666666674
-57.301933333333345
-155.260819047619
-138.47723333333343
-159.32050000000018
-74.0142380952381
-116.77043333333336
-138.98930000000007
-122.01146666666664
-96.23719999999989
-55.67066666666666
-108.60843333333338
-42.133
-40.32443333333333
-143.50616666666653
-102.4204666666667
-79.96470000000001
-120.36215238095232
-111.22323333333337
-122.42670952380955
-83.27576666666668
-52.946299999999994
-47.20360952380951
-172.2699666666666
-118.95430000000003
-215.0510333333333
-60.862633333333314
-116.79417142857142
-39.73913333333334
-90.6118523809524
-72.93313333333334
-117.164
-83.91629999999999
-103.54709999999997
-70.93746666666667
-35.2804
-123.5418952380953
-108.74766666666666
-109.64499999999998
-96.57050000000007
-87.58293333333333
-124.9667476190477
-103.87199999999996
-58.36776666666667
-50.270533333333326
-99.5467666666667
-132.65722380952388
-77.62416666666667
-87.18246666666657
-85.9778333333333
-36.2541
-110.54103333333332
-119.86270000000007
-110.16883333333332
-110.05356666666663
-151.49380000000005
-99.7643333333335
-103.98666666666665
-114.08640476190483
-82.18683333333335
-110.36306666666675
-178.83749999999995
-149.60623333333336
-50.479666666666674
-63.82283333333335
-110.80343333333325
-100.99753333333338
-87.0771238095238
-81.22579999999991
-109.63160000000006
-138.48679999999993
-82.21404761904755
-165.82033333333328
-135.63086666666672
-92.32556666666657
-137.25093333333345
-22.2069
-63.46106666666664
-90.30693333333325
-95.03900158730167
-94.61620000000006
-41.89923333333335
-125.97146666666661
-124.49817142857147
-74.30650000000004
-112.46506666666669
-87.14580000000002
-82.96569999999993
-99.50823809523813
-51.928533333333306
-71.0504
-93.3407523809524
-134.28850000000003
-146.86610000000002
-57.13046666666666
-94.97789999999996
-96.00993333333344
-70.12916666666668
-94.36593333333344
-116.77511666666669
-48.77350000000001
-100.21045238095236
-107.54603333333334
-98.86489523809533
-74.95896666666663
-71.75023333333334
-117.44703333333325
-115.13586666666667
-134.3535904761906
-132.52368095238106
-129.52266666666674
-55.50416666666667
-111.26213333333345
-103.08196666666669
-122.36957142857132
-106.1184666666667
-92.15610000000005
-127.94011904761904
-116.28993333333335
-118.39850000000008
-53.025700000000015
-118.4003904761904
-115.74063333333342
-181.17200952380938
-162.20833333333334
-62.168400000000005
-128.6511666666666
-104.22706666666657
-92.86449999999999
-23.001133333333335
-140.58189999999996
-165.68803333333312
-50.40920000000001
-74.66396666666668
-84.58190000000006
-76.36049999999994
-92.87753333333325
-155.4584428571428
-119.66780952380934
-107.25816666666661
-98.74310000000014
-28.11773333333333
-88.50310000000003
-35.979866666666666
-92.43723333333335
-113.3764333333334
-139.84660000000002
-169.35893333333337
-95.50000000000001
-112.02084761904767
-40.36763333333333
-119.00906666666678
-71.70990952380954
-94.70974285714288
-26.16066666666666
-57.77666666666667
-118.83786666666671
-69.66089999999998
-113.08911428571432
-68.26976666666664
-56.99887619047618
-90.52590000000004
-76.94696666666665
-53.04496666666666
-101.91733333333335
-112.58621190476192
-87.28576666666666
-89.60665714285716
-97.87498095238104
-147.8423634920635
-77.63123333333331
-96.09401904761901
-33.5507
-112.25467142857163
-116.21836666666665
-234.455
-169.13465238095236
-156.77308095238106
-43.29613333333333
-91.91236666666657
-81.98119999999997
-109.39012857142862
-80.38080952380948
-31.87863333333333
-32.829166666666666
-122.75828095238106
-113.14446666666667
-96.89820714285716
-108.49880000000003
-102.24499999999993
-120.63819999999996
-55.54910000000002
-130.09746666666675
-111.45523333333334
-135.76546666666655
-82.72140000000005
-92.10860952380946
-104.03036666666664
-81.89845238095239
-125.05926666666659
-121.42936666666665
-30.18513333333333
-129.11733333333336
-94.54470000000002
-63.61683333333333
-85.88820000000005
-88.35333333333331
-79.44060000000003
-85.4152
-151.50931428571428
-160.12872857142858
-137.78949999999998
-123.00099999999998
-63.40290000000002
-52.51126666666668
-51.55529999999999
-64.94139999999999
-91.29548571428572
-89.50293333333327
-76.03086666666665
-102.35989999999994
-89.68351904761909
-75.6704333333333
-83.87912857142848
-81.79696666666669
-137.09240952380952
-66.1499166666667
-19.106999999999996
-90.83690476190476
-36.56809999999999
-120.7576666666667
-21.232700000000005
-81.06920000000005
-42.43673333333333
-28.26343333333333
-34.33556666666668
-34.0783
-105.2516476190476
-55.5422
-97.7718666666667
-58.36333333333332
-111.2450857142857
-61.905633333333334
-122.0391666666665
-64.39103333333334
-69.1707428571428
-34.24036666666667
-97.60490000000006
-29.16893333333334
-38.32856666666666
-110.77279047619054
-123.73989999999996
-96.39053333333334
-38.005266666666664
-85.01376666666667
-93.77823333333335
-27.275100000000005
-108.27540000000012
-97.92933333333342
-82.44035000000005
-123.28459999999994
-65.42609999999999
-113.72769761904772
-53.9125
-21.18886666666667
-67.40814761904753
-108.53259523809525
-38.11416666666666
-18.535133333333334
-91.92619999999994
-69.47010000000007
-140.79910476190472
-93.30639999999998
-24.78626666666667
-71.3742
-87.61276666666669
-110.45006666666669
-68.75333333333333
-22.26976666666667
-78.45340000000007
-66.4982
-45.54803333333332
-141.6792333333334
-72.40863333333338
-95.27953333333328
-35.58233333333334
-94.43627619047615
-104.56168571428573
-79.40980000000003
-22.44943333333334
-35.88046666666666
-27.6377
-37.74786666666666
-49.94186666666667
-55.47090000000001
-70.38709999999998
-73.68226666666659
-134.67699523809526
-119.01153333333329
-26.22413333333333
-35.63120000000001
-136.3779571428572
-100.37024285714291
-95.4204
-38.778866666666666
-28.790500000000005
-71.39166666666668
-74.12846666666667
-90.92679999999993
-98.75225476190478
-40.53866666666667
-75.58526666666673
-92.69923333333332
-74.46013333333339
-58.029100000000014
-101.29557777777775
-93.44397142857142
-74.1964857142857
-24.64083333333334
-34.675266666666666
-110.74147619047626
-144.17926666666665
-84.81743333333334
-106.60049999999995
-103.34833333333337
-75.36246666666665
-30.624100000000006
-109.0814095238095
-95.1924333333332
-27.116700000000005
-69.63223333333333
-179.33516666666662
-115.99206666666669
-105.1584666666667
-120.31597619047614
-98.50993333333341
-102.75626666666666
-68.75104285714283
-90.01286666666665
-74.11760000000005
-115.20776666666664
-106.13466666666669
-80.16926666666666
-41.782366666666675
-77.09156666666668
-84.3810666666667
-90.41546666666675
-146.7556333333335
-72.25790000000002
-186.1202904761904
-33.02470000000001
-28.683266666666672
-50.740300000000005
-50.164666666666676
-76.86956666666659
-106.27233333333336
-50.76223333333334
-81.95337619047608
-36.34940000000001
-43.326766666666664
-62.77956666666667
-37.7058
-82.89310000000008
-74.48549999999999
-67.10290000000002
-60.58263333333332
-75.5760333333333
-95.27097619047643
-23.227100000000004
-108.00440000000005
-161.90443333333343
-88.48229999999997
-36.28576666666666
-115.72130000000007
-136.88919999999993
-52.281133333333365
-89.42146666666667
-53.158133333333346
-56.55946666666666
-68.48646666666657
-54.167000000000016
-101.32233333333329
-114.11066666666669
-36.67626666666666
-87.02466666666668
-42.553700000000006
-96.66743333333336
-94.92417142857134
-117.56020000000002
-74.3792
-61.47869999999997
-76.59633333333333
-88.40183333333337
-131.65623333333332
-48.55536666666667
-42.533133333333346
-108.61023333333333
-57.59459999999999
-33.41716666666667
-123.18909047619047
-102.5161
-128.58428571428567
-119.53250952380947
-34.686433333333326
-91.48109523809532
-76.18733333333334
-86.92120000000008
-122.50699047619048
-90.59183333333327
-83.48999047619043
-38.378600000000006
-27.170933333333334
-108.67290952380947
-28.222799999999996
-47.69636666666666
-76.01896666666667
-42.57886666666666
-141.39543333333333
-144.92742857142852
-87.69412380952379
-122.24416666666669
-89.36176666666682
-108.83933333333337
-26.729966666666662
-60.65276666666667
-75.79656666666676
-108.71629523809523
-114.76786666666668
-79.39846666666669
-91.06773333333341
-50.526390476190464
-139.05141904761913
-52.31826666666666
-43.028366666666656
-100.17756666666673
-136.00126666666665
-80.1259666666667
-36.29576666666667
-73.99176666666668
-43.4675
-74.54333333333328
-90.04249523809521
-95.14479999999992
-86.41440000000001
-90.46328571428573
-44.32343333333334
-30.761066666666668
-50.20369999999999
-136.27440000000004
-20.98856666666667
-111.17036666666661
-81.41729999999998
-103.91506666666663
-151.86394761904756
-81.66770000000002
-99.44195238095239
-53.67546666666667
-60.15409999999998
-31.182533333333335
-96.59825714285722
-108.38239999999989
-46.829400000000014
-119.15335476190478
-39.450833333333335
-132.50583333333347
-57.947659523809484
-95.3061999999999
-70.70500000000001
-123.24239523809524
-112.73350476190465
-43.21479999999999
-75.02198095238096
-56.58843333333333
-42.57543333333335
-86.44683333333332
-31.8557
-98.80919999999999
-107.97959999999996
-67.47504285714284
-37.953799999999994
-126.27436666666667
-28.82763333333333
-153.21123333333333
-129.03643333333324
-28.205066666666667
-108.66046666666654
-139.72290000000004
-145.3477333333332
-62.9404
-63.62223333333335
-95.1753333333333
-70.44183333333332
-115.51456666666658
-105.05003333333332
-70.03802857142851
-65.89766666666674
-90.53590476190476
-132.29153333333338
-40.418266666666675
-37.12343333333334
-35.84439999999999
-94.45119999999999
-96.05623333333331
-60.478
-24.894466666666666
-80.56386666666668
-79.99240000000002
-84.92923333333336
-84.50423333333337
-125.43789999999997
-100.63963333333338
-99.29430000000004
-39.59333333333333
-69.28173333333342
-83.6938
-145.43020000000016
-67.23596666666667
-95.23486666666669
-42.72226666666666
-66.27116666666669
-87.50413333333334
-73.1688
-55.74817142857138
-48.268466666666676
-85.84040476190476
-58.71796666666667
-70.33536190476178
-96.71773333333337
-82.8490333333334
-49.3140333333333
-135.16497142857136
-46.98500000000001
-118.47813333333339
-38.9953
-82.72340952380955
-36.42203333333333
-72.08396666666664
-21.549266666666664
-49.518666666666675
-125.56613333333345
-138.12706666666656
-37.66473333333334
-54.13743333333334
-38.88116666666668
-115.0872666666667
-138.80849047619054
-46.2624
-42.48523333333333
-114.1015952380953
-40.37479999999999
-115.95590000000006
-90.36202380952376
-63.151666666666664
-43.70110000000002
-29.69956666666667
-57.4701
-134.65663809523804
-67.05761904761904
-107.39177619047612
-111.2717000000001
-116.54966666666675
-149.53751666666662
-48.8092
-31.78483333333334
-110.46943333333326
-48.96756666666666
-37.03996666666667
-58.32553333333333
-70.11526666666671
-163.30850000000004
-138.69543809523802
-92.60500000000003
-71.90369999999997
-96.78993333333335
-78.41471428571424
-93.45493333333332
-151.85033333333345
-103.63232857142854
-80.52546666666669
-90.61206666666658
-70.14470000000001
-41.37049047619047
-108.111461904762
-129.23091111111114
-66.4793
-37.87663333333334
-205.65376666666648
-147.0600333333333
-31.36683333333334
-113.8348571428571
-122.96046666666669
-126.45994285714293
-45.72106666666668
-32.04953333333333
-39.222100000000005
-71.72483333333331
-113.80473333333327
-102.96864999999998
-83.23820000000005
-134.99440952380942
-137.77222380952387
-89.5211666666667
-107.68848571428568
-129.10080000000005
-44.41446666666667
-89.67263333333338
-29.61876666666666
-75.81076666666665
-106.6947666666667
-45.94629999999999
-120.14574999999998
-89.53916666666667
-95.16969999999998
-71.80083333333329
-44.763966666666676
-85.55740000000003
-83.55780952380948
-65.32620000000001
-110.03593333333332
-34.1726
-91.72920000000008
-169.27536190476167
-47.639900000000004
-75.46665238095235
-34.66386666666668
-77.05771666666665
-153.5917333333333
-101.20623333333334
-99.95536666666678
-83.0351095238095
-144.11166666666668
-74.17090000000002
-86.35893333333333
-154.89105714285708
-69.20248333333336
-100.09310000000002
-117.35303333333337
-58.39553333333333
-49.55363333333333
-95.35209999999994
-122.13214761904761
-153.34443333333348
-132.98103333333333
-82.00133333333333
-70.68516666666669
-122.26849999999983
-27.966033333333336
-75.53326666666668
-108.84163333333332
-155.96307619047607
-163.81393333333324
-90.81040000000002
-94.10878571428569
-37.54046666666666
-113.33573333333334
-79.53619999999998
-111.5261
-81.16316666666665
-103.4993666666667
-110.00476666666671
-30.108733333333337
-117.50559999999994
-147.89073333333332
-116.7436333333333
-83.60149999999999
-80.20057142857138
-111.57416666666663
-89.22053333333334
-85.55043333333332
-91.10594761904763
-121.26946666666663
-81.02783333333343
-118.11173333333342
-155.68398095238086
-81.77047222222224
-95.15307142857141
-103.39390714285706
-143.93529999999987
-110.43503333333328
-100.7240333333333
-93.04328095238097
-30.449466666666673
-94.85496666666668
-104.78650000000005
-87.22726666666657
-108.32339523809519
-100.2142
-50.8979
-62.61890000000002
-146.1535333333333
-70.21113333333328
-59.44596666666665
-33.692466666666675
-100.12970000000004
-127.05540000000009
-92.25653333333335
-88.76031904761906
-117.44891666666665
-65.50473333333333
-76.42996666666664
-126.74423333333326
-75.74711904761901
-118.40563333333341
-119.04560000000005
-73.80836666666674
-88.6246333333333
-103.7227
-41.8459
-102.26756666666668
-40.51743333333334
-99.2437
-43.65623333333333
-130.75879999999984
-97.40338095238094
-113.55090000000001
-57.076299999999996
-138.56319999999994
-66.98673333333333
-114.23623333333329
-146.70920000000004
-36.998599999999996
-89.14343333333335
-116.48882380952377
-33.462933333333325
-67.02439999999999
-72.78110000000002
-50.78949999999999
-35.05116666666667
-83.36406666666663
-22.067366666666665
-67.89160000000001
-93.26949999999984
-111.38986666666666
-76.86208571428563
-103.72610000000009
-32.58576190476191
-66.9779619047619
-86.15353333333339
-67.94881428571436
-76.26090000000009
-34.388066666666674
-96.7762666666667
-88.43560000000008
-35.45310476190476
-32.26457619047619
-112.49966666666673
-25.505899999999997
-65.72786666666669
-60.39580000000001
-20.083433333333332
-27.330533333333335
-66.3525
-57.263433333333346
-18.528066666666668
-79.01820000000001
-23.253466666666665
-17.59936666666667
-43.24440000000001
-95.45923333333333
-31.71223333333333
-85.24523333333342
-80.22233333333332
-41.309466666666644
-33.2708
-93.02757380952387
-33.253566666666664
-175.44300000000007
-83.11430000000001
-28.644133333333336
-98.69893333333339
-39.988
-72.10579999999995
-36.19133333333333
-98.18001904761901
-62.404799999999994
-90.29010000000001
-186.66859999999986
-91.51933333333344
-100.55994761904766
-38.29659999999999
-65.01293333333334
-85.03370000000002
-24.425933333333333
-40.895533333333326
-93.44766666666669
-81.74069999999996
-32.22006666666666
-58.36063333333336
-32.87433333333333
-31.0222
-27.800833333333344
-32.72913333333334
-23.31563333333333
-41.639033333333344
-104.38418095238086
-119.42681666666682
-61.97760000000001
-87.02403333333342
-112.1583142857143
-45.909333333333336
-22.954966666666667
-31.52876666666666
-27.92996666666666
-48.84873333333333
-80.67559999999997
-30.570599999999995
-39.95514285714286
-93.91303809523805
-122.40323333333326
-104.01273333333334
-39.68603333333333
-18.9198
-21.425566666666676
-34.08793333333333
-26.715100000000007
-105.76599999999998
-52.19423333333334
-133.04686666666672
-42.512566666666665
-61.76976666666667
-35.89069999999999
-27.202266666666667
-118.46093333333344
-102.0778428571429
-22.3308
-94.32423333333335
-73.56697142857136
-81.41726666666659
-33.334566666666674
-65.9711
-43.06520000000001
-38.79489999999999
-63.332533333333345
-33.42483333333334
-88.94949999999999
-70.25846666666666
-58.95156666666665
-57.10343333333333
-115.32493333333323
-119.1761666666665
-81.9944333333333
-36.445866666666674
-23.26926666666667
-37.41516666666667
-72.52596666666662
-96.36306666666671
-36.615700000000004
-33.57803333333332
-95.97875714285718
-112.3276999999999
-56.3885
-24.099466666666665
-62.07676666666668
-22.474533333333333
-24.923700000000004
-81.3647761904761
-69.97606666666665
-53.91814761904767
-86.68101904761899
-28.848866666666662
-105.3676285714285
-91.18790000000001
-31.470466666666667
-84.3412999999999
-81.58198095238095
-71.02513333333336
-136.27633333333338
-81.6720333333333
-109.65786666666662
-51.167966666666686
-102.91306666666671
-24.638699999999996
-67.66316666666674
-103.83553333333325
-87.68063333333339
-77.06059999999998
-79.60363333333332
-110.16820000000001
-146.27020000000005
-105.74996666666667
-64.80910000000006
-31.584866666666663
-101.76336666666678
-76.54626666666667
-58.250699999999995
-46.993233333333336
-130.8944285714286
-38.18826666666668
-47.396699999999996
-96.22456190476184
-117.16739999999999
-147.64516666666657
-36.39476666666667
-110.96596666666666
-49.0507095238095
-70.9789476190476
-77.08923333333325
-31.071200000000005
-55.65006666666665
-39.59876666666666
-62.163366666666676
-85.63933333333333
-109.13906666666666
-56.25523333333332
-95.19823333333335
-124.99732857142861
-76.80603333333336
-42.706947619047604
-80.93509999999999
-61.20930000000001
-73.85680000000002
-33.82896666666667
-112.90496666666661
-31.71706666666666
-123.58723333333334
-42.78653333333335
-69.6727
-48.1228
-55.17986666666666
-29.81593333333334
-100.98103333333341
-109.5383333333333
-46.946033333333325
-21.940966666666668
-91.87399999999998
-114.67783333333341
-61.14936666666663
-58.28629999999997
-24.32573333333333
-102.48543333333346
-58.55553333333336
-82.79166666666666
-45.226633333333346
-41.358066666666666
-33.865133333333326
-22.9063
-92.77044761904763
-20.118733333333335
-26.83963333333333
-98.5353619047619
-76.59543333333333
-71.02486666666663
-32.6845
-49.3085
-74.6186047619047
-22.60713333333333
-63.963766666666636
-15.815366666666668
-94.58864285714297
-82.67440000000003
-24.67713333333333
-91.6655666666666
-17.735199999999995
-36.14543333333334
-63.09793333333332
-139.4080666666666
-93.33269999999993
-125.47156666666667
-111.95586666666665
-16.9283
-70.79850000000002
-102.7577333333333
-69.9534
-47.61116666666667
-121.69253333333336
-29.683566666666664
-73.19890000000001
-28.595633333333335
-28.443333333333335
-96.08423333333329
-101.79596666666676
-57.55970000000001
-102.39283333333323
-37.04576666666667
-111.0327095238096
-97.37806666666674
-118.06190000000001
-79.71640000000001
-159.6455380952381
-66.36613333333334
-98.22746666666673
-80.88886666666663
-79.88113333333334
-132.88773333333327
-40.647466666666666
-102.51803809523813
-34.38216666666666
-100.30913333333342
-84.0348476190477
-100.60506666666662
-115.20316666666659
-57.75997619047623
-186.1217
-82.39946666666664
-128.8680666666666
-77.57473333333334
-91.94276666666669
-23.72273333333334
-115.37819999999999
-73.22643333333333
-71.82999999999998
-75.10316666666667
-29.7207
-28.878633333333337
-32.43283333333333
-34.17463333333335
-37.8461
-53.39666666666668
-20.612133333333333
-145.09716666666665
-54.1502380952381
-26.214966666666673
-75.38546666666667
-76.85599999999994
-91.93776666666677
-74.94376666666668
-95.19085714285717
-38.812799999999996
-86.79803333333335
-81.00860000000007
-65.60741428571426
-49.02166666666666
-35.67903333333333
-43.7142
-44.845504761904756
-96.47649999999999
-99.59895238095238
-27.81363333333334
-82.55223333333333
-58.74573333333333
-101.90104761904762
-36.66550000000001
-144.2387333333334
-158.0526666666666
-55.070990476190474
-42.46653333333334
-35.394066666666674
-32.0962
-36.95690000000001
-85.86596666666668
-66.64370000000002
-42.1545
-38.30893333333333
-87.77834523809521
-107.38446666666668
-106.21723333333321
-48.4535
-50.219100000000005
-30.5098
-36.76526666666667
-70.83980000000003
-22.43843333333333
-88.44913333333325
-89.29773333333324
-58.26306666666667
-95.47903333333335
-84.8198999999999
-96.08703333333337
-54.774642857142894
-80.69309999999992
-107.21520000000002
-108.20749999999995
-77.54386666666667
-102.39513333333343
-76.85290000000005
-92.1341333333334
-128.8457666666667
-25.492633333333334
-103.7469666666667
-40.68323333333334
-79.3141238095238
-48.63145238095238
-43.17086666666666
-156.57146666666665
-56.88506666666665
-62.53229523809531
-30.366100000000003
-83.90310000000002
-63.19159999999995
-26.577266666666667
-77.32356666666665
-87.33008571428557
-21.4716
-40.12826666666667
-23.32196666666666
-111.8554833333334
-75.83293333333337
-126.75613333333337
-158.24393333333327
-24.190599999999996
-105.97976190476201
-150.62183333333323
-101.32603333333333
-107.60436666666673
-30.130966666666673
-120.73330000000006
-94.04033333333335
-81.19550000000001
-150.29429047619053
-37.0022
-49.32563333333333
-97.08926666666669
-92.20656666666672
-116.86303333333345
-69.86733333333338
-61.32353333333326
-92.15310000000002
-126.68610000000001
-82.17874285714288
-131.45843333333323
-133.92553333333322
-113.0761238095238
-19.4392
-66.05816666666666
-61.80123333333332
-57.450500000000005
-97.33183333333331
-56.7198
-109.25420000000003
-114.88726666666679
-84.60953809523807
-41.665700000000015
-19.187200000000004
-72.89766666666674
-85.86356666666667
-32.03386666666667
-30.719066666666667
-70.3807333333333
-100.14553333333325
-39.71866666666667
-38.50253333333333
-82.2464
-69.51703333333334
-109.07436666666662
-35.09043333333333
-92.09166666666668
-32.43430000000001
-33.5863
-33.20296666666667
-31.377900000000004
-63.03493333333336
-97.48899999999999
-96.52383333333324
-198.44449999999995
-117.66523333333333
-114.51483333333331
-60.21779999999999
-45.073400000000014
-28.013966666666665
-56.12366666666666
-23.858399999999996
-61.11750000000001
-102.02900000000012
-80.70553333333338
-109.58221904761906
-102.5464
-44.78126666666666
-57.78420000000003
-62.068866666666615
-85.11013333333332
-39.890433333333334
-54.94316666666669
-98.50260000000003
-32.84179999999999
-127.82599999999996
-97.57319999999993
-95.04956666666668
-63.73909999999998
-19.658399999999997
-87.80030000000005
-39.47643333333333
-88.52686666666658
-65.45263333333328
-92.32706666666665
-43.505533333333325
-118.56056666666669
-50.492700000000006
-109.14841428571427
-79.03170000000004
-141.6410333333332
-110.93046666666659
-72.27460476190474
-101.20623333333327
-107.67709047619044
-34.07813333333333
-56.49378095238098
-93.47576666666664
-27.344900000000003
-59.41396666666666
-87.63363333333335
-39.2765
-106.67042380952375
-53.308233333333305
-176.26726666666656
-92.67430952380947
-60.44959999999999
-80.1456
-69.93408095238095
-46.1658333333333
-110.44710000000005
-89.35580000000007
-31.1522
-79.58004761904748
-77.2202095238095
-82.52173333333332
-145.25613333333317
-92.25760000000001
-118.45569999999995
-98.17483333333342
-82.89243333333332
-51.229566666666656
-33.57883333333334
-107.71109999999997
-56.068633333333345
-87.02100000000007
-70.79900952380954
-67.8343
-45.04316666666667
-107.16473333333343
-40.159333333333336
-26.478933333333334
-44.4893
-19.8658
-36.19126666666667
-19.5324
-26.25526666666667
-84.38679999999994
-51.79090000000001
-53.43966666666669
-17.698166666666665
-34.48643333333333
-73.46356666666665
-118.68413333333338
-84.47290000000007
-42.98943333333334
-30.081799999999998
-37.548099999999984
-27.84663333333333
-35.762533333333344
-37.85816666666666
-69.75082380952382
-41.07266666666667
-75.78979999999991
-17.644
-28.728200000000008
-51.57116666666668
-34.44173333333333
-42.38393333333334
-95.13303333333336
-93.04556666666683
-24.391033333333333
-23.559866666666665
-41.46566666666668
-124.88753333333325
-25.653200000000005
-29.951599999999996
-74.94040000000003
-101.56959999999997
-19.58716666666667
-22.2859
-97.60346666666673
-21.6823
-34.086
-72.4346
-73.43009999999992
-27.196899999999996
-60.17603333333332
-52.07353333333331
-25.377566666666663
-27.284133333333337
-68.95621904761904
-28.521333333333335
-62.78523333333335
-72.28563333333328
-18.251100000000005
-20.95916666666667
-25.8487
-100.19060000000009
-23.98213333333334
-24.5915
-108.5429761904763
-97.82926666666665
-61.47006666666672
-83.22526666666674
-101.87674761904752
-48.915366666666664
-133.18266666666673
-18.772899999999996
-25.985499999999995
-82.50169999999993
-24.696
-52.84233333333333
-24.73256666666667
-37.82813333333333
-77.15806666666671
-121.48556666666668
-70.05043333333329
-114.29306666666669
-68.65293333333328
-95.97413333333338
-25.02107142857143
-26.592566666666663
-32.543
-34.57206666666667
-31.723666666666666
-39.61110000000001
-16.990319047619046
-107.30763333333334
-21.740833333333335
-56.93843333333335
-24.60376666666666
-20.915
-56.83603333333333
-44.39616666666665
-82.73976666666665
-44.10876666666666
-88.25316666666664
-26.392900000000004
-69.00426666666667
-42.46353333333334
-37.47633333333332
-96.89988571428573
-96.52703333333336
-26.8715
-48.828366666666675
-21.516066666666667
-84.776
-64.5291
-29.6104
-45.80186666666666
-45.43436666666666
-98.30245714285714
-18.018500000000003
-126.69122380952386
-29.76993333333333
-35.76576666666667
-25.512266666666665
-61.21653333333331
-79.094
-38.8275
-55.92922857142855
-19.059633333333338
-74.78906666666667
-21.09246666666667
-34.7446
-77.62350000000008
-103.35983333333334
-36.37266666666666
-49.70873333333332
-66.33600000000003
-83.12036666666665
-61.09669999999996
-55.607133333333365
-18.617133333333335
-91.88406666666661
-129.98793333333333
-25.79656666666666
-44.74926666666667
-33.381433333333334
-106.61330000000005
-72.1424
-109.63533333333325
-40.7245
-88.98686666666669
-28.951133333333335
-29.919466666666658
-135.5681666666667
-33.94556666666666
-94.11850000000003
-18.91436666666667
-35.04366666666667
-68.51156666666665
-20.785566666666664
-23.566966666666662
-29.237799999999993
-72.0797714285713
-14.930600000000002
-28.997033333333334
-25.00376666666667
-46.808166666666665
-21.7896
-97.72616666666661
-16.5591
-15.113199999999999
-101.4161
-24.638433333333328
-19.0928
-73.95313333333338
-123.88473333333329
-54.59295238095239
-83.48256666666673
-68.79305714285712
-54.049066666666604
-111.16936666666668
-36.83243333333333
-14.097399999999999
-17.965266666666665
-43.4491
-49.33756666666667
-35.620900000000006
-71.85143333333333
-95.44856666666671
-19.291299999999993
-67.2925333333333
-41.71000000000001
-53.466066666666656
-29.112266666666663
-31.184595238095238
-26.358600000000003
-94.38566666666671
-36.86059999999999
-27.7529
-45.84053333333334
-35.49343333333334
-63.94138095238098
-49.062966666666654
-33.24146666666667
-77.90939999999993
-77.90493333333326
-69.47730000000007
-108.8765333333333
-59.4935
-70.13133333333332
-73.42003333333336
-29.873900000000006
-20.786809523809524
-16.628500000000003
-44.14823333333336
-81.68409999999996
-73.58960000000002
-82.52106666666673
-28.24076666666667
-16.194966666666666
-18.157500000000002
-131.81140000000008
-30.500533333333326
-94.95206666666658
-18.67193333333333
-42.19333333333332
-66.20153333333334
-76.69603333333335
-168.03746666666672
-66.1872666666666
-22.4235
-54.689933333333336
-25.5548
-73.59135238095246
-46.27013333333335
-26.391899999999996
-16.007466666666666
-93.72110000000005
-65.36613333333337
-64.17340000000002
-58.007833333333316
-24.896566666666672
-73.00276666666667
-21.64473333333333
-61.23286666666667
-23.118000000000002
-26.27756666666667
-106.44786666666661
-11.216600000000001
-65.69073333333331
-44.29026666666665
-64.82649999999998
-18.673266666666667
-24.375466666666668
-109.37210000000006
-25.381433333333334
-19.376133333333335
-13.8443
-68.67973333333329
-43.37063333333334
-19.686533333333337
-20.757499999999997
-80.46340952380937
-38.725233333333335
-38.71876666666667
-100.71183333333332
-82.67443333333335
-45.332566666666665
-28.22973333333334
-84.60376666666663
-70.73853333333338
-20.497299999999996
-79.65386666666663
-74.24603333333327
-45.86153333333331
-102.9755
-73.59866666666666
-25.470966666666666
-22.56126666666667
-91.48160000000004
-35.933233333333334
-31.9709
-79.11676666666665
-52.09485238095237
-95.85923333333334
-106.12869285714291
-73.01256666666663
-45.23933333333333
-28.657800000000005
-53.647966666666655
-97.64173333333338
-107.21523333333333
-31.872600000000002
-135.61823333333325
-90.31396666666673
-101.67363333333327
-71.48922380952385
-124.94796666666655
-77.77011904761909
-78.54639999999996
-104.33325238095239
-50.962533333333326
-75.15600000000003
-29.921766666666667
-14.711199999999998
-79.33153333333331
-76.0731666666666
-85.29383333333337
-118.66996666666664
-27.957033333333328
-47.475333333333325
-64.27446666666671
-63.09669999999999
-86.31486666666652
-49.42126666666667
-24.806000000000004
-77.81313333333338
-58.54379999999994
-101.92330000000001
-34.83506666666667
-64.31406666666658
-46.65076666666666
-88.78141428571429
-100.8982999999999
-36.5857
-93.19547619047619
-66.02908571428573
-56.13126666666665
-17.751666666666665
-94.79411428571427
-87.77843333333334
-25.871666666666663
-30.5218
-64.68503333333337
-24.910300000000003
-114.1990619047619
-39.452833333333324
-31.84873333333333
-82.0658666666666
-34.28553333333334
-81.14256666666655
-64.15636666666668
-98.09473333333347
-36.800933333333326
-101.74990000000004
-83.37036666666667
-68.15623333333335
-24.2428
-94.33349999999993
-21.672433333333338
-86.4543428571428
-22.4247
-71.43269999999998
-89.7146761904762
-67.04219999999998
-25.91043333333334
-26.08866666666667
-59.67436666666666
-38.10416666666667
-80.29120000000005
-80.29876666666674
-37.58713333333334
-22.516999999999996
-88.21152857142854
-60.42243333333334
-26.6183
-78.1674333333333
-29.203
-25.5483
-37.60070000000001
-71.79926666666667
-106.72866666666671
-93.00936666666668
-24.96416666666666
-65.44403333333334
-100.71119999999992
-97.91896666666676
-18.019333333333332
-25.096066666666665
-83.39553333333336
-30.6365
-89.43646666666663
-76.30146666666664
-82.39336666666661
-14.513233333333336
-29.002799999999993
-21.425414285714286
-77.36692857142866
-90.57354285714277
-31.557899999999993
-83.94850000000001
-148.86684285714284
-14.0523
-39.71853333333333
-73.8387333333333
-63.97846666666662
-67.6752000000001
-16.3213
-37.7733
-19.933766666666664
-85.2340333333334
-50.071033333333325
-102.12575714285715
-64.86915238095239
-75.72080000000001
-17.532
-30.919533333333334
-38.96359999999999
-79.16491428571437
-26.419733333333337
-33.52653333333333
-79.45183333333343
-48.337266666666665
-78.03066666666669
-79.36543333333339
-93.0354
-83.55127619047624
-75.22836666666657
-82.26753333333335
-28.500833333333333
-48.43589999999999
-18.8708
-87.28689999999999
-89.81456666666669
-86.96111904761909
-28.055900000000012
-55.81056666666667
-18.39046666666667
-80.06091904761905
-92.07176666666678
-24.913033333333335
-40.59003333333335
-25.621600000000004
-27.9569
-102.79269999999995
-34.15673333333333
-52.917633333333335
-106.90006666666675
-35.668233333333326
-86.66179999999994
-76.22213333333333
-19.7387
-20.756166666666665
-81.66303333333332
-41.079499999999996
-34.72003333333333
-103.74665238095241
-70.85009999999998
-25.51973333333333
-129.36800000000002
-19.412566666666667
-31.73563333333334
-63.238033333333284
-39.0779
-20.667733333333334
-42.984966666666665
-60.68923333333332
-57.87116666666666
-15.480400000000001
-111.15093333333344
-22.796166666666664
-67.73136428571426
-22.745585714285717
-33.27853333333333
-18.06386666666667
-103.07543333333334
-34.4634
-37.468133333333334
-85.1062666666667
-16.442700000000002
-29.403400000000005
-64.67830000000004
-34.37843333333333
-31.459699999999998
-23.703833333333332
-51.68853333333334
-22.454500000000007
-44.5118
-64.6279333333333
-23.20403333333334
-17.30626666666667
-52.42668333333327
-62.436699999999995
-47.19579999999999
-19.351733333333332
-23.64839999999999
-45.151333333333326
-16.425400000000003
-31.343599999999995
-21.05576666666667
-23.9227
-29.2875
-81.48408571428575
-91.97802857142852
-90.53383333333328
-60.23586666666663
-68.7945
-36.341666666666676
-110.84106666666668
-64.90226666666662
-50.9784
-34.06563333333333
-24.745000000000005
-13.667733333333333
-72.34800000000004
-56.19703333333335
-21.109566666666662
-96.24903333333343
-17.01236666666667
-35.38863333333333
-101.22556666666661
-38.60273333333333
-49.40396666666667
-82.11303571428567
-48.13883333333334
-73.33429999999996
-119.41720000000008
-25.35896666666667
-75.99286666666666
-89.43076666666664
-16.477133333333335
-19.6605
-50.526800000000016
-84.8937
-77.85407619047619
-76.73283333333322
-18.85833333333333
-48.498
-16.9751
-31.68223333333334
-67.22283333333336
-42.79443333333334
-21.668900000000004
-39.05296666666666
-28.162200000000002
-10.791999999999998
-21.24023333333334
-97.9794333333333
-27.1453
-57.54876666666668
-103.08349999999997
-77.66783333333332
-82.38036666666666
-17.836466666666666
-63.87006666666666
-58.512233333333285
-23.432266666666667
-108.05796666666674
-70.49309999999997
-27.353900000000003
-77.69346666666675
-74.92996666666659
-16.609700000000004
-44.83939999999999
-40.92596666666667
-20.921133333333337
-18.214066666666668
-96.7256666666667
-19.970166666666668
-51.867500000000014
-80.77752857142853
-15.595433333333336
-33.48253333333333
-19.503933333333332
-19.4535
-48.77693333333334
-14.744433333333333
-83.15749999999993
-17.779433333333337
-29.255699999999997
-20.256438095238096
-31.410466666666668
-51.90276666666666
-92.10973333333331
-50.93779999999998
-10.9192
-27.432166666666667
-39.761
-50.325066666666665
-22.163633333333333
-90.99956666666672
-13.104700000000003
-56.31230000000001
-63.51473333333331
-45.53026666666667
-86.9700666666667
-29.956466666666664
-18.81
-74.17396666666663
-36.539199999999994
-31.591899999999992
-33.362633333333335
-85.0825999999999
-19.964699999999997
-94.30076666666679
-37.87193333333333
-32.17803333333333
-66.77530000000002
-87.2706666666667
-63.227066666666694
-83.0295
-26.6918
-14.3567
-54.65650000000001
-79.70603333333338
-19.079433333333334
-45.777233333333335
-67.78419047619056
-24.722733333333327
-30.807166666666667
-118.08860476190479
-51.06433333333332
-83.14193333333341
-19.611600000000003
-36.35530000000001
-50.05323333333333
-32.08699999999999
-41.335866666666654
-18.425500000000003
-68.68546666666671
-23.403966666666673
-19.138933333333334
-92.09623333333333
-48.14783333333334
-19.524866666666668
-88.8756666666666
-61.90676666666668
-40.94546666666668
-40.90546666666666
-16.710700000000003
-15.710166666666668
-21.289033333333332
-34.49916666666667
-83.1384
-112.14856666666664
-69.5525333333333
-25.4546
-13.866033333333334
-50.11143333333333
-28.801366666666674
-73.6056666666666
-109.78450476190478
-26.828166666666668
-21.62196666666667
-50.31073333333333
-21.722766666666665
-72.83120000000002
-35.363766666666656
-19.246966666666665
-83.1502
-89.1077333333332
-35.725699999999996
-28.108466666666665
-11.427233333333335
-87.36660000000005
-73.84653333333331
-30.39443333333333
-17.813433333333332
-98.8481
-22.25163333333333
-92.42055238095234
-63.78963333333334
-16.150600000000004
-21.934799999999996
-65.7763
-25.76943333333334
-15.4362
-27.027433333333335
-28.761199999999995
-40.6168
-32.0591
-28.507666666666665
-16.044
-20.734
-66.77896666666662
-13.394533333333332
-35.0183
-24.853366666666666
-97.72533333333341
-41.97060000000002
-46.83696666666667
-29.872033333333338
-38.48606666666667
-66.30890000000001
-13.249433333333336
-22.186700000000002
-38.81566666666666
-84.81826666666664
-12.168700000000001
-80.62586666666664
-28.743766666666673
-19.730800000000002
-22.09193333333333
-79.89993333333332
-48.92366666666666
-43.47433333333333
-23.685433333333332
-57.634799999999984
-81.32633333333331
-44.96293333333333
-35.37490000000001
-14.819033333333334
-16.026033333333338
-18.264366666666664
-15.855533333333334
-87.84906666666669
-86.03360000000002
-87.47116666666665
-82.42549999999997
-23.263600000000004
-20.806500000000003
-84.53963333333327
-31.32066666666667
-48.310300000000005
-24.217699999999997
-15.766319047619051
-17.460500000000003
-69.77966666666664
-86.9119999999999
-76.68330000000005
-19.69943333333333
-20.82923333333333
-31.53903333333333
-21.77793333333333
-54.39166666666666
-30.831100000000003
-58.8018714285714
-23.29106666666667
-25.01913333333333
-46.203633333333336
-13.727066666666667
-28.8982
-17.276666666666667
-110.58786666666667
-87.47786666666654
-30.622100000000003
-24.885000000000005
-13.561466666666664
-24.785200000000007
-19.150300000000005
-17.703
-81.47949999999997
-26.355999999999998
-37.099433333333344
-112.9709000000001
-102.43996666666665
-72.22743333333338
-45.048033333333336
-12.609366666666665
-63.444300000000005
-99.97366190476194
-16.48613333333333
-27.26806666666667
-57.1254
-58.62745
-16.971833333333336
-19.471966666666667
-77.0208666666668
-94.05569999999987
-19.273366666666668
-22.2054
-60.5612
-73.33889999999998
-62.72663333333341
-56.53795000000002
-75.53743333333335
-68.99306666666662
-106.42020000000007
-14.097133333333332
-84.3617333333333
-24.933833333333332
-18.26366666666667
-36.717566666666656
-23.774266666666662
-125.7413666666667
-10.092133333333333
-26.531366666666663
-21.816933333333335
-64.30593333333334
-26.597066666666667
-27.36696666666667
-22.388966666666665
-26.270542857142857
-36.39000000000001
-90.5112666666667
-36.37103333333334
-81.76606666666675
-90.04253333333337
-12.758000000000001
-17.283333333333335
-82.27763333333334
-72.26763333333338
-46.13926666666666
-20.227166666666665
-12.1875
-18.872
-25.83093333333333
-19.915633333333332
-27.053333333333335
-24.993066666666664
-17.028200000000002
-16.58703333333333
-22.762566666666668
-25.742833333333333
-21.63336666666667
-70.94820000000003
-21.106566666666666
-29.932133333333336
-26.528700000000004
-84.86093333333322
-18.5715
-36.12853333333334
-41.39099999999999
-16.4881
-82.5751
-51.694199999999995
-37.59633333333333
-109.51759999999996
-67.61409999999997
-72.51330000000011
-102.68154761904759
-31.823899999999995
-22.06526666666667
-27.845899999999997
-23.284466666666667
-38.076100000000004
-72.16650000000008
-12.391100000000002
-76.54580952380955
-30.469900000000003
-56.411419047619006
-29.884233333333334
-25.009766666666664
-66.93953333333333
-29.32346666666667
-19.441599999999998
-17.427266666666664
-50.063833333333335
-41.295199999999994
-15.046266666666668
-13.178966666666666
-78.07836666666665
-38.826480952380955
-69.58393333333338
-85.19728571428577
-12.683533333333333
-70.90963333333335
-14.301166666666667
-15.394
-14.988566666666665
-80.16990000000003
-16.964400000000005
-26.840299999999996
-36.4246
-23.580833333333334
-91.01990000000005
-69.02836666666666
-18.728466666666666
-18.179866666666666
-18.21776666666667
-45.72273333333334
-82.88693333333343
-52.64856666666666
-37.77843333333333
-122.0250666666667
-40.16056666666667
-69.05083333333334
-17.264233333333337
-15.264933333333335
-64.20245
-20.982700000000005
-14.517999999999999
-90.31606666666676
-19.253466666666668
-73.70539999999994
-15.776266666666668
-65.85909523809524
-26.17513333333333
-16.420266666666667
-32.72690000000001
-90.627580952381
-23.105600000000006
-62.83123333333338
-99.07490000000004
-27.8671
-61.66156190476197
-15.884833333333335
-91.3577333333333
-66.37639523809523
-15.2672
-78.48050476190478
-31.322199999999995
-96.12099999999997
-23.814100000000003
-68.5582285714286
-66.10109999999997
-83.31783333333335
-56.80053333333335
-84.92033333333333
-14.110866666666666
-17.405299999999997
-92.0554
-23.41326666666667
-32.62109999999999
-38.66929999999999
-19.955266666666667
-32.143466666666654
-48.750400000000006
-73.79199999999999
-75.73173333333334
-27.6788
-14.005700000000001
-23.00723333333334
-101.87153333333332
-26.85946666666667
-79.16569999999999
-21.3395
-93.6114
-82.76534285714293
-21.243566666666666
-25.21276666666667
-34.14489999999999
-16.50453333333333
-118.38550000000009
-57.569866666666634
-61.263433333333325
-25.966833333333334
-31.49306666666667
-84.60780000000011
-20.19383333333333
-69.11110000000005
-34.653666666666666
-43.56630000000001
-23.994466666666668
-55.473000000000006
-26.517533333333333
-24.908800000000003
-13.0319
-63.27746666666665
-62.43299999999998
-33.87123333333333
-99.5423666666667
-24.16173333333333
-24.50209999999999
-36.1543
-29.975933333333334
-109.62880000000004
-68.58386666666658
-42.30666666666666
-18.573533333333334
-85.28830000000002
-70.38100000000004
-29.1731
-20.489400000000003
-58.60844761904761
-61.122499999999995
-98.75340000000001
-26.99543333333333
-81.98690000000002
-52.120699999999985
-72.21266666666665
-22.09606666666667
-83.0250333333333
-105.11429999999997
-100.57996666666672
-79.66626666666666
-106.22958571428572
-65.32426666666669
-66.69503333333336
-98.24013809523802
-51.39620000000001
-19.740166666666667
-103.08460000000017
-57.80243333333336
-62.64340000000005
-82.14910000000006
-22.227566666666664
-32.220709523809525
-55.712266666666665
-72.52543333333332
-17.797433333333334
-84.74960000000002
-18.282
-63.85783333333333
-16.39753333333333
-71.9009666666667
-24.019266666666667
-26.190666666666665
-11.439666666666666
-89.06516666666666
-68.6461333333333
-84.57920000000001
-25.59790000000001
-19.2969
-16.609166666666667
-20.925866666666664
-22.29396666666667
-72.97066666666659
-85.92016666666669
-81.60486666666661
-46.77049999999997
-34.82176666666666
-86.65636666666673
-20.340333333333337
-106.54050000000007
-60.91596666666664
-91.13409999999999
-22.008533333333332
-21.995366666666666
-70.91043333333333
-17.8517
-87.13516666666672
-72.78316666666669
-18.6043
-50.70946666666665
-18.421233333333333
-29.64916666666667
-25.705799999999996
-80.99143333333346
-96.23313333333334
-15.726133333333333
-72.90646666666666
-25.69183333333334
-24.085700000000003
-14.855366666666669
-12.866800000000001
-14.703200000000002
-39.92886666666667
