0
13600
1600
1200
13900
700
15200
14100
14500
15200
13200
16400
13700
13900
13600
14700
13500
14400
10500
16100
14500
13600
14200
13100
2500
14200
14600
15000
14200
7400
4400
13500
4300
15900
13900
2400
600
13700
14300
15900
15700
14400
14400
15900
15100
14500
14100
2300
14100
16800
16300
14100
13900
15400
13700
14900
14100
14900
14500
15200
15200
15900
16000
14200
14100
13400
7000
14300
15300
15500
14700
16100
200
15400
15400
14200
14800
13600
14000
1500
14400
15700
13900
14900
14100
15000
1900
14700
14000
14900
14600
14500
14600
17100
13400
15200
4800
6500
13500
15100
14700
14700
5000
15400
15100
15900
14000
14100
15000
1300
14500
400
14500
14300
14400
13300
14500
14900
15400
13400
600
2400
15200
13600
14300
13200
13500
14800
14900
15000
1200
14200
13900
14900
13900
14500
13900
600
14400
1800
14700
14100
14300
13400
14600
15400
14000
14600
14000
2300
15700
14900
15500
16600
15100
14300
14900
15200
14000
15200
13400
14000
15600
14500
14600
1500
15000
14100
14700
14300
7100
15600
14300
5800
14400
15700
14900
14300
14800
15300
15500
1300
14100
16100
14900
2000
13900
14700
13400
13600
13600
13500
14300
14400
13300
13800
14900
1500
15200
14900
13900
14400
-500
13400
15600
13800
14600
15100
15700
2000
15100
14400
1500
2900
15100
2300
5700
15400
14700
15000
14800
600
13800
1700
1300
15100
17100
6800
15600
9800
13600
14100
14800
14400
14300
3700
2900
15000
14500
14300
-100
14200
15300
15200
8000
14700
14200
14600
15600
14100
16700
14800
800
13800
13900
13900
13700
14000
14300
4600
15400
15300
16000
14800
14000
14700
13600
14000
13800
14900
14400
13500
14100
13800
14100
14700
2600
13100
15000
5900
14100
14000
14600
15200
14600
14100
14500
13400
14700
13900
14400
15000
14200
14000
14300
14300
100
13400
15400
14600
14900
12900
13700
14100
14600
15800
15000
15600
15700
14800
13100
16100
15200
14000
15800
14200
14900
13600
14500
15600
14100
15200
14200
15000
15300
14000
13200
14900
15400
13400
14800
500
13800
14100
14200
15900
14300
16100
14800
14400
1900
14100
14000
15000
13700
13800
14800
14500
13900
15800
14700
15100
15200
14900
15200
13900
1300
14200
14100
15000
16800
13400
14700
14700
14300
14900
6500
15000
3800
13400
14800
14500
13700
2300
14400
400
13300
13700
14200
14500
15100
13600
5500
16100
14200
15200
14100
14700
14500
14900
14300
14900
15500
13800
15000
15200
15500
3800
15000
500
15300
14600
1400
16900
14600
15900
14900
9500
14300
14100
14900
15800
13700
14500
13900
15400
13900
14300
14600
15300
14900
5000
13800
14600
14300
14600
14900
15000
14800
14700
15400
17100
14800
2000
1100
14100
14600
14300
14700
2400
14900
13700
14000
13800
14400
4500
15900
14100
16400
14900
14500
14300
15000
7400
14200
14100
16100
14500
15100
14300
1300
14900
0
14000
16800
16000
15500
16200
5900
15200
15200
15300
4900
15300
15200
13600
1300
13300
14400
15200
14900
15800
15700
13800
14500
14100
15000
15100
14600
13400
1300
14700
15300
14100
15400
14500
13900
14300
13900
15200
14400
17100
14700
13500
14700
13800
14100
13700
14100
13900
14300
14800
13500
13100
15000
13500
-200
400
0
1100
700
14300
13800
3200
5800
13200
14800
5200
14600
14400
14500
14800
13100
9800
14600
13600
14300
14000
14100
14800
15100
3700
14000
14500
15100
400
14900
1100
14600
8100
14200
14100
900
15000
15600
14600
13300
15100
16000
11700
13700
15000
14400
14200
14800
15200
13600
15800
13500
7000
14600
14800
900
15800
14300
600
-100
14700
14100
14200
14500
13600
14600
14600
15900
10700
14700
13700
15700
-200
15000
14100
14700
14100
4200
700
14800
1500
14100
13800
6300
14400
13800
14100
14000
15100
14100
14000
14300
7500
15600
4600
5000
14200
17900
12200
14700
14700
15100
4900
14400
15200
7500
14300
15000
13400
300
15700
5300
15400
3800
15900
14900
13700
14500
15400
400
14200
15000
15000
14000
15400
14500
14500
15200
-200
14800
14700
14100
14300
14400
500
5800
14100
16800
14000
14400
700
14300
15500
14200
14000
14400
14600
13600
14700
13900
11200
16600
14500
13700
13700
-400
14300
14100
1500
14900
-100
14400
14000
13900
14800
14200
13200
15100
14600
15600
14800
3500
14600
14400
3300
14400
2500
14000
15400
15300
14000
16000
14000
14900
14400
13900
14700
8200
13800
14600
14300
14100
14200
4400
1000
14200
13300
14100
14100
14700
14600
15800
15700
15600
14900
1100
13800
15100
15100
13800
16200
13400
14700
-100
14500
15300
1400
14700
15100
14600
15100
15100
15600
14400
14300
15100
13500
14600
15400
15500
14700
15200
600
14500
15100
15000
15700
15600
14700
14700
14300
5100
3200
14600
15500
13900
16300
15800
15000
14000
14200
14800
16000
14700
14200
15600
14200
14400
14900
3300
500
1800
200
15700
13800
15200
14700
13600
1300
16000
15700
3900
15000
18900
14700
14900
14900
15600
15500
3600
15000
6700
700
14400
14400
14800
14000
15200
13500
15300
13700
14700
14600
14700
15700
0
14600
1800
15400
14100
1200
-300
15200
16400
14900
1200
1800
16200
14700
15300
14600
14700
13700
15600
16200
2000
13500
15100
12000
15800
15200
15200
14600
14500
800
6000
14700
15400
14200
-200
14400
14800
14100
13200
15100
15700
200
400
15400
3400
1200
14700
13200
15100
13000
14700
15000
1900
14500
14700
15400
-200
15300
9300
600
15200
14100
4100
14400
14400
14000
15300
15100
15000
15400
11500
14000
14800
15700
14600
14600
14600
15100
14400
14800
14500
15900
14200
16100
14200
300
12200
13200
13700
15500
15200
15900
-300
16100
2400
-400
2600
14100
14100
15200
16000
15000
15700
4800
16000
5800
14300
14300
14000
14400
16100
500
17100
13700
14000
16300
13800
2700
4100
14600
600
14100
14000
10100
2600
700
2600
13900
15400
14500
14600
9400
14500
15300
14300
14500
13800
3500
14900
15900
14400
14100
15500
4500
13900
15300
14600
15100
14100
13800
14000
15700
2900
15300
14500
14200
14700
14700
500
15100
15900
14600
15200
14800
13900
14200
14400
13500
15600
14100
14600
14300
14700
14400
15300
13800
14200
13400
14200
14800
14600
14700
13500
16200
2800
14500
15000
15300
14000
13000
15900
13000
13500
14500
13900
13800
13900
14100
14400
13200
2300
-200
700
14400
14200
12700
16400
-300
2100
15100
800
0
15000
14000
13900
15000
300
16500
100
15600
14500
15000
16100
2400
14900
-100
15500
2100
16000
14900
13300
14300
15700
700
1100
14000
13800
14400
13900
15100
15300
2300
14400
16500
6700
15800
2500
4800
14600
700
14300
14200
14800
14300
200
14100
16800
3600
14500
13800
14000
-300
14300
4900
15500
3600
15200
14600
400
800
-100
16300
700
14600
15600
200
700
2000
15500
1900
14100
15100
15900
16700
4300
15100
13100
15500
14500
14600
800
10200
15700
4700
5700
600
1300
16700
1800
500
-200
15500
15700
15200
500
1600
15700
15200
15500
14500
-100
3500
16400
14200
14900
14700
14200
1600
14600
13700
-100
14000
14600
1800
15000
3900
200
14900
14800
14300
14800
1100
-500
15000
13400
14200
3400
14300
14900
15000
3200
14200
16100
15000
13800
14200
14300
200
2100
16400
14100
16100
14300
0
14200
13300
16900
14000
15000
14800
16500
0
15600
14800
13700
14300
14400
3700
15300
-300
15000
14700
13700
15800
14800
1100
600
14500
14300
14300
1200
7400
14300
14500
15600
13600
16100
15700
2400
15100
15700
14000
14300
16000
800
15500
0
13700
13600
13900
7300
14800
15000
13700
1200
15100
15100
800
15300
-400
14300
3600
14300
14400
14000
4300
14600
14100
15000
14400
14600
14900
800
15000
14700
16300
-300
14400
13700
14800
1800
300
200
15200
14300
14400
14600
15000
400
7000
9400
1500
14500
15600
13900
2900
14600
13800
1500
3800
-200
14600
1500
300
14600
14500
1100
13700
14500
4500
15400
3700
14100
1400
15900
14300
15300
15000
15300
16000
2100
15100
-100
13700
4600
2200
5700
1100
14600
14300
14400
15700
13600
15400
13800
4800
2300
15000
14800
15000
16600
500
0
1100
10800
1900
14900
14500
15400
14800
13900
1500
15100
14800
15100
2700
14900
14900
15200
1900
14300
6600
14500
1000
14500
3500
14100
14000
6400
15400
15400
15200
15600
14400
14800
700
2800
600
13600
16200
1200
13200
14300
14500
13400
14000
13900
2400
15500
14800
14500
15800
14400
15700
14000
15300
14100
14700
13600
14600
14500
14200
13400
15500
13600
14300
14800
15400
400
6700
14700
15900
4800
1200
2200
15400
13500
14100
15900
14300
15600
13900
14100
1400
14100
5400
15400
900
15200
14600
14500
14400
1000
14400
100
13500
14000
13800
3600
1800
15200
1100
14800
15300
1300
14300
14400
8500
14200
18400
13700
15600
2300
13700
13800
14400
14600
4400
13200
14900
14000
15300
14900
1700
13700
14200
13900
12900
14100
15000
14000
14600
14300
14900
14400
13700
14000
14900
14500
14200
14500
15100
15700
13900
14500
400
4400
13200
8100
400
14800
14000
15000
3300
2800
15100
1000
15400
14300
15400
15300
1000
3600
14300
14000
14800
14000
14300
13600
14200
14400
1300
2400
1400
14600
14500
14100
15400
13800
15900
13800
13800
14300
15200
14400
1400
14100
16900
2600
15300
16700
-300
13800
14600
15100
15500
100
13800
15400
-500
2300
4300
13400
-500
13900
15300
0
14800
14700
13800
15500
14300
4300
13200
15400
600
-200
200
15500
200
14300
14800
-200
14400
500
15300
14500
15500
14700
500
15300
15500
100
-300
5000
14400
-400
400
1300
14800
1600
3500
13700
14500
2400
14200
13900
3400
14800
15200
13700
300
14500
15300
13800
700
200
300
-500
300
13300
14500
16000
13500
11600
2500
1800
13500
-200
4600
14400
14800
14400
14400
500
1700
14900
14000
13300
14200
3800
15600
14200
2500
14700
15700
13300
1000
15600
13500
15100
1300
14100
400
1500
14200
13700
15100
14700
700
13800
13600
5900
5600
4900
1500
15100
15500
14900
15500
2500
13800
14000
500
1600
14400
15400
13700
14900
15100
15500
15600
15700
14200
1900
15100
14800
13700
2400
4700
14400
14400
-500
14900
900
14000
14200
14300
14400
7500
14000
13400
15000
15700
0
15100
13700
15100
14900
13800
700
700
1100
13900
15800
10000
14600
15100
13700
2200
1200
13700
13500
400
2300
1800
1500
14700
13100
15500
-400
5100
1000
14600
1100
14700
14100
3100
-400
14700
14100
14100
17200
1300
500
14300
5500
14200
15100
15000
1600
14400
200
14400
15000
14900
300
15100
13400
14100
14100
14100
2600
13400
15300
14300
14000
3200
15000
14000
14100
14200
15400
13800
14100
15700
15100
15000
15000
14900
15600
14700
13700
900
1100
15200
2100
15000
15100
14300
10100
1000
15400
6400
14300
14200
13700
3600
14400
1100
15200
-200
13800
14200
7000
1700
300
14200
14100
14000
400
14400
300
3200
0
13300
15500
14800
1800
13600
13900
15100
14000
15600
14300
15400
14300
14700
14600
3200
1800
1000
15200
15600
13900
15100
17300
15600
14800
13700
14000
14000
14000
13300
14700
4200
14400
1600
14100
14800
15300
2000
12800
15200
13800
14500
1600
13800
300
300
15000
3700
12800
13600
14400
13300
13500
1400
800
15200
14400
13400
2200
15500
500
15200
2000
13900
4000
14000
2400
0
14400
6000
14000
14800
3000
13400
14000
1100
1400
14500
14900
2800
13600
13000
500
14000
4600
5600
14900
16800
14300
14100
14900
15000
14400
14400
15200
1200
1500
14900
14200
14400
14600
15800
14200
14500
10200
14500
15800
16400
-500
14800
13700
14700
13900
300
15900
14300
13700
13700
3400
14100
13800
14700
3000
14300
6100
14800
1300
14000
13800
2100
14200
14800
800
14600
13900
15900
14100
14400
15300
15800
15600
15400
14400
1400
15300
6300
15200
5300
14500
14000
15600
13500
1100
14800
14600
15200
14700
2300
14800
13900
4300
-400
15800
16100
1000
3900
15900
14900
14200
9400
13800
13800
13900
-300
14600
200
14600
14000
14400
8800
4800
13700
700
15600
14000
14000
0
1300
6700
12800
15400
2900
1800
14000
2500
1400
13700
14000
14600
13700
13400
14400
13900
13900
100
13600
15600
15000
16800
13700
400
15400
15100
13900
13500
300
0
14800
15200
14100
13200
13200
14300
1700
14600
14600
14600
14700
15200
6500
13900
16600
14900
-100
15300
14300
13200
14400
4300
3900
14400
14400
14700
15100
14000
2700
2600
1100
2300
15200
14800
4100
5100
14600
13800
12800
4000
14800
13300
-500
15100
400
7100
-200
14200
800
100
0
200
15300
2000
16200
14900
14900
1500
14400
2000
15000
500
14100
-100
400
15000
16300
13400
600
14100
4600
-300
13700
4500
14100
14700
13700
14100
1300
-300
15300
15000
1000
-500
14000
14500
15000
13500
-100
2900
3800
14600
2900
-400
15000
4500
1900
14100
13700
14700
600
13700
14000
13900
-400
500
0
800
900
2200
2700
13700
16100
15100
-200
200
13500
14700
4700
900
100
3600
14300
14900
14000
500
14100
13800
14600
2300
5700
3300
14300
-200
200
15000
14800
13900
14900
15400
3200
-100
6600
13900
-400
2400
15100
14700
15000
14800
14000
15300
14000
5200
15100
14500
13900
4200
600
15500
14500
13600
14800
2900
12400
100
-100
1300
1700
14300
15400
1200
14300
600
700
2000
700
13900
13800
1900
2800
13900
14400
-200
14500
16000
14000
500
14400
8200
13800
15500
1600
2700
13600
1700
15600
5300
400
14100
800
5800
13600
15100
3300
2600
3500
14700
11400
1200
1100
5300
14300
200
15300
15100
14700
14100
500
14200
14400
16600
15300
14900
14700
400
-200
14200
-100
1100
15000
1000
8200
14000
14400
6500
14900
14800
-200
2100
14400
14900
15100
15900
14300
15000
13600
2300
900
13600
12200
15900
300
13700
800
14400
12700
13700
14500
14100
1600
-100
1100
14800
-500
15600
14200
13300
9100
13900
14300
2200
2500
0
14900
15400
800
15200
700
14900
14300
14900
15100
14100
15600
1100
3500
1800
800
13000
0
13300
6900
16200
1000
15100
100
14400
15000
-100
14600
15300
15000
2900
1800
5100
14200
15700
15300
16100
14700
14500
13600
900
600
200
14300
14700
1800
-200
3900
16100
14600
13200
14800
6900
8500
400
15300
3800
15200
15600
14100
700
13900
14300
14900
13900
1200
15200
1500
14600
5000
14000
13900
13200
1700
7500
300
14500
300
14000
-300
1300
14900
15300
400
1500
500
15200
15000
1200
1100
14200
700
14700
13600
1900
600
700
14900
15300
14900
15500
15500
16000
14200
900
0
13600
1300
200
2400
13200
14100
14600
13700
14100
3800
14100
15300
14800
15100
3500
14100
2800
800
14200
14800
2800
200
13000
15400
600
16200
14500
7900
600
200
600
13800
14700
14400
15000
14700
14800
3800
13200
15800
900
14300
300
3600
14600
1300
13500
14200
13700
14700
800
4300
14700
2700
14500
200
14200
15500
1100
14400
500
14700
16000
14200
15700
4100
14800
3200
13900
15300
3000
14200
13500
2200
1400
15200
14700
14300
14200
14100
2100
14800
-200
2800
14900
14100
14500
15100
6600
800
17100
13700
14800
4200
4800
13900
-100
8000
14100
14200
14300
14500
15200
3300
3000
13700
13300
14400
14300
15000
14700
4500
14100
14400
14900
5800
14100
0
13900
14300
14200
14400
14700
1200
2100
15400
13200
1600
0
14000
15800
14500
14700
14900
14400
14800
14200
14400
14800
14000
13900
14700
13700
300
14100
700
14200
700
15200
14100
14200
1600
14600
2400
14500
13800
1100
4100
14200
300
13900
15100
2300
500
3900
-100
2900
14400
14800
15100
13800
400
14000
15300
14400
13300
500
13900
14900
800
100
6900
-300
2200
2600
-400
-200
2500
2000
-400
15200
0
-300
1400
4800
300
15400
14200
1000
600
14300
400
13300
3700
200
13800
700
4000
400
13400
14200
14400
15800
14600
14700
900
1800
15400
-100
1300
5200
15100
100
1600
200
200
100
300
-100
700
14600
14500
2800
13900
13600
800
-200
100
0
1100
14000
500
1000
13200
14500
5800
800
-500
-300
400
0
15500
14300
14700
1300
14600
500
0
14800
14100
-400
14000
13900
14400
300
3000
1800
700
2600
300
15100
3600
2200
1800
15400
12700
3600
500
-200
700
14000
14000
700
200
14600
14400
1900
-200
2600
-100
-300
15000
3800
13800
13600
-200
8300
14800
400
13500
13800
14900
13500
14100
13800
1300
14100
-100
14000
14200
14100
3400
14200
13300
13800
14400
14500
300
14200
3200
2300
1500
8300
500
1500
14700
5600
14000
1300
12900
1300
13600
14500
200
2100
1000
13800
14300
14400
1800
13800
14000
14000
1300
13700
2100
15000
500
13700
300
14800
1600
14700
1100
2200
0
16400
5600
1000
-100
5200
14800
15000
15000
-300
13700
2200
14100
900
700
300
-400
14200
-500
0
13900
3500
14300
100
2100
15300
-200
2700
-500
13900
14800
-100
13700
-500
1400
14100
15000
14900
7800
15500
-500
2600
14600
2600
900
15900
100
13900
100
200
15300
14600
2200
14300
900
14900
14000
13800
3300
14300
3300
14700
14600
14600
16700
600
13900
700
15400
14800
14400
14700
14000
14700
14600
7800
14100
13900
-200
6200
3200
14600
14000
600
100
400
400
800
1400
-300
13800
13500
300
3000
14100
14000
14700
14300
900
4000
14600
14200
1500
500
900
1200
6000
13400
500
4500
2100
5500
1000
16800
15400
2500
1300
300
200
400
14200
14400
900
600
14800
15600
14700
1200
1700
200
800
13800
-300
14600
14400
2600
14800
14800
15300
1300
15400
14900
6100
13800
14200
13800
14500
8600
100
13800
1000
13400
1000
1900
8700
2600
13900
200
14500
14000
0
3300
14200
-200
1000
0
14800
13600
14500
15300
-200
15100
10300
4800
13800
200
10000
14700
4100
15800
600
1500
14100
14200
13000
14700
15500
14000
16100
13600
14400
13300
14600
-500
2900
2000
1600
14600
1900
5700
13400
13600
1100
-400
13900
14200
100
200
14300
13000
700
900
14300
13500
14800
300
4000
400
300
200
0
14500
14400
14200
11200
14000
15300
1800
900
-100
1600
-200
2800
16200
14100
15100
5400
1300
2300
13900
14400
1700
2000
15000
400
15300
15300
14200
14100
-400
15000
600
15100
14300
15100
1300
15000
1300
13300
14800
15000
13700
14200
14900
15000
500
2000
14300
0
2100
15100
700
14100
2100
14100
14000
2200
3600
14600
1200
15600
14800
300
14500
14000
14500
14300
16000
14600
14400
13400
1900
400
12400
2100
13800
13800
13900
2400
14400
1200
-100
1400
-300
600
-300
100
13300
1300
1600
-300
900
13300
13100
14200
1700
400
700
200
1100
1200
14300
1100
14100
-200
200
1500
400
1100
15100
14800
-100
400
1100
14400
0
400
15000
14100
-300
-100
14400
-100
600
3000
13200
0
2100
1800
100
400
13500
200
16000
14400
-200
-200
0
14700
-100
0
15400
15300
14900
14700
13800
1900
15200
-100
200
14200
-100
2600
-100
500
13700
13600
14400
13900
13200
14400
-200
-200
700
1100
600
900
-200
5800
-200
14400
-200
0
1600
1700
5500
1200
14400
300
3400
1300
800
14000
14100
300
2000
-100
7500
2600
300
1700
1100
14300
-400
13900
500
700
-300
2600
3900
700
13400
-100
15700
-200
200
15500
14600
700
1800
14500
5900
14800
15100
-300
14000
13700
200
1100
700
14200
4500
15000
1000
13500
700
500
14300
1000
14200
-400
600
3500
-100
-100
600
13400
-500
500
100
1400
-200
13900
-300
-400
14500
200
-200
13900
16000
14000
14200
14800
14200
15700
500
-500
-300
1200
1600
600
14700
13900
0
2900
1200
1900
100
700
0
14600
1200
300
1300
1000
13900
1700
600
14600
13900
14000
14500
2000
13900
13700
300
-100
-400
1400
13700
5100
14300
0
-400
-300
15100
700
14400
-300
1200
14800
14300
13500
13500
-100
2000
300
14600
2000
200
-200
14000
13700
15300
2100
100
15100
0
2100
0
0
15300
-400
2600
1600
2800
-300
200
15000
100
-300
-500
13600
900
-400
-100
15600
1300
900
7100
4500
1100
200
14400
13800
-300
15700
14000
1200
15400
16700
700
0
14300
700
700
3600
14400
13900
14400
14800
1400
300
2200
13300
14800
500
14600
13900
6900
14500
15900
14100
5100
14000
13800
13100
300
-500
14300
15500
15100
14200
300
1200
14200
14000
13700
1800
100
14300
14500
14900
900
14700
1300
14200
14600
900
14100
13800
2700
-300
5100
13900
100
400
13800
0
15300
1100
300
14500
900
13500
3900
15300
700
13800
4400
14800
0
13700
-100
13700
-200
14300
4800
15800
0
200
2400
800
15000
14300
1000
0
14900
2300
300
14800
300
100
1800
3000
8200
14800
0
13900
13600
12500
-300
300
14700
200
14000
3600
14200
-400
500
0
14600
14300
200
15700
15000
-400
1200
13600
14400
14700
-400
1200
-100
14000
2000
14300
14000
3600
-300
500
800
15000
0
600
14400
1400
14700
15000
15400
14600
13800
5200
100
1900
-500
13900
14900
14800
500
2900
-200
14300
14300
0
1300
100
600
14900
1200
14900
15400
500
14500
4300
-400
0
4000
1200
800
14600
3100
0
7500
-300
400
14300
900
-300
1300
2800
14500
-400
14900
-100
14900
-100
1000
-200
14500
700
600
5300
-500
600
14200
700
500
100
1400
-200
1500
14500
-200
-300
14600
14100
1300
-200
0
1600
-300
600
0
0
300
15400
15000
14000
14200
15200
1100
14100
15200
15000
700
0
-500
14900
2100
-200
14100
-200
600
14300
1100
1800
14200
1900
14000
6900
300
3100
13700
-200
-100
2300
6900
15100
14700
-200
1600
-200
900
14000
1000
-100
1100
300
-500
0
13900
300
2600
15700
14200
4500
-200
2700
14200
-100
15200
14200
500
14100
13800
-300
1500
1400
-100
-300
15300
-200
1600
14300
-300
600
-100
-300
2400
-400
14600
-200
300
-100
800
2300
14700
2600
-500
100
1300
2200
100
14500
-500
2600
14300
1700
14200
600
-200
14500
800
600
1000
13400
100
14000
1200
500
14600
14100
15700
13500
200
-500
1900
15300
-200
1500
15800
300
800
13800
1800
13400
100
1000
1500
1000
1400
-400
14200
-100
-200
14800
1900
-200
13600
4600
1000
1200
-100
-400
100
1600
13900
13500
13800
800
-500
1800
500
16300
14100
300
300
1500
-100
14500
1100
-100
15500
15000
1000
600
-400
13400
13700
600
-100
13900
-100
15400
14100
-200
100
15000
200
-300
200
400
1100
500
200
-200
-100
14500
-500
500
300
6300
1500
1400
700
600
14200
-400
200
800
15800
-500
6900
500
-200
100
13700
1800
2300
200
2400
13800
1800
1000
-400
-400
0
-300
13300
14400
6100
14200
100
-100
14400
600
14400
200
-300
-300
3900
12600
13500
-100
-100
900
0
2500
600
15300
200
100
1100
-500
400
-300
13700
14700
500
-100
-400
200
-200
-200
15100
500
1000
14900
5700
3500
1500
-400
4100
14000
-300
400
2500
3200
-300
-300
13100
14700
-300
100
2400
14100
13600
13900
14900
14500
14000
-500
15400
0
-300
1200
0
14500
-500
300
100
13500
600
300
200
600
800
14500
1000
13600
13800
-500
-200
13300
13400
1400
-100
-500
-200
400
-100
300
300
-400
-300
-200
300
100
13900
200
500
300
14800
-200
1200
1200
-300
14300
2000
1000
14500
13800
14100
14200
600
-200
400
0
900
14300
-500
13700
400
15300
500
0
14000
400
-100
-100
1800
1100
-400
-400
3300
1400
13900
14200
-400
13700
-400
-400
-400
14300
-300
400
1000
400
13900
13900
-100
-200
-100
1900
15200
1700
800
14600
1500
3500
-100
-300
2600
100
-400
14300
-100
14300
-300
14400
300
-300
700
14200
0
14700
15200
500
13900
-400
14400
14800
-400
13100
600
5300
0
14000
14100
14600
2300
5700
-400
-200
14600
200
600
1200
0
700
1900
14100
14200
400
-400
0
5100
100
14700
-100
14200
14800
100
200
500
-300
14100
13600
14800
200
400
14400
-100
13500
1300
1200
100
2200
200
200
-500
14300
7600
900
14600
200
400
800
600
13300
13600
1300
-200
14000
13600
300
0
13700
3000
14700
300
14200
2000
15100
0
14100
5400
14200
15600
13900
14700
14100
14200
1500
0
14900
13000
13900
13900
-100
1000
14400
3900
0
13700
-200
15400
-400
15000
400
100
-500
13800
14100
5000
300
-200
-300
0
-300
14400
14600
14700
1900
1100
14300
-100
15200
12800
15000
-100
0
13500
-100
13700
4100
0
14700
-100
400
500
13500
14000
-300
14000
500
200
-400
-400
-200
1800
