0
19.838333333333416
-1.5736666666665928
-3.365666666666655
-4.238999999999995
22.670333333333414
-7.245333333333334
3.040333333333355
-0.5256666666666493
-1.441333333333331
4.924000000000024
-2.317333333333314
12.900333333333384
-3.8679999999999923
9.731666666666674
-2.2456666666666685
2.0043333333333613
19.62833333333344
19.23533333333337
-1.0736666666666617
8.797333333333365
4.080000000000026
-0.9659999999999832
13.469333333333369
4.758666666666693
0.8653333333333393
27.131333333333504
19.31133333333343
-3.9123333333333328
33.25866666666681
-0.525999999999996
-3.744999999999999
-29.680666666666713
10.139666666666683
-7.3916666666666035
-13.678666666666631
5.713333333333355
2.0193333333333774
17.51733333333335
-21.01066666666656
-2.0383333333333327
11.284666666666714
1.921333333333362
-5.638999999999999
0.5020000000000244
29.06166666666684
-0.25933333333332476
8.81266666666671
0.8696666666666941
26.370666666666708
-7.1893333333333045
14.727666666666753
-1.5523333333333282
34.29600000000004
18.590666666666742
28.355000000000167
5.409666666666685
8.928666666666693
0.1680000000000248
13.326000000000041
18.09866666666673
-9.160666666666653
5.0080000000000275
-0.19699999999999063
10.675000000000098
-3.9313333333333156
16.88233333333342
7.0713333333333654
19.463333333333424
-0.48233333333332273
-18.374999999999943
4.764333333333443
28.64666666666678
20.504666666666726
9.765333333333427
0.7506666666666755
27.628000000000174
7.618333333333432
0.3113333333333399
13.938333333333413
1.546333333333366
-0.4279999999999913
4.940333333333375
-10.554666666666648
20.632333333333435
-5.472666666666631
27.52966666666668
-2.930333333333312
5.115666666666702
12.309666666666715
23.743333333333425
18.51466666666675
8.576666666666696
18.056333333333413
12.990666666666712
29.779000000000174
31.335666666666746
4.067333333333354
25.444333333333333
10.523000000000039
18.94300000000005
28.389666666666763
12.116000000000012
22.524333333333423
2.9006666666666794
2.969666666666708
19.86300000000015
30.890333333333427
0.8200000000000036
33.471333333333426
22.80433333333345
7.312999999999981
2.4613333333333727
26.196333333333417
14.480666666666707
2.052000000000012
10.357333333333392
15.283666666666747
32.979333333333365
5.5590000000000455
-0.8953333333333136
25.67000000000006
13.593000000000053
13.837000000000025
22.404333333333366
26.250000000000064
21.919666666666796
20.837000000000078
8.873666666666773
0.6706666666666723
16.3583333333334
4.694666666666705
9.737000000000034
15.291333333333391
12.117666666666802
-2.0879999999999947
2.9086666666666896
15.152999999999999
-3.024000000000001
11.441666666666745
33.07633333333351
15.29766666666671
-0.36333333333327955
18.599000000000014
15.228333333333357
-4.965333333333303
25.848666666666745
25.130333333333454
1.0043333333333844
10.60166666666668
14.046333333333383
12.797000000000056
30.38000000000022
19.360000000000028
19.781000000000056
26.56833333333341
-8.962666666666648
20.16200000000011
-7.134999999999995
9.203
21.723000000000074
27.956000000000095
24.707666666666704
24.326000000000032
17.823000000000086
22.134333333333412
-2.815333333333326
14.85266666666671
14.652000000000031
23.45833333333346
1.4943333333333553
23.85900000000004
10.669666666666737
24.2256666666668
23.97833333333342
27.383666666666745
1.0356666666667018
-5.818999999999963
2.963000000000053
20.961666666666666
14.902666666666669
6.9753333333333405
26.09366666666665
17.43066666666676
22.318000000000033
-2.278333333333327
29.703666666666713
4.466666666666689
32.064333333333494
22.242000000000075
8.992000000000012
22.281666666666688
23.825333333333482
15.345666666666723
26.31100000000009
16.235000000000035
16.730333333333423
0.8063333333333678
5.466666666666691
24.593666666666707
6.133000000000023
8.38233333333338
14.29700000000004
23.802666666666763
3.4310000000000063
23.71633333333338
4.163666666666697
12.816666666666723
5.315000000000031
12.226333333333391
34.441333333333475
-2.491999999999974
28.319000000000113
3.744000000000023
4.6873333333333616
17.899666666666715
-4.62866666666665
8.905666666666686
4.07233333333336
4.05400000000003
-0.45366666666665945
7.463000000000072
-10.569666666666658
23.53300000000007
11.559333333333415
5.551000000000033
18.235333333333376
-5.632999999999998
30.536333333333445
33.97933333333339
8.845333333333397
32.270333333333525
1.743666666666678
27.84566666666677
-15.563999999999975
-3.232666666666654
5.876666666666698
11.529666666666765
25.36966666666686
6.969000000000027
2.121666666666738
8.69166666666666
25.2453333333334
13.02433333333334
1.4233333333333755
27.465333333333405
20.09433333333344
7.704666666666675
5.974666666666732
0.20900000000001584
26.114333333333448
23.267666666666745
21.604333333333425
28.005333333333464
20.101000000000035
-1.3726666666666418
7.011333333333342
30.52566666666677
19.00100000000004
5.513333333333363
25.15400000000007
9.624333333333336
9.160666666666708
12.107000000000054
-2.950999999999998
24.76733333333346
29.700000000000152
27.998333333333537
-2.1489999999999965
16.004
35.88233333333338
-0.6013333333333265
7.824333333333373
5.099666666666703
23.636333333333386
4.980000000000061
5.949000000000028
35.607333333333365
19.021333333333423
0.45566666666667865
18.015333333333494
9.1790000000001
10.512333333333434
23.716666666666782
6.813000000000053
14.566333333333361
25.2443333333334
24.823666666666686
2.1556666666666846
2.169333333333353
13.476333333333315
10.887666666666705
38.60400000000012
4.432666666666692
28.25233333333349
15.720333333333357
-4.657999999999993
8.56500000000004
31.85600000000003
12.05800000000004
9.586333333333348
3.725000000000052
2.047000000000039
-3.5936666666666426
29.04366666666677
30.53966666666669
-0.8009999999999966
34.33000000000009
23.67400000000005
32.05533333333347
24.765000000000068
-0.8593333333333337
17.73500000000003
27.95666666666672
7.251333333333381
28.041666666666817
24.915666666666823
20.53400000000015
-0.7433333333333109
16.999666666666695
18.33600000000005
36.09699999999996
32.249666666666705
12.958333333333375
23.019333333333375
5.715666666666664
17.800666666666782
21.739333333333423
32.453000000000124
-3.0366666666666617
23.52333333333344
19.609333333333357
23.657333333333348
29.07233333333354
18.807000000000095
25.88666666666681
-4.636666666666649
-0.9036666666666562
7.700333333333331
12.79300000000013
29.281666666666695
22.52100000000005
26.70600000000013
27.59000000000006
-1.902000000000002
11.153000000000077
22.910000000000217
4.250333333333346
31.993666666666805
19.13933333333334
9.051333333333394
29.463000000000154
26.219000000000097
13.358333333333334
-4.153666666666664
15.29300000000002
25.621333333333467
23.254000000000115
4.132666666666687
9.415666666666665
15.502666666666748
14.131000000000093
31.47200000000001
9.545333333333332
33.22133333333339
6.11533333333335
25.04233333333347
23.635000000000034
26.23133333333343
19.16200000000004
32.484000000000016
30.859000000000137
31.078333333333475
11.538000000000055
5.441000000000024
34.57000000000008
19.173666666666747
-3.1983333333333146
21.783333333333445
27.557666666666773
5.1133333333333475
33.61599999999996
24.667333333333534
31.47333333333342
12.505000000000068
25.138333333333456
2.6723333333333597
23.178333333333413
37.462000000000096
-0.15133333333331744
30.476666666666677
31.22299999999997
-3.012333333333324
26.082000000000107
27.3320000000001
24.985000000000067
22.295
18.511666666666702
29.92500000000017
30.14600000000012
25.959000000000096
-3.798999999999991
33.44266666666682
0.6830000000000316
25.13000000000007
35.18633333333341
16.194000000000088
36.05100000000008
8.43833333333338
6.787000000000031
28.38266666666672
12.006666666666678
27.814333333333494
3.0126666666666804
21.766000000000084
26.551333333333428
31.573000000000093
5.753333333333345
7.86733333333334
24.764000000000074
20.61666666666671
8.444666666666729
0.6233333333333451
17.156333333333507
13.802333333333436
19.88766666666681
34.796666666666866
9.220333333333379
10.094666666666729
25.41733333333347
16.297333333333466
9.356000000000103
26.130666666666684
20.681000000000108
17.311666666666742
20.0306666666667
35.214333333333414
10.760333333333381
12.787333333333416
24.377666666666798
25.399666666666874
23.166333333333373
10.421666666666672
-0.9273333333333178
26.940000000000126
18.63433333333339
12.750000000000016
23.935000000000123
14.623999999999997
20.688666666666744
16.37933333333338
-3.368999999999909
27.598333333333414
33.75599999999999
30.246000000000034
18.21733333333342
22.29333333333342
22.887666666666718
27.82466666666674
36.48133333333322
6.016666666666689
10.736000000000052
20.641666666666673
13.80666666666669
32.51433333333343
28.80633333333348
12.078000000000005
22.267000000000056
16.691666666666702
0.2500000000000082
16.493000000000077
2.8650000000000753
0.3486666666666871
27.342666666666773
14.13533333333337
20.4910000000001
3.5323333333333746
13.584333333333438
-4.366000000000001
-3.113666666666669
26.853666666666662
16.764000000000085
11.043666666666676
24.633333333333407
32.148333333333376
34.84666666666668
29.00933333333336
27.265666666666895
27.126000000000182
19.32066666666679
14.586000000000086
26.561333333333337
1.3003333333333464
34.202000000000105
3.87433333333336
20.492333333333363
24.72700000000013
15.493000000000059
21.04066666666683
-6.921333333333335
38.09333333333338
32.736666666666615
27.39833333333341
9.045666666666786
12.563000000000045
-0.9446666666666645
2.490000000000026
-4.188666666666601
2.214000000000061
4.534000000000049
-0.6463333333333267
5.064333333333378
4.689666666666722
19.26366666666667
13.883000000000111
-0.7516666666666514
17.365000000000055
2.655333333333353
0.07700000000003504
-12.248999999999954
5.235333333333359
16.262333333333274
18.269333333333414
1.016333333333368
-4.65633333333329
11.957333333333395
8.498333333333354
5.517333333333368
16.827666666666698
22.917666666666758
9.755000000000036
4.730333333333379
16.52333333333333
-3.346999999999985
-1.1939999999999806
16.891666666666723
-2.1496666666666218
15.90766666666675
26.78066666666673
-9.074333333333321
18.16033333333335
15.266000000000059
20.282666666666717
-2.889333333333304
7.5236666666666885
-3.239999999999999
25.5130000000001
14.020000000000032
-1.1019999999999917
27.476333333333457
5.006666666666678
15.6443333333334
6.4730000000001
4.813666666666758
31.42266666666682
20.042333333333417
15.695333333333366
-0.9723333333333126
24.381333333333465
20.15633333333343
21.889666666666738
7.53566666666673
26.700333333333425
6.087333333333438
29.793000000000088
-0.15166666666665107
6.051666666666721
2.7576666666666947
8.583000000000018
22.21066666666679
17.555666666666745
9.426666666666714
30.193333333333474
26.411333333333424
2.840666666666678
14.792333333333431
17.530666666666733
14.851000000000047
1.783000000000032
12.551333333333345
-3.1356666666666637
17.13933333333337
24.99400000000022
31.13200000000017
8.327666666666673
19.418333333333422
16.80166666666675
30.21466666666678
7.654333333333442
9.675333333333363
4.477333333333365
2.3143333333333573
27.236000000000153
17.025666666666723
6.2753333333333545
24.44766666666679
10.56300000000008
14.917000000000085
-4.624999999999995
24.061000000000035
17.63766666666665
24.338333333333484
27.52300000000019
18.702000000000098
19.039333333333392
10.694333333333455
-1.2983333333332363
29.263333333333467
18.93033333333336
1.3790000000000062
23.39666666666684
12.796000000000051
29.38433333333342
21.152333333333413
30.886000000000028
29.374666666666744
13.626666666666683
5.9580000000000215
-0.6926666666666522
31.589333333333506
31.8096666666667
-2.540666666666664
-0.5796666666666479
10.427666666666717
20.505666666666784
16.637666666666703
18.706000000000056
0.8196666666666881
9.121666666666721
28.763666666666776
29.28366666666676
15.687333333333392
10.879666666666743
22.603000000000044
15.007333333333406
7.933333333333362
24.77700000000014
7.979333333333381
-1.6916666666666547
21.535666666666756
6.564666666666707
24.403666666666812
-4.5576666666666625
15.470666666666698
8.940333333333395
27.397333333333346
-5.436999999999948
11.330666666666698
5.731666666666713
24.318000000000033
12.05700000000001
33.058
16.508666666666663
-2.552666666666655
17.587333333333397
14.15566666666666
-0.44399999999999595
4.059333333333375
24.018666666666885
3.060000000000021
6.337333333333415
7.525000000000039
18.43033333333341
-1.6200000000000019
-1.3906666666665963
15.01066666666669
9.59366666666672
21.26433333333343
23.517666666666713
-3.3653333333333353
22.205000000000016
-0.15999999999998504
32.120666666666786
23.36066666666678
25.340000000000128
31.003666666666774
29.341333333333374
9.6803333333334
35.0896666666668
26.68466666666683
21.843666666666678
35.68766666666669
9.88100000000009
20.27033333333337
31.19966666666675
20.032666666666728
23.44566666666672
26.5760000000001
12.138666666666754
28.215333333333415
26.262333333333437
24.75766666666675
11.889000000000001
33.107000000000085
34.90900000000016
12.668333333333383
30.726666666666784
-4.487333333333324
20.954000000000068
27.532000000000046
30.630333333333493
36.70233333333334
29.38533333333342
-1.7533333333333287
8.210666666666743
21.81966666666668
31.199666666666715
6.17666666666666
16.938000000000038
36.28566666666678
-1.7436666666666645
30.481666666666747
10.894333333333366
18.798333333333378
2.0930000000000084
31.942666666666724
25.084999999999965
33.97033333333342
26.823666666666725
24.996666666666794
27.663333333333348
21.88133333333338
26.08466666666675
10.571000000000017
5.180333333333425
22.86000000000014
21.075000000000074
-5.801666666666668
24.75100000000021
33.09033333333337
-3.7899999999999983
-8.311999999999982
23.710000000000058
11.507999999999996
19.674666666666745
19.483000000000033
27.72166666666683
4.3566666666666745
6.549000000000082
35.59066666666688
26.180333333333422
24.580666666666747
12.317333333333398
10.272333333333398
28.6986666666667
0.02200000000001401
27.415666666666706
15.221333333333398
20.211333333333446
29.288666666666735
37.87600000000007
21.864666666666764
15.387333333333444
2.709000000000008
22.765666666666778
21.020333333333404
-3.3966666666666683
1.8516666666666897
10.021666666666745
27.004000000000083
33.540000000000056
7.481666666666726
4.306333333333375
30.534666666666798
9.442666666666677
24.249666666666794
23.150666666666805
-1.868333333333321
30.722666666666733
26.41500000000021
30.034666666666716
0.5020000000000222
10.482333333333397
24.359000000000147
-0.4986666666666586
8.71600000000004
20.592666666666776
9.208666666666659
33.74033333333341
22.86666666666676
17.564666666666707
2.081666666666696
9.120333333333358
-4.045
1.986666666666705
-1.671000000000002
15.718666666666827
11.28400000000002
9.67866666666673
18.42733333333339
18.805000000000092
30.78500000000014
24.16800000000008
7.7100000000000115
28.966000000000015
3.822000000000026
24.390666666666814
-5.990333333333335
5.6320000000000245
30.595666666666748
18.839333333333283
10.621666666666695
22.857666666666734
29.11100000000016
32.484333333333446
20.39766666666676
23.98533333333338
6.71866666666669
-1.017999999999982
9.175333333333349
18.841666666666736
23.986000000000104
32.28766666666677
15.97033333333341
-1.6773333333333067
9.851666666666688
11.11400000000001
10.980666666666677
-2.940666666666671
24.81833333333339
29.08900000000002
26.981666666666715
31.5746666666667
0.9786666666666934
26.9026666666668
29.012333333333455
25.86866666666679
30.028333333333457
24.29766666666679
19.959000000000064
33.99000000000005
27.881666666666685
0.21200000000000796
29.20700000000009
21.07466666666678
29.46400000000007
13.367000000000054
38.15466666666675
36.225666666666775
31.11333333333345
28.630333333333333
7.913666666666705
37.02333333333342
23.265000000000114
19.33533333333332
28.59566666666678
22.24733333333343
35.668333333333386
25.532666666666753
17.82033333333345
28.51133333333348
32.7943333333334
29.54866666666674
17.831000000000007
30.482000000000117
30.208000000000094
32.365666666666776
6.584333333333365
17.904333333333454
34.59566666666683
21.567000000000085
29.155000000000086
3.1546666666666896
-4.01499999999997
32.971000000000075
32.51266666666675
12.231333333333367
22.745333333333427
6.794000000000033
3.1713333333333678
20.95666666666681
22.201000000000047
-3.063333333333329
-1.9189999999999783
32.87433333333343
33.37566666666672
32.17300000000017
30.78933333333342
34.78200000000002
34.18300000000003
25.801666666666748
-5.228333333333321
3.8510000000000453
29.61866666666682
23.905333333333353
-2.1449999999999925
0.08700000000000263
12.668000000000058
18.56200000000017
7.326666666666675
24.791666666666668
-1.3406666666666716
27.252666666666755
33.7053333333335
30.51633333333342
-5.122999999999998
25.69266666666676
18.620000000000086
-2.128999999999996
32.435000000000066
25.22233333333347
25.89700000000012
27.04100000000018
-1.3066666666666575
23.74000000000012
8.824
24.17866666666673
28.133333333333415
27.66666666666671
18.40466666666676
28.3113333333334
22.494333333333415
24.686333333333423
25.42533333333341
3.9790000000000267
31.78400000000012
34.065666666666765
8.027000000000019
30.133000000000102
32.974000000000196
35.58833333333341
13.861000000000034
33.472666666666825
33.73333333333333
21.793000000000106
-4.860666666666605
31.03633333333341
13.865333333333439
23.358000000000096
17.18400000000009
32.276333333333405
2.902666666666766
19.540000000000067
11.170000000000057
2.0760000000000884
32.13866666666668
20.558666666666692
4.06033333333339
18.141333333333435
25.40300000000004
29.593666666666753
0.43400000000001193
19.5386666666667
-1.3619999999999859
7.7340000000000355
15.829000000000097
30.358666666666775
20.505333333333468
25.387000000000118
15.161333333333399
25.153333333333435
26.380666666666727
-0.2749999999999895
20.380333333333468
-3.1676666666666633
23.891000000000105
21.49900000000004
21.07266666666677
20.058333333333408
29.196666666666797
30.818000000000048
29.477333333333362
27.24166666666674
26.278333333333343
13.742666666666763
31.081333333333426
28.469000000000054
27.02633333333343
25.879000000000108
20.900333333333457
8.740666666666721
16.029333333333344
33.818000000000055
21.073666666666764
13.818999999999997
3.546666666666721
19.711666666666726
1.898666666666684
18.630333333333418
7.055666666666756
7.1176666666667145
4.170000000000082
21.73433333333341
-0.17133333333332135
-8.765666666666649
11.00400000000005
-0.9419999999999973
19.535000000000025
12.755666666666674
25.33100000000016
23.36166666666672
29.190666666666765
7.388666666666692
0.7793333333333652
16.90033333333337
8.029333333333343
0.6593333333333506
-9.525666666666606
21.88933333333339
11.059333333333356
21.091333333333335
7.896000000000058
28.42266666666686
25.702666666666723
29.778000000000063
21.3293333333334
15.197333333333408
11.818333333333388
17.943666666666726
6.899000000000013
31.899000000000143
2.5343333333333593
25.75333333333344
14.422666666666723
21.05566666666673
6.8656666666667165
32.32033333333339
14.792666666666717
-1.4123333333333161
23.28400000000005
24.064333333333472
-7.036999999999971
-4.890666666666644
22.155333333333452
18.014666666666717
19.936000000000107
17.186666666666763
18.94033333333346
10.03733333333338
34.41266666666681
32.24133333333348
16.3503333333334
23.814333333333447
39.37100000000009
31.82966666666681
9.50066666666666
-0.3536666666666577
4.71166666666668
-0.27833333333331844
10.207333333333342
31.323666666666824
0.503000000000009
-6.082999999999987
21.00366666666668
6.1610000000000404
2.420000000000024
31.68966666666676
10.891333333333373
37.93700000000015
26.028333333333507
-2.978999999999985
19.255333333333382
20.194000000000024
29.966333333333363
7.514333333333386
32.12166666666671
24.519333333333428
1.6710000000000158
31.444000000000166
27.76433333333348
4.038333333333365
-1.4993333333333252
33.62966666666671
36.91266666666672
16.805666666666763
0.662333333333355
36.724000000000046
8.465333333333342
22.509666666666654
-3.166666666666659
0.6650000000000171
22.61333333333343
18.80033333333343
17.565666666666715
7.894000000000004
17.312999999999988
35.49633333333349
35.322333333333454
26.44866666666682
10.349000000000013
36.3940000000001
17.334000000000128
15.800333333333459
21.70666666666674
17.477666666666696
-5.303999999999986
30.946666666666797
12.989333333333363
28.22233333333343
7.877000000000027
21.92533333333338
22.34233333333345
14.309333333333395
25.719333333333495
25.809000000000076
25.400333333333485
28.575000000000166
15.315000000000072
-1.1166666666666585
21.23833333333349
0.16100000000002446
4.113666666666703
22.661000000000072
23.176000000000062
23.43166666666675
21.274333333333374
18.36933333333339
10.168666666666725
20.52000000000004
33.81599999999996
18.888333333333428
26.268000000000118
5.4660000000000215
12.025666666666705
7.39433333333333
25.946333333333374
22.10333333333347
4.0386666666666855
30.203333333333454
13.095000000000065
27.302333333333383
33.84000000000011
-5.991999999999968
2.240333333333352
6.138333333333342
21.744000000000092
20.741333333333518
10.059333333333354
0.06533333333333902
16.126666666666676
18.255666666666666
27.841000000000108
5.500333333333353
22.97533333333337
26.709666666666845
29.53266666666669
33.910000000000075
25.5250000000001
28.110666666666788
24.84566666666675
-0.992333333333331
16.15266666666672
22.99700000000009
31.178000000000033
-2.0343333333333184
4.996333333333324
28.835000000000058
8.350666666666733
23.99433333333342
17.185333333333404
-2.7443333333333255
33.141000000000155
20.72066666666683
26.404666666666778
19.73566666666675
10.781333333333405
-1.178666666666659
36.61666666666669
11.955666666666723
13.096333333333407
35.63100000000014
32.52966666666683
14.050333333333377
21.406000000000173
21.598333333333468
16.435000000000084
24.542000000000165
-2.3703333333333036
36.91866666666682
19.744000000000003
-0.2696666666666424
31.618333333333453
26.887333333333462
32.18066666666674
17.982333333333326
29.36000000000002
27.584000000000085
30.771333333333374
9.484333333333355
3.5303333333333606
28.886000000000127
29.582333333333413
18.232000000000024
4.234333333333344
3.9070000000000134
2.4606666666666897
29.91666666666668
24.07266666666673
13.257666666666724
17.522333333333446
18.920000000000098
11.044666666666723
11.576000000000024
14.048666666666689
30.83566666666684
21.942666666666803
6.967666666666702
16.742333333333427
23.47666666666675
37.494000000000206
5.085333333333346
0.572666666666714
18.904666666666692
-1.5426666666666629
24.61266666666675
30.84100000000009
32.10633333333338
24.78366666666672
27.290333333333482
29.87466666666671
26.282333333333398
38.735333333333365
17.175666666666654
4.458000000000039
35.05033333333348
8.729000000000042
24.290666666666787
27.054333333333457
20.69966666666678
28.758333333333436
16.665333333333326
29.402666666666796
9.677666666666683
13.4646666666667
28.586333333333418
29.417666666666836
20.466000000000097
27.26500000000007
24.58666666666674
19.816000000000095
34.81533333333345
31.971000000000068
25.920666666666786
11.619333333333332
9.068000000000007
19.95166666666676
27.545333333333378
2.7510000000000288
14.386666666666724
23.42933333333341
10.261666666666706
28.6460000000001
26.411333333333396
20.07066666666674
-3.634999999999992
22.470000000000027
5.834000000000016
13.184000000000005
6.63300000000004
13.05600000000004
22.61366666666674
29.443000000000094
12.523333333333404
28.65633333333327
22.322333333333432
13.284333333333361
22.06733333333348
26.278333333333467
15.426666666666708
25.984000000000044
12.986333333333405
28.622000000000074
-1.6819999999999897
23.807333333333315
32.753666666666774
25.800666666666757
13.839666666666762
22.699000000000037
23.551333333333403
5.764333333333392
30.347666666666758
3.931000000000094
15.40966666666668
23.683666666666742
32.0723333333334
27.30400000000019
23.365333333333457
20.1076666666667
20.75733333333345
13.76600000000006
14.222666666666768
6.309333333333388
4.85100000000006
23.64166666666678
3.615000000000043
26.886666666666756
-2.503333333333333
23.57933333333344
18.23033333333342
8.940000000000037
13.538000000000084
21.012666666666757
15.18666666666672
30.174666666666813
-2.7563333333333278
26.273666666666763
-6.591999999999914
26.558666666666845
17.298000000000066
28.482333333333422
28.577000000000034
10.83133333333333
8.747333333333392
22.328666666666713
-3.9409999999999923
20.690000000000055
17.95933333333342
35.31400000000007
11.428666666666711
8.284000000000036
7.4183333333333366
24.018000000000125
30.310000000000084
27.95000000000007
33.417999999999914
12.589666666666709
30.90166666666679
13.438000000000066
25.21366666666677
32.36966666666673
22.015000000000093
26.632666666666804
33.70833333333348
-2.0686666666666627
8.878333333333387
18.05300000000012
26.66266666666673
28.647666666666645
31.038333333333355
33.52600000000008
34.368333333333325
-3.8616666666666637
25.885000000000087
4.736666666666698
7.242000000000031
29.122333333333465
19.19300000000001
35.43333333333343
13.269333333333375
26.283333333333413
0.7293333333333407
11.50400000000001
3.888000000000023
11.536333333333413
25.707000000000097
7.714000000000032
24.54233333333333
7.517333333333346
13.707666666666672
19.88833333333334
33.708000000000034
1.4116666666666742
28.259666666666746
20.93766666666673
11.17633333333338
19.58033333333343
30.465333333333437
6.567666666666722
8.677333333333362
39.972666666666896
-2.2283333333333357
13.216
31.200333333333447
32.46600000000017
38.52266666666665
24.680666666666795
30.693333333333396
30.198333333333313
15.165666666666795
27.878000000000107
24.118333333333386
31.663000000000096
-0.7856666666666579
20.049666666666695
23.437000000000044
23.55100000000012
28.299333333333497
31.818333333333555
29.818666666666722
37.25966666666674
36.9300000000001
33.93300000000003
37.01333333333357
36.39500000000001
35.34033333333346
29.98300000000005
37.721000000000124
18.483000000000033
15.16366666666666
35.391000000000155
33.6943333333334
35.200000000000074
29.104333333333404
24.495333333333374
7.3140000000000285
13.337333333333369
32.63766666666682
12.236333333333308
31.347333333333395
34.902333333333424
17.19933333333342
29.072000000000074
28.17400000000013
7.422000000000038
32.87066666666676
4.483666666666678
-2.9713333333333343
33.24200000000015
26.168333333333376
3.0690000000000515
12.423000000000021
30.39400000000006
22.293000000000088
29.066333333333418
39.059999999999924
13.352333333333329
6.04600000000002
13.928333333333331
-2.4773333333333225
18.545000000000073
30.76466666666672
35.490000000000165
33.014333333333376
4.068000000000014
9.406333333333356
34.566666666666706
13.184000000000013
13.345333333333336
17.86500000000005
28.58366666666668
37.24366666666675
28.323666666666774
30.899333333333402
30.453333333333415
30.230333333333576
27.08433333333347
10.223000000000033
-6.203666666666663
18.988000000000113
20.940666666666804
19.44500000000012
19.781333333333396
-1.9479999999999957
22.533666666666733
32.78566666666678
27.880666666666762
36.1443333333334
25.609333333333392
17.346666666666735
17.752000000000056
25.25733333333337
2.219333333333378
35.21966666666687
30.52633333333348
37.643666666666654
26.5506666666668
21.641333333333378
30.199000000000105
32.432000000000095
30.441666666666727
-1.8093333333333268
1.8413333333333473
31.642333333333468
27.030000000000147
26.913666666666774
29.39366666666684
33.23766666666675
-1.5249999999999937
25.565333333333427
37.466333333333395
-33.122333333333266
21.51400000000015
27.233666666666696
33.3316666666668
37.03666666666665
38.541666666666806
37.89500000000009
28.711666666666748
33.30166666666668
4.110666666666699
17.468666666666792
35.63666666666677
32.86566666666679
9.637000000000105
24.851666666666826
21.34500000000008
11.03500000000002
16.00000000000004
26.929333333333343
2.2006666666666956
28.323666666666682
22.429333333333435
26.63766666666672
33.00366666666678
3.10200000000005
11.721666666666705
29.18100000000012
-0.8709999999999988
7.110666666666688
8.285000000000053
21.534000000000102
30.98800000000008
32.2160000000002
33.92000000000014
26.83833333333339
30.379333333333488
31.838333333333402
3.512333333333345
31.479666666666688
23.632333333333424
29.220666666666695
-1.3716666666666621
35.86400000000009
29.816333333333485
34.246333333333425
32.14100000000016
-0.3239999999999865
25.613000000000152
0.6763333333333432
31.58566666666669
32.391000000000076
27.87366666666677
13.168333333333376
36.826999999999956
29.0326666666668
25.41900000000012
11.480666666666766
6.357666666666669
12.998000000000008
30.90100000000013
0.25833333333334796
27.168000000000077
16.075666666666763
33.81166666666662
4.215666666666698
23.73166666666663
23.73266666666679
26.227000000000107
30.671333333333475
19.33000000000017
31.828999999999958
10.609000000000064
36.34133333333337
10.364000000000024
22.236000000000022
25.798333333333495
8.905000000000022
34.482000000000184
24.334666666666774
25.914333333333428
36.56966666666667
27.837666666666802
37.07833333333334
29.307000000000013
6.099000000000062
8.998666666666706
2.4343333333333663
-1.081999999999993
30.16133333333346
25.938666666666705
0.24666666666667836
28.968666666666778
25.84433333333341
26.246666666666762
18.991666666666685
27.574000000000115
0.007000000000038087
-3.081666666666668
20.39066666666671
20.217000000000073
23.525666666666755
25.37400000000009
21.409000000000038
17.942666666666767
11.265666666666728
28.13100000000002
23.606666666666744
-0.6846666666666592
24.949666666666854
10.652000000000047
10.63233333333344
31.637000000000178
23.58366666666676
28.167333333333417
20.84666666666674
21.39433333333339
23.35933333333342
12.288333333333371
33.93200000000016
31.650000000000155
26.86466666666679
28.388666666666758
26.97366666666678
18.89466666666671
18.491000000000103
11.290333333333425
19.068666666666715
5.47133333333339
23.691000000000145
11.711000000000091
19.8346666666667
6.744666666666682
16.968000000000018
9.397666666666707
27.84033333333339
32.55533333333345
35.2086666666667
24.494000000000124
27.7426666666667
16.48000000000002
25.94500000000006
1.451666666666683
23.268333333333448
8.622333333333376
17.391666666666726
-3.1403333333333325
12.504000000000028
26.762333333333352
28.271666666666757
37.98800000000011
-7.673999999999975
25.061666666666746
6.273333333333352
25.023666666666735
17.59966666666672
-5.1066666666666505
22.806666666666807
14.876000000000174
30.747333333333394
28.714666666666723
27.811666666666763
21.157333333333362
25.47400000000005
5.583333333333358
30.475666666666694
24.21966666666674
35.34333333333355
19.03066666666668
26.602333333333455
23.29300000000008
28.701000000000114
25.46966666666677
1.5260000000000398
26.77300000000002
25.859000000000073
30.45133333333347
16.69266666666672
7.84833333333337
20.40966666666674
22.340000000000057
27.041333333333405
33.19833333333341
13.897000000000027
11.771333333333391
28.77500000000016
19.540333333333407
24.989333333333427
25.239000000000097
16.015000000000004
33.418000000000035
33.07033333333349
3.879333333333359
19.529000000000078
21.937000000000022
30.538333333333426
32.35266666666678
27.637666666666775
25.67533333333337
31.95033333333336
31.193000000000048
27.07533333333347
28.70933333333349
33.64566666666666
30.616000000000074
19.55933333333344
29.94033333333348
19.08233333333338
31.127000000000116
-1.8386666666666516
22.438666666666784
38.16766666666663
37.02766666666665
25.530000000000097
32.2580000000001
1.0546666666666802
23.95066666666671
29.6310000000002
27.35933333333343
9.31366666666673
12.161666666666726
27.109666666666794
33.30033333333335
33.94033333333339
25.44000000000013
23.18666666666677
21.204000000000093
29.119666666666753
30.849333333333476
21.475666666666758
29.472333333333513
10.644000000000005
21.990333333333446
26.57666666666675
33.581333333333234
20.906000000000123
20.537333333333358
35.591333333333424
34.272333333333314
30.9770000000001
32.94633333333343
26.88666666666681
35.616333333333436
27.824333333333467
24.536666666666804
16.393666666666768
-0.6943333333333234
19.615000000000123
34.86366666666663
34.62333333333324
30.43933333333351
33.89200000000002
-6.620999999999995
-3.649666666666667
-1.4476666666666553
38.98900000000016
14.616666666666758
33.129666666666836
35.07400000000021
23.035000000000075
17.600000000000065
7.272000000000029
29.632333333333538
27.701666666666775
17.71333333333337
36.159999999999975
32.00866666666668
23.712666666666646
18.519666666666772
3.545000000000017
23.943000000000087
30.15633333333342
29.862666666666843
8.40700000000002
15.409333333333375
36.108333333333455
32.93066666666673
11.612666666666716
30.223333333333425
2.9476666666666866
34.63233333333328
1.0300000000000082
38.06866666666672
29.887333333333537
23.420666666666712
31.189000000000142
22.523333333333447
25.35300000000018
6.78233333333338
22.421000000000113
22.741000000000085
19.699999999999996
28.444666666666706
36.43066666666674
28.95066666666672
30.36533333333358
13.647666666666838
33.23566666666676
25.562666666666814
28.01633333333349
33.55533333333343
23.57033333333339
29.861333333333263
22.521666666666704
4.784333333333354
32.38133333333348
33.684000000000225
29.788333333333366
31.537666666666794
33.099666666666856
30.430000000000064
-0.520333333333328
-2.924999999999998
-1.2109999999999963
9.104000000000067
17.336333333333418
36.67166666666677
28.080666666666694
15.750666666666689
32.814666666666746
7.181000000000084
23.965333333333405
8.097000000000044
32.52100000000005
14.27066666666675
28.40533333333345
41.78400000000008
16.405333333333378
4.08000000000002
37.17266666666679
26.365666666666815
30.98966666666674
31.25466666666678
18.592666666666727
-3.8823333333333285
18.632
26.54633333333346
23.018666666666796
31.688333333333375
29.581000000000127
-0.6909999999999757
28.943000000000087
34.34166666666678
0.006333333333350399
24.89300000000011
21.81533333333347
30.79800000000007
21.028666666666695
35.0083333333335
33.63400000000008
24.24266666666669
-0.9479999999999923
28.202000000000087
23.377666666666727
4.572333333333352
28.877000000000177
17.66566666666669
21.39866666666686
28.200666666666784
30.483333333333487
20.035666666666774
27.6753333333335
31.7083333333335
5.510333333333375
34.846000000000146
11.71166666666674
16.81200000000004
17.986666666666682
20.009333333333434
0.6036666666666739
0.3110000000000108
25.682000000000073
28.167666666666793
7.37166666666668
2.696666666666677
30.2210000000001
36.6233333333334
18.414666666666765
23.251666666666743
29.727333333333462
7.524000000000052
16.04600000000005
38.994333333333415
5.47566666666669
34.1706666666668
19.145333333333436
27.82200000000008
4.378333333333347
18.95299999999999
33.23800000000011
25.843666666666792
28.502666666666727
25.89633333333352
19.55966666666674
23.333666666666783
26.354000000000195
23.617333333333384
17.396333333333338
32.19633333333336
26.96999999999998
18.49300000000009
26.86133333333328
-2.8603333333333354
32.07833333333349
31.81566666666673
29.74633333333342
17.90633333333342
11.441000000000052
-0.9659999999999913
9.16000000000003
26.554333333333446
24.601000000000116
26.41400000000015
23.878333333333334
25.546333333333415
17.53500000000002
15.929000000000034
34.905
26.865666666666826
27.37400000000009
12.421333333333363
23.610000000000056
4.324333333333355
22.68933333333338
21.917666666666733
22.312000000000115
10.099666666666703
24.321333333333545
22.45666666666678
32.608000000000125
13.122333333333367
28.045000000000122
33.22266666666682
29.778666666666826
27.49633333333346
2.1646666666667014
25.25366666666684
24.84966666666674
34.510000000000126
38.336333333333506
34.51766666666684
12.404333333333385
23.011333333333422
25.628333333333394
33.36500000000008
25.228333333333435
35.38566666666663
19.691000000000077
35.52333333333338
-2.1283333333333365
25.669666666666714
1.4840000000000164
36.40866666666683
30.418666666666688
14.685333333333409
24.69833333333342
22.99866666666673
33.382666666666864
29.88333333333343
30.147000000000038
32.48633333333351
34.95433333333339
37.564999999999934
24.450000000000067
37.111666666666586
34.63500000000014
4.7480000000000215
32.81366666666677
30.246666666666762
27.440666666666786
32.4846666666668
29.69100000000018
30.376333333333537
36.31833333333343
29.331666666666734
26.140000000000104
34.505666666666755
3.248333333333364
36.0670000000001
35.321000000000005
30.62700000000001
25.636666666666727
12.535666666666675
9.087000000000028
25.78933333333348
32.07900000000009
29.89200000000013
15.760333333333357
31.54933333333338
20.941666666666777
-1.2009999999999517
21.11000000000009
23.90700000000012
9.262000000000045
15.311000000000103
32.06333333333346
11.36566666666669
33.72866666666684
35.06500000000001
20.77200000000009
17.852333333333384
30.46833333333344
12.834666666666765
24.918666666666788
16.521000000000083
32.44766666666682
28.243333333333386
24.332333333333526
-1.7963333333333167
30.262666666666764
33.339000000000055
7.549333333333335
12.43000000000002
26.591666666666796
26.766000000000144
16.65933333333344
12.887666666666714
-0.5913333333333253
23.582333333333395
30.715999999999955
33.2213333333334
-3.417999999999908
32.67733333333332
30.96766666666676
14.929000000000048
9.653666666666707
22.82533333333343
26.560000000000116
18.645000000000042
12.713000000000017
31.499666666666734
11.652333333333369
27.31533333333343
28.038333333333508
4.923000000000013
21.845333333333503
30.416000000000146
-2.6910000000000025
17.2110000000001
0.6436666666666857
24.184333333333413
-1.6496666666666715
21.669666666666732
13.51033333333339
18.849333333333387
21.626666666666743
31.81966666666675
20.568666666666804
22.921666666666784
18.92400000000007
24.102666666666757
30.578333333333315
30.252666666666702
33.086333333333435
18.322000000000113
36.26500000000003
7.736333333333427
22.5420000000001
31.42733333333333
28.80600000000012
30.101666666666794
22.651666666666667
33.45166666666671
25.727666666666895
26.987000000000148
3.3840000000000243
29.775333333333386
2.4513333333333556
35.62899999999992
29.158000000000115
29.77166666666673
27.654333333333458
30.242000000000118
21.682666666666766
22.574666666666644
24.312666666666825
23.267666666666802
18.855666666666806
12.45999999999998
18.20600000000004
15.57966666666664
28.23966666666687
30.415000000000116
30.12366666666672
22.737666666666726
12.993666666666707
33.505999999999986
35.19133333333333
-1.0316666666666445
16.412000000000106
19.0913333333335
11.037000000000054
26.453333333333518
23.469666666666654
1.5686666666666764
21.79433333333338
30.700666666666727
27.95233333333341
19.169000000000153
19.108000000000004
24.553666666666693
23.86366666666681
24.650333333333435
-2.8569999999999958
21.646666666666682
-0.14599999999999036
-0.06799999999998763
26.885999999999974
20.52266666666685
2.176000000000011
25.159666666666723
7.29633333333337
38.178000000000175
3.1840000000000144
29.97033333333339
23.373000000000086
-5.767333333333303
34.209666666666756
18.68566666666673
24.740333333333446
22.071000000000062
29.00433333333348
21.38933333333334
19.252000000000084
29.65766666666664
8.71966666666669
21.11766666666674
27.062333333333388
26.68766666666682
27.00800000000015
33.68200000000012
6.1853333333333556
17.33866666666676
30.94700000000013
17.08466666666679
0.25033333333334506
26.200333333333422
21.023333333333365
27.129666666666758
16.87933333333337
22.496666666666734
29.71600000000011
6.735666666666697
21.469000000000136
35.734666666666655
25.440999999999992
20.515000000000054
27.871666666666762
33.808666666666646
26.35400000000014
24.38066666666677
36.47100000000013
27.81433333333343
-0.28399999999997094
10.662333333333345
28.23966666666671
13.582000000000038
1.9420000000000046
32.72333333333356
36.73666666666677
16.6670000000001
31.04166666666673
28.834333333333444
32.741000000000106
24.42566666666673
3.2086666666667094
39.10066666666683
15.826666666666771
35.1606666666668
26.439333333333337
30.904333333333362
30.59600000000001
17.71800000000002
40.514333333333425
26.529666666666785
30.671333333333425
5.561333333333385
9.808666666666682
31.18566666666677
27.919666666666817
19.895333333333415
7.620000000000076
13.39533333333342
3.8543333333333347
22.3193333333334
30.095333333333407
24.573000000000118
28.447
38.217666666666844
10.747000000000043
20.87800000000012
10.484666666666689
24.319666666666745
35.86066666666681
30.43066666666679
29.987000000000076
31.20166666666679
13.288000000000093
35.41266666666672
21.14266666666675
30.16033333333346
32.817666666666724
24.228000000000023
24.3563333333335
31.087333333333326
30.941666666666674
29.61633333333341
3.9586666666666996
34.205
6.289666666666686
30.87333333333346
14.465666666666728
2.823666666666669
26.685333333333265
31.075333333333383
28.423666666666833
23.09633333333344
21.66400000000017
20.198000000000025
28.554333333333318
14.214333333333359
22.7286666666668
30.54833333333343
16.740666666666765
23.793666666666727
38.024000000000036
32.66633333333328
24.156666666666762
32.05900000000011
26.29766666666675
29.06866666666677
37.345000000000105
27.134666666666703
20.634000000000025
22.868333333333428
22.143000000000043
32.34633333333333
23.80166666666669
26.93500000000014
10.218333333333382
36.0766666666667
27.256333333333416
29.989333333333374
19.213000000000118
21.823666666666746
31.22800000000005
10.293000000000049
19.540666666666844
12.634666666666734
6.892000000000078
33.87433333333344
9.611333333333382
23.01266666666678
17.25433333333338
35.813333333333404
34.41633333333342
34.71166666666659
38.34800000000018
26.725666666666807
10.870000000000019
24.194000000000038
33.339333333333364
28.89166666666687
12.126000000000044
30.43766666666684
30.262666666666764
17.25466666666679
1.898333333333344
29.351333333333375
5.541333333333394
2.2750000000000146
23.970000000000148
28.287666666666723
-2.24966666666667
29.265666666666828
38.74133333333352
21.691666666666706
-6.795666666666663
27.023000000000145
38.06566666666675
25.893666666666704
29.485666666666724
25.86000000000009
25.368333333333474
26.56300000000006
36.806333333333384
35.15866666666677
26.395666666666802
29.405666666666868
27.749333333333357
19.08333333333336
-1.060333333333331
29.980333333333405
13.086333333333382
28.142000000000134
22.404666666666778
23.476000000000184
31.0103333333334
24.66866666666673
26.925000000000043
27.0986666666667
34.879333333333385
30.384333333333345
22.423333333333424
25.351000000000038
19.43033333333338
24.38033333333345
24.773666666666834
22.07833333333335
12.87900000000003
32.86566666666682
33.35899999999991
27.77600000000008
25.349999999999984
24.989666666666782
33.80700000000007
20.495666666666732
34.94366666666675
31.20466666666671
33.720000000000034
27.64900000000018
32.82000000000007
23.049666666666752
28.205666666666776
28.847000000000136
21.635333333333342
37.161000000000094
15.467333333333404
2.2923333333333553
25.239333333333462
29.463666666666665
30.20500000000011
2.484000000000025
31.193333333333413
35.633333333333326
24.975333333333484
13.44433333333343
31.749666666666634
22.395000000000014
32.57200000000009
1.6106666666666807
5.637000000000029
28.153000000000095
15.708000000000027
27.541666666666778
22.057666666666854
19.132000000000062
23.417666666666804
26.817333333333377
25.539333333333385
-3.4653333333333287
23.634333333333466
32.11500000000012
15.008000000000123
6.505333333333385
30.39633333333348
21.360333333333468
20.078666666666727
24.427666666666763
28.79200000000011
25.466000000000133
12.602333333333375
5.7340000000000275
29.632000000000172
6.508666666666677
20.145666666666784
28.825666666666773
-0.5083333333333195
35.38666666666664
26.34233333333343
22.212666666666816
12.058000000000046
26.183666666666795
15.868666666666702
31.929000000000123
27.50033333333349
4.536333333333352
29.04133333333346
23.11666666666677
26.10366666666675
8.459333333333365
23.09366666666676
23.28000000000005
26.157000000000092
-0.5426666666666435
26.249000000000162
-4.786999999999999
12.513666666666678
1.5090000000000146
22.825666666666724
19.803000000000036
6.33366666666672
25.852666666666774
32.693666666666786
21.122666666666646
6.496000000000055
29.647000000000077
23.91800000000001
23.89133333333346
15.608000000000143
28.223000000000027
27.193333333333438
24.540333333333404
12.695000000000064
5.391000000000038
16.076666666666732
9.88933333333336
5.238666666666702
2.4876666666666956
10.123000000000028
35.24800000000021
28.987000000000105
34.80400000000012
30.230333333333384
20.287666666666784
3.331000000000043
-5.238999999999988
30.292666666666644
30.079666666666824
24.806000000000004
24.98400000000004
24.97100000000011
-0.8483333333333145
7.661333333333365
-1.7603333333333273
24.210000000000036
7.650333333333403
19.15066666666681
20.916000000000118
22.836333333333364
20.56566666666679
26.380333333333468
28.110000000000092
17.240333333333414
1.7293333333333991
12.313666666666677
2.2666666666666893
16.478000000000012
13.344333333333383
29.011333333333468
37.380666666666684
31.393666666666782
17.302333333333422
27.192666666666778
18.95133333333346
0.28266666666668416
13.44666666666672
-7.876666666666639
-6.6116666666666575
-4.442666666666634
20.81400000000006
27.127333333333407
25.10666666666677
13.995000000000024
27.986333333333402
16.819666666666702
2.4976666666666816
6.924333333333363
9.029666666666714
31.63800000000012
-2.807999999999998
34.81033333333349
3.9346666666667156
4.017666666666693
-4.636333333333332
25.04866666666682
28.7583333333334
29.205999999999936
17.30100000000012
3.162666666666712
-1.680999999999978
-1.5086666666666657
9.8606666666667
7.369333333333374
7.609000000000062
24.60833333333333
17.51300000000011
23.008666666666674
30.3046666666668
32.55933333333334
14.65700000000006
8.499666666666704
34.71566666666682
31.556999999999995
-1.5616666666666674
33.396333333333466
32.89133333333343
20.083333333333364
24.20800000000014
1.7620000000000187
32.778333333333435
34.06500000000006
33.88266666666679
23.758000000000052
20.999333333333485
3.9500000000000144
16.279000000000103
21.64233333333339
13.910666666666812
29.03366666666681
6.889333333333349
20.901000000000042
33.17866666666677
12.808666666666705
14.653000000000125
6.803666666666692
22.350666666666736
2.489666666666684
18.85066666666678
3.861000000000014
15.354333333333386
19.642333333333415
34.18566666666664
20.326666666666842
32.79500000000015
1.5133333333333518
30.177333333333358
33.259333333333394
-3.7983333333333325
9.994333333333374
2.122000000000037
32.567000000000085
19.365666666666705
11.210333333333416
27.38433333333338
22.76966666666678
19.340666666666657
13.78566666666671
38.690333333333484
-0.8933333333333304
18.191000000000102
23.982333333333408
7.187666666666674
26.453333333333436
36.529666666666685
12.234333333333424
14.308666666666776
33.89600000000013
24.466333333333363
8.694666666666699
12.895666666666777
28.163000000000128
17.352999999999998
24.106333333333346
20.01866666666676
26.278000000000063
-1.3723333333333074
22.0343333333334
23.120000000000154
29.156000000000176
9.418333333333358
25.63833333333345
18.88633333333344
-0.22666666666662705
28.04033333333343
30.10600000000019
21.00466666666679
28.806333333333423
29.636333333333447
27.39033333333339
24.531666666666762
31.80533333333343
30.47466666666678
23.50466666666677
29.875666666666763
29.59900000000009
10.324333333333405
1.5430000000000126
6.543666666666685
-1.01766666666663
18.586000000000055
7.041000000000013
32.22100000000009
16.044666666666732
24.456333333333394
14.967333333333377
30.442000000000174
21.389000000000166
35.37966666666671
36.0426666666668
23.726333333333507
22.888333333333446
30.41566666666673
30.284666666666734
25.730333333333462
26.963000000000005
27.41266666666673
33.69700000000011
33.39233333333344
21.322000000000116
21.38633333333343
22.61900000000006
25.4673333333334
21.85666666666678
17.141666666666694
36.17799999999999
32.144000000000126
11.535333333333343
22.054666666666808
9.438000000000029
9.400666666666691
27.174666666666845
28.79533333333352
23.0716666666668
26.247999999999994
11.882000000000058
23.87833333333344
24.739666666666736
14.727333333333412
19.315333333333385
25.276333333333415
27.431666666666835
37.815000000000076
21.99433333333349
28.23700000000013
17.34700000000012
28.495666666666715
9.126000000000033
1.9463333333333535
3.3576666666667148
18.597333333333374
10.784000000000132
26.642666666666706
35.774666666666555
4.208000000000016
-0.7336666666666589
30.776666666666785
27.153666666666755
32.40366666666667
22.27566666666675
0.7610000000000212
18.243000000000052
19.51433333333339
33.164333333333424
14.429000000000055
-3.4679999999999973
30.716333333333395
20.545333333333517
14.92200000000006
24.0373333333334
0.09400000000001452
8.977666666666687
28.393333333333434
22.052000000000007
31.829333333333437
14.987666666666742
12.934333333333417
3.9220000000001214
27.041333333333462
29.507000000000108
-1.3746666666666574
27.717666666666712
15.844333333333367
25.119666666666706
22.040000000000045
-8.880666666666666
12.795333333333401
21.565000000000083
-5.6613333333333085
14.130000000000045
15.735666666666756
-0.4589999999999872
-1.6679999999999926
26.882333333333417
28.758000000000152
20.98166666666674
7.851333333333347
29.381333333333423
5.106000000000018
10.128000000000009
20.116333333333404
23.2270000000001
23.76400000000001
20.691000000000038
13.540666666666644
6.367000000000026
19.3386666666668
33.07600000000007
15.456000000000039
21.360000000000102
24.241000000000067
0.648000000000009
24.973333333333358
1.3043333333333464
6.19033333333334
-0.8446666666666567
23.140666666666753
21.973333333333393
21.050666666666764
27.955333333333424
25.422666666666736
13.989000000000042
30.04500000000011
7.681666666666761
19.179666666666797
12.133000000000058
3.5986666666666967
20.289333333333502
14.380000000000049
17.658333333333385
18.454666666666757
23.970333333333407
1.2566666666667836
18.899666666666732
8.298666666666698
3.8350000000000586
31.85866666666672
22.82900000000002
3.832333333333356
20.570333333333405
21.40633333333349
29.644000000000084
-2.022666666666639
26.719000000000133
24.778000000000016
11.949
6.240333333333308
23.101666666666805
29.506666666666888
17.526333333333348
21.72166666666682
0.5473333333333521
-0.7629999999999175
32.88033333333346
19.995333333333445
31.483333333333448
20.792333333333374
31.88866666666683
30.72000000000008
25.346666666666778
34.13666666666682
31.49666666666674
34.409000000000006
1.2893333333333605
8.56800000000004
0.5326666666666773
31.793666666666823
22.31866666666675
36.560000000000166
25.191666666666784
31.776000000000124
18.54833333333336
-0.8443333333333274
2.758333333333372
-2.1413333333332796
1.1726666666666676
-2.744333333333307
27.771000000000083
26.09266666666679
-1.3593333333333364
0.5373333333334145
25.233333333333405
29.174000000000056
31.32466666666668
20.513333333333318
5.698666666666683
1.852000000000023
