0
150100
144700
31900
61800
140500
7400
35200
46600
14000
42600
30200
144700
26100
63200
3700
36100
141400
143200
9100
79900
33000
24900
102700
61700
30400
145300
142300
9500
155000
15600
21600
49000
64100
146200
74500
58300
67600
146800
146800
14000
147800
79600
10500
49200
142700
20600
122900
30800
139700
67400
150500
30500
139800
151700
146400
28400
85100
61800
150900
137000
28000
82500
11400
145800
40400
154000
115600
137500
62900
87000
143200
143900
145400
149800
16400
144900
135100
15700
145900
48700
21900
59500
52000
145300
78100
141500
70400
92000
144800
147100
145700
85700
110500
114500
140400
141500
50800
127600
66300
150900
148100
88800
139000
27200
59300
149100
145900
24900
152800
142300
65100
50200
150100
140600
21000
87400
142400
143800
57900
45200
137100
101400
144600
103600
146700
146900
149100
103400
9800
104200
54200
51300
124300
146600
15000
111800
122100
9000
131900
149200
154400
102500
121500
148900
77300
144200
149500
133300
69800
111400
91500
145500
149100
96300
148000
78100
144900
15300
43800
142500
146700
151400
147000
141900
143800
17000
83000
140700
144400
31300
153000
140000
145100
145000
149000
50000
69600
70500
158600
115400
45700
148400
122300
141600
14600
146600
49100
142000
145500
51900
147500
121600
102500
145500
149700
143800
49900
87200
141500
57900
73900
146700
141500
20100
138400
65000
143300
76800
147100
148600
81600
151500
60900
105700
143900
37600
76400
36400
66600
12100
94500
26200
142200
142300
66900
102700
10500
136300
145300
115300
145900
44300
144500
55500
22600
50000
125900
152900
48300
152000
104300
152500
78700
59200
145000
117400
132800
146900
31500
144100
144800
142900
142000
145200
64900
43000
140600
141000
149200
148500
64900
145400
90300
23400
145900
144600
150100
9300
147300
146200
27200
46900
92000
145000
106200
38400
152500
144100
24200
139900
147000
117400
153200
146100
84100
143200
145100
33500
31000
76600
86600
143100
131600
140800
138700
30600
56100
143100
146400
90100
145500
57600
92800
142700
143900
12900
146400
144600
142600
142500
12200
143100
147500
64000
139400
145100
142200
30200
142400
142500
150000
143300
64600
142300
70100
146600
140200
144600
18100
127300
147400
147400
144100
148200
142400
59200
18400
142000
120300
142700
147300
158700
148800
4800
142500
144600
62800
146300
141400
73300
146700
144600
81700
16000
127500
146500
144900
34100
51500
83300
142800
149700
72400
142000
58900
140200
144000
153400
144300
144300
145500
142600
91500
65700
142800
146000
65000
129400
148400
43600
146100
147100
143800
150600
143200
42100
139600
145200
43100
142100
144300
19700
145200
143100
147000
144900
151400
144300
147300
150000
20100
142100
47400
143100
145000
148800
145500
140200
48600
145100
72200
143200
18800
146700
145300
136800
109000
43300
143400
150200
126500
20200
146500
145000
124400
144500
79600
101300
145900
144400
146400
136400
141900
131600
146000
144400
77500
147400
142400
142400
100600
66500
45200
144300
148000
62100
146400
62100
141800
140500
150900
143200
149100
150000
142900
139600
141200
144500
142900
76100
104700
148700
80900
143800
145900
62400
146700
147500
25500
148200
98700
33200
143000
80200
142800
80800
145000
20400
21400
142100
122100
83300
156700
145300
145700
145000
142100
147300
146300
141900
151600
23500
150300
40900
139300
153300
144300
150800
17600
146500
148100
143200
132200
139800
9400
44700
140200
90300
78900
14900
45400
42800
89900
140400
22600
146100
44500
37800
77100
27700
111700
141100
53500
92600
147700
79300
60400
118100
139100
96000
51700
107500
25800
35400
151400
62800
143300
137900
35300
139900
140400
137300
49400
71000
12000
140100
141600
23400
142900
86000
78700
138600
147500
137900
140200
113200
28400
140500
142300
141800
125300
139600
116800
142200
26200
141200
45500
52200
147500
142100
62900
143200
142900
26300
144400
97400
94200
79500
68200
14800
123100
139200
144300
50900
118000
116000
139100
147100
62500
48100
34900
142800
149900
74200
150200
144600
147900
139200
118500
148700
152800
140100
140700
141400
147700
147800
142900
101800
17100
140600
113400
146800
141100
144600
143300
141800
41100
37900
148600
137600
13000
32800
143600
113300
146600
142800
59600
89000
142100
137600
147700
83900
142800
97000
56800
144900
130600
26500
140900
61700
144500
10300
95000
74800
142600
92700
81800
62600
144600
68100
140700
146000
28600
145000
101300
13800
36100
143000
30900
138400
72900
139600
6900
154000
101300
69800
146200
114200
19400
139500
27300
139700
143300
149700
145400
139600
142600
143300
145400
142100
141200
143400
145900
142400
141800
143900
145200
140000
145900
147400
148400
107700
144600
140700
139300
157100
22700
141600
147900
148300
142300
139600
10700
143000
143000
138500
50300
73800
147800
17800
142700
73600
124900
19800
147500
152400
146500
145400
143900
145000
143800
142100
70200
151000
140400
94800
9700
144300
146200
20400
73500
150900
86700
141200
96600
143000
52400
113100
139100
148600
136700
112900
96400
147500
23100
123200
142000
150400
146600
146400
140000
145300
39300
144800
149200
6100
24500
146000
143100
141000
102800
42400
155000
71600
146600
141500
22400
143300
144900
141800
32100
147100
138900
12400
147000
141500
142100
145600
104300
153800
41000
84700
17100
49700
18600
133700
129000
135800
139900
140400
142800
141900
55500
144000
28500
140600
14600
50700
149900
150700
100400
142700
145800
144100
149000
110500
43100
27600
68800
144200
145800
142100
138100
75800
61400
72900
46400
25600
143500
150000
142400
149300
46100
152600
142900
149600
137200
146000
154200
140100
150200
21000
143100
145100
143100
146400
140900
141500
143200
147100
68900
145900
143100
141400
147200
146500
156700
145700
142900
142000
142900
141500
90000
144600
155400
149600
46000
148600
142700
143400
148500
36500
84000
141900
144200
77500
155800
37800
68500
144500
132000
32600
42000
150700
146000
142800
141400
142200
143400
141200
38300
84300
149300
150100
20100
30900
88500
146400
51800
124100
24400
144200
154300
146500
21900
124400
137700
23400
146100
138400
144300
148800
32200
138600
69600
140300
139900
143600
131300
151600
147100
141100
138100
32400
147300
143300
45900
145500
146400
145300
79500
139400
137800
141600
96400
145300
144700
143100
146700
137200
137900
146100
146700
140400
135200
140600
140200
123100
137700
140300
18600
87500
27900
96900
140100
144500
144400
143100
131200
143800
138500
19200
140800
20200
146700
145500
142100
140800
142100
144300
141100
140900
148300
143300
144100
138000
145000
142500
141700
65300
82000
147000
143900
111000
79400
143900
23900
115600
143900
126800
102300
143200
25700
51100
76500
17700
145200
86600
144300
145100
142100
87500
36400
144400
58900
33100
139900
117400
63100
140200
142200
141200
141800
142500
142600
137200
88900
144500
41700
144000
46600
131500
143300
142700
82400
140500
139700
35600
139200
141700
71100
53800
142900
138200
99600
141500
94300
91000
139100
141400
141100
144700
139800
137000
54200
16000
53300
17300
54100
145100
18600
31500
145100
69900
32100
143600
73300
146700
143800
25800
104800
143100
141100
121300
142100
142000
27900
142200
148900
32800
13700
144500
145400
145100
51100
139200
91300
142100
20500
30300
144700
97600
143300
103500
97800
142600
147700
147800
50700
143400
147300
137500
95000
146900
48300
144500
64900
147400
69900
108400
141700
146800
143200
142500
147700
141000
88500
18400
144400
43500
71000
140700
142800
150500
148300
140800
141800
143400
142200
118300
141300
145200
139700
65800
140200
143500
40700
142300
143400
125800
141600
86700
26200
47200
143700
143800
141700
23500
89300
90800
151500
39400
144400
146600
140600
139500
138900
142400
143300
7100
118400
149700
144300
30200
47500
147000
70700
149500
145300
38000
143400
147800
149900
142400
98200
19900
142100
92600
139900
146400
145100
148000
144000
143200
98100
147000
36500
148400
84900
37300
156100
124300
130100
100000
151200
144000
131500
72100
49300
147000
138700
114900
25600
36600
40700
151400
142400
114200
151600
150300
138800
68100
129200
152300
131900
78500
147400
141200
136500
47800
49400
85100
14200
144800
145500
141700
145700
146200
147500
142900
144700
144200
63000
149500
62100
144200
140200
139400
143800
72700
147800
146600
133100
141100
142100
140400
152400
139700
141600
142600
140100
134300
105700
42600
142700
142900
42000
87800
140200
61100
141600
144400
140300
21600
149100
51000
101400
41400
93900
139700
144000
144700
148000
144100
106000
143800
139600
125000
144000
145900
142500
25500
140200
139100
145700
140300
141300
138700
148000
138800
92100
113000
140900
138700
147000
143800
134900
101500
84000
140000
97600
75600
144800
70500
143000
12500
137800
138400
136500
137400
141200
140900
146000
24800
137900
134700
147800
147000
141100
139200
79600
92200
144200
18600
143700
138700
146100
103700
62100
70900
143100
144600
137700
154500
74000
150200
95700
142100
144800
140700
141800
142600
17500
141700
145500
141500
141200
136600
141000
142000
13600
144600
36800
53700
149800
138300
151000
142300
139300
29200
113700
54600
141700
141000
55500
143200
51100
121400
140500
143100
15800
147200
134000
112000
120700
142300
110300
65800
140000
15200
61500
144400
141600
149900
146600
145900
147700
121100
138000
104800
142200
21700
152600
143700
145800
142900
141700
143300
143300
144900
142800
145000
142500
145000
144000
141600
96000
84200
145200
143200
150600
143200
145600
115200
146200
143300
120100
139900
144100
150100
144000
145200
95100
144800
80000
5000
137400
137800
54300
54600
140400
140400
151000
145800
121900
140400
100000
30500
156300
152300
144300
149500
26400
51700
147200
138900
77800
79500
142100
144200
146300
146500
142300
142000
143500
58200
10900
144000
138500
111900
147100
11400
139700
144800
145100
141400
140500
142100
154800
144400
70900
139400
143500
146600
144800
143500
149400
144600
144200
15200
22900
136900
144600
141800
145100
143300
21000
145600
147400
131000
143400
144800
141500
143900
141500
140700
122000
145100
59000
143300
145100
141200
139800
147200
134700
81900
108000
145600
45800
144800
140500
143600
146300
77100
149600
143100
10200
45200
72300
145800
139800
143700
148200
153400
144400
137500
35200
141200
96700
145100
13900
143700
143800
142000
145800
25500
141300
18100
145400
143400
142700
139300
142800
138800
139500
143900
39200
97800
149400
34600
140700
144200
145700
32600
141200
146000
145200
145000
139200
146700
142200
144400
102900
142800
147400
60000
143700
128900
146500
138500
141800
147700
142500
84300
82100
50800
16800
144100
141800
20300
144200
143800
142400
143000
138000
48000
15100
140900
145500
141200
146100
137400
138500
94100
141300
144800
16000
140000
86400
130600
145500
143900
143800
143900
129100
142600
77800
141300
144000
138500
143900
143300
144200
142500
144400
140300
67300
143100
141300
141800
45800
144000
77900
142900
142300
142100
142800
145700
147000
153300
37400
143800
82300
103700
17900
142200
141100
143000
150000
45900
140600
52300
141500
140600
76300
151700
143400
141100
139700
147800
151000
139200
71500
143000
147200
142300
123200
145300
140400
141300
143600
89400
146100
140100
143800
142400
45700
143300
141900
142600
145900
149700
85300
143100
150700
150400
144000
133200
150300
139900
31000
141600
118500
137200
143600
141500
146200
149200
141600
149800
142600
143000
148200
138100
141700
147100
149100
35200
143000
148400
147500
142500
144600
49100
145100
149100
147100
110600
142100
147200
148000
146500
144000
145400
124200
149600
148000
116600
150100
64800
143200
143600
144400
143700
112600
145900
155500
143700
144100
148700
141400
139000
141500
149000
23300
93000
149900
144100
145000
142500
25800
7300
23500
145200
141500
139100
141900
147900
76200
37800
149500
116900
67300
144900
142400
113300
138200
35400
140100
140200
144200
46800
83200
142300
149000
147500
148600
33200
139600
22200
145700
137800
142400
144600
124900
143400
111100
140700
135000
138000
142100
142700
142400
148600
125300
143300
141500
141100
141100
146800
140500
144500
36400
141700
143700
141100
141200
140000
142200
9800
16800
11100
81900
83800
146900
138800
143600
142700
140100
143200
56400
139500
153800
142300
145200
67300
39300
144200
144500
141500
150800
149000
34700
80100
153100
145100
141100
144300
42600
150600
144800
28300
147600
141700
148200
119300
147400
143400
141800
19800
143400
139700
50800
141600
138500
141500
143300
145900
143000
147400
139900
67300
143700
139700
93900
140000
108700
16700
11400
146400
142700
68600
22100
139500
141100
141200
140000
142600
95100
104100
145300
68300
143900
140800
144600
22600
109200
140400
145100
144500
139300
149000
145100
139200
140200
139900
141100
143400
141600
142900
8900
142000
144200
138700
146800
93900
25500
62100
139900
139200
142500
136600
145300
145200
139500
145500
139400
144600
141100
146400
29200
142000
140300
140700
151100
146800
144500
142800
136300
140100
137600
138500
146500
44600
144500
138500
138900
146800
147500
93400
139900
145000
148800
148900
143300
144600
144700
11300
141500
54300
143600
147800
147400
144100
149000
143900
145900
144900
143800
147700
140100
148200
146900
140400
39300
143900
144500
140000
139700
141600
148600
140800
144800
138000
140000
80500
139200
146100
140400
112700
65600
59400
142600
147900
143100
146200
123700
143000
74400
141900
144900
63000
117900
134500
65600
142400
143700
141300
99400
138100
105200
138200
139800
140600
144100
139900
32000
139700
144000
49300
150900
140000
138300
94300
87200
27500
148900
141300
141700
142800
141100
142700
141300
53000
140800
144000
135000
140100
145100
140800
143200
138400
60000
142900
143100
6600
136500
52100
139000
34600
149900
139300
140800
140900
144200
125000
146300
118800
138500
143500
138800
141400
146700
138600
89800
144300
139000
143700
139100
142100
141200
144800
143100
35700
137800
49000
140100
144600
141200
145000
144000
140000
140900
146000
139700
111800
79200
87900
73400
140000
142500
149300
142100
105200
148500
140200
35800
145500
137200
139800
138100
143900
28100
142000
140300
142900
140400
144900
140300
143300
138400
19500
145400
14400
15000
137700
144500
38100
140600
97900
143400
60900
143500
137400
61100
143600
148400
139600
137400
141700
121000
138000
141500
73700
143300
142000
141500
138900
147000
45100
139100
144600
145700
18700
148900
139300
143000
142000
140300
140400
46100
143100
146900
138900
123900
140600
145400
148800
141800
142800
129100
33300
61600
145100
71700
33900
144400
143300
142200
142100
142300
139800
139100
96500
140900
110600
145700
140500
139000
145200
148800
143200
145100
140200
76300
57500
144200
142400
122800
86100
101200
21100
111700
139000
142200
142800
143000
110400
143400
62300
146600
146300
141800
138600
144200
141000
145700
145100
149800
145400
144900
144700
142300
145400
141100
71000
141000
96800
142600
141800
29000
144100
145900
139400
138100
140400
139800
139900
80200
145100
144700
144500
137600
142200
137500
146300
141000
128000
143300
139800
140900
136800
141400
145500
142300
140900
151500
61300
147500
142300
140200
147900
153500
140400
88800
144200
112400
97200
142000
90700
140600
138100
151000
145900
149600
145500
147500
59400
126300
142900
141800
142500
144200
146300
140000
28300
148600
85000
17400
145500
147500
31000
146600
148300
150800
17800
142800
149300
128000
148400
139800
141400
141900
142900
140000
140600
149300
144400
139900
6500
145600
148600
141900
146000
146400
142300
145700
146400
143300
141700
143200
139300
141600
148000
140500
142100
145600
143400
144200
153600
140700
128700
143600
136200
143000
143600
141200
145200
146700
141000
145700
147800
144300
141100
142500
145000
39100
140500
140900
144600
57300
142900
143800
137200
140500
150200
142800
147300
99800
98400
143100
144900
136400
140000
138300
143600
142000
140200
10400
139900
146700
125700
68800
140800
131200
146900
142700
136500
142200
142000
44700
141300
34700
142100
142100
27500
143000
146200
143300
144900
144200
121100
140700
142900
46000
140800
142100
144200
70000
137900
144000
141900
66700
145200
21000
95900
24300
148100
142500
113000
140300
136700
148100
99600
146100
141000
148600
143700
143100
143200
144400
124500
72300
144800
69100
48800
57500
58800
140700
143100
154200
144700
141500
58800
31500
143000
140900
149100
141300
142200
21200
108400
19700
146100
142000
146600
144300
142000
143300
140200
139200
140200
140200
113900
144500
144900
100600
145300
143600
143300
125200
144500
139300
24200
138800
49900
42100
59500
141000
142000
138200
140400
148000
145700
42200
69700
106400
146700
31800
142000
77600
43700
14000
141800
142600
136500
144600
100100
45300
5800
143900
82600
86400
142000
126300
113900
141800
143500
141900
62300
141500
142200
10300
141400
146500
148300
145800
40500
139600
152100
142700
136800
141100
40500
141300
148300
133400
143000
102100
147900
146600
81800
105000
44600
132500
34100
143900
53400
109000
96100
136100
142100
145200
37000
144700
137800
14900
117100
143700
139800
142700
147400
142300
143000
107300
80900
143500
7100
148800
144700
55700
146500
142700
137800
144800
142800
142600
88400
124100
149100
145500
145600
152000
152700
38000
137800
148500
148500
77200
144700
141700
67900
154300
155100
148100
153400
141100
140200
143300
141700
140900
143300
140900
146400
143800
20700
38900
64900
149100
45900
142800
84800
153100
140500
138600
141300
140900
143300
143200
142000
140900
140900
148000
144600
140900
144900
142600
143700
144700
146400
144100
141200
148100
141300
143100
57700
141500
94500
127100
147200
140200
149300
130200
90900
145600
138500
142000
146200
142600
149000
143100
142900
144600
128100
149000
100800
34300
61700
138100
142800
141200
147500
39300
30100
138200
125000
136100
140000
30000
107400
139000
144100
145200
16200
148300
138100
146100
149500
21900
52700
141700
140100
144100
136100
148000
138900
140200
153300
38800
141800
141100
142100
139800
37300
138400
145500
41000
89700
78800
24600
19500
136300
149100
142700
57400
141700
122700
82200
145000
135600
133500
140700
92600
34200
138200
147000
146100
140700
138300
11400
145000
20500
37900
19900
137300
142300
141500
142000
140300
78300
138900
141200
140600
143400
36500
136900
101700
139000
136100
133600
137600
118100
56900
146100
139400
137700
50500
131800
139000
138300
57100
137700
141000
66000
62500
141800
139700
95500
143900
31900
139500
136600
145600
148000
129100
139100
150600
142400
138800
139700
143700
43300
44400
15800
143600
144500
145200
141800
141600
145600
14600
90100
85400
18500
41000
138000
138500
13400
95500
148000
144300
140900
109600
92900
43500
