0
-369.85700000000014
-199.84199999999998
-92.43399999999998
-168.91800000000003
-198.5879999999998
-105.11799999999995
-199.5740000000002
-54.645
-298.6409999999999
-93.65800000000004
-159.44699999999992
-116.39900000000003
-170.31399999999996
-209.01400000000015
-240.57800000000006
-409.45099999999985
-58.651999999999994
-118.86899999999996
-74.564
-74.31599999999999
-102.75799999999997
-119.60200000000002
-384.57200000000034
-73.265
-183.45200000000003
-105.401
-198.6049999999999
-70.44100000000003
-309.6149999999999
-82.25899999999999
-269.11899999999997
-105.072
-392.67900000000003
-168.50299999999996
-131.70099999999996
-172.085
-189.8810000000002
-139.91000000000003
-320.85599999999994
-351.5529999999999
-496.79499999999973
-64.491
-233.52700000000002
-41.327999999999996
-349.94200000000006
-118.83599999999998
-256.3270000000001
-148.88800000000003
-155.9819999999999
-65.06700000000001
-71.17100000000002
-66.25399999999999
-208.91999999999996
-88.10700000000001
-77.66599999999998
-135.09700000000004
-483.12299999999954
-652.7799999999995
-107.34599999999998
-348.63199999999995
-223.13399999999987
-53.847000000000016
-70.90900000000002
-130.30000000000004
-51.05499999999999
-143.64899999999997
-271.0660000000001
-330.6059999999999
-78.38900000000001
-87.50599999999999
-162.65299999999988
-409.45599999999973
-145.79399999999998
-249.68100000000013
-70.25699999999998
-210.56399999999988
-110.80600000000003
-296.1620000000003
-93.29099999999998
-112.90200000000003
-177.4990000000001
-74.15199999999997
-41.337
-74.27000000000001
-452.1620000000002
-59.073
-1028.837
-315.46900000000005
-55.621000000000016
-395.99000000000007
-48.321
-133.7290000000001
-222.474
-62.175999999999995
-538.214
-154.27299999999997
-228.15000000000006
-300.8440000000003
-108.67500000000003
-368.5390000000002
-419.36599999999953
-505.7739999999995
-489.99100000000027
-98.65000000000002
-174.39400000000003
-301.56999999999994
-249.42900000000003
-78.26700000000002
-401.71699999999976
-446.4620000000003
-688.3750000000014
-284.0579999999999
-33.955999999999996
-137.05000000000007
-234.67600000000024
-180.58600000000013
-92.77199999999996
-60.054
-440.1069999999999
-282.1590000000001
-129.23900000000003
-268.95099999999996
-764.3839999999992
-521.4609999999996
-45.887
-116.33299999999998
-144.55000000000004
-188.259
-56.41599999999999
-210.06999999999996
-276.09999999999997
-255.72800000000018
-251.77000000000007
-387.8220000000002
-158.9019999999999
-417.7020000000008
-414.73999999999995
-60.42899999999999
-348.754
-70.583
-131.73300000000003
-81.45299999999997
-166.8640000000001
-146.15400000000002
-506.63599999999997
-152.84300000000005
-108.13200000000005
-209.85100000000014
-635.5050000000002
-105.02199999999998
-289.6459999999998
-80.63800000000002
-258.6920000000002
-332.667
-260.9789999999998
-100.09299999999999
-73.71999999999997
-167.02900000000002
-388.01199999999966
-59.536000000000016
-186.97400000000007
-200.37899999999996
-218.9380000000001
-310.38499999999993
-62.70800000000003
-734.4569999999989
-114.91799999999999
-102.09000000000006
-156.51799999999992
-91.87
-942.3759999999983
-94.79499999999999
-123.53899999999997
-162.04800000000006
-268.634
-228.47800000000012
-283.20900000000034
-311.8379999999999
-156.199
-124.95299999999995
-188.80700000000004
-109.12499999999996
-941.7560000000005
-87.42800000000004
-108.11000000000006
-69.699
-198.68499999999995
-285.47
-268.53099999999995
-172.70400000000004
-213.4059999999999
-133.50200000000007
-230.0879999999999
-49.758999999999986
-106.29399999999998
-160.39700000000002
-82.23099999999998
-691.2120000000003
-133.3930000000001
-126.50600000000004
-178.47100000000006
-377.6839999999999
-292.50699999999995
-113.22
-212.63299999999992
-181.99700000000007
-386.60300000000024
-71.10399999999997
-82.92599999999999
-73.352
-114.337
-318.85199999999975
-198.81300000000007
-131.09900000000007
-243.85399999999981
-103.45500000000011
-48.572
-163.54500000000007
-62.60100000000001
-303.62399999999997
-186.2879999999999
-110.57700000000003
-623.0929999999998
-175.42799999999988
-104.54500000000009
-413.05100000000033
-127.81900000000005
-70.33299999999998
-92.50599999999999
-253.951
-199.2539999999999
-676.5180000000018
-794.5839999999998
-292.5220000000003
-63.33000000000001
-462.52299999999974
-167.84700000000004
-199.51100000000005
-349.7409999999999
-42.855
-274.1439999999998
-99.21100000000001
-676.7899999999998
-420.7100000000003
-501.72499999999985
-227.08100000000013
-185.08100000000007
-379.49099999999964
-167.07200000000003
-183.81899999999996
-95.235
-196.0569999999999
-170.55900000000003
-183.48200000000008
-420.11500000000007
-51.197
-220.9250000000001
-68.59200000000001
-434.65799999999984
-391.4999999999999
-159.71699999999998
-45.902000000000015
-61.65700000000002
-235.92599999999985
-307.33500000000015
-188.81899999999996
-98.18200000000003
-148.48200000000003
-50.56000000000001
-129.86299999999991
-704.6810000000003
-57.746
-645.7189999999999
-554.0519999999998
-111.78899999999999
-96.35600000000007
-143.4530000000001
-124.99800000000008
-242.06999999999988
-169.5120000000001
-349.53399999999976
-115.71900000000002
-518.0340000000001
-91.18800000000002
-179.15900000000016
-55.80100000000001
-267.6050000000002
-159.93899999999996
-130.00699999999998
-63.36200000000001
-174.17200000000008
-139.423
-333.28300000000047
-64.86499999999998
-753.3629999999999
-54.603
-47.285999999999994
-302.6770000000001
-101.088
-699.7610000000004
-211.63699999999992
-379.8859999999999
-75.48
-178.64099999999996
-149.965
-343.7649999999999
-405.8639999999999
-160.7949999999999
-295.8160000000002
-212.58200000000008
-313.8400000000004
-418.62199999999984
-71.02800000000003
-383.33599999999973
-513.5750000000002
-253.5280000000002
-242.60000000000014
-339.7900000000003
-103.58200000000006
-384.04499999999996
-129.224
-219.94700000000006
-324.9139999999999
-297.2600000000002
-159.03500000000003
-426.6489999999998
-462.4589999999995
-183.52900000000002
-142.60399999999993
-329.2740000000001
-359.3710000000003
-168.79099999999994
-465.7609999999992
-65.60000000000001
-203.52900000000002
-211.80499999999998
-301.75999999999993
-81.331
-35.42399999999999
-104.94600000000007
-965.4310000000014
-101.37999999999995
-234.19099999999992
-295.64999999999986
-165.92300000000003
-407.6729999999997
-173.8830000000001
-244.21000000000006
-53.868999999999986
-529.2460000000002
-304.58700000000033
-122.77500000000005
-53.41700000000001
-733.2700000000018
-137.995
-149.27200000000002
-135.60799999999995
-193.3290000000001
-299.84300000000025
-104.955
-64.57299999999998
-50.639999999999986
-40.03
-158.145
-174.2680000000001
-165.5210000000001
-406.8129999999996
-179.71000000000012
-111.07300000000004
-354.64999999999986
-506.6470000000003
-577.5999999999998
-145.48399999999998
-310.4709999999997
-271.53299999999996
-121.70399999999994
-88.18900000000002
-95.952
-378.93899999999974
-122.82599999999998
-425.7050000000001
-140.10700000000006
-92.96999999999998
-276.3130000000003
-369.44300000000015
-315.23200000000014
-137.87300000000002
-306.4819999999997
-353.26699999999954
-230.39300000000006
-490.0190000000002
-272.72999999999973
-224.36
-165.89900000000003
-152.43800000000007
-101.46
-150.609
-200.28500000000014
-340.93199999999985
-641.2770000000004
-56.848000000000006
-679.8330000000002
-547.7829999999996
-429.7250000000001
-209.2639999999999
-304.3050000000002
-29.729999999999993
-140.84899999999993
-1146.072
-76.10400000000001
-51.563000000000024
-228.6770000000001
-95.241
-99.19299999999991
-174.21800000000007
-193.92900000000023
-263.1980000000002
-181.43899999999988
-405.1739999999997
-57.7
-184.925
-127.075
-188.77
-103.74299999999997
-85.767
-167.7140000000001
-375.8530000000001
-170.9269999999999
-108.19200000000002
-99.34299999999999
-119.03900000000007
-114.62300000000002
-52.618999999999986
-260.2559999999997
-117.89800000000004
-147.08700000000002
-547.42
-80.07700000000004
-344.07900000000035
-179.95699999999994
-117.75100000000002
-163.33399999999986
-273.78699999999986
-285.6890000000003
-131.42899999999997
-278.485
-97.994
-125.43900000000005
-46.97800000000001
-228.859
-184.88700000000003
-204.02799999999996
-112.79300000000003
-278.6020000000001
-152.23800000000003
-171.56099999999992
-334.3290000000001
-176.71099999999993
-167.93300000000013
-349.1109999999996
-311.47999999999985
-38.903
-124.57099999999998
-210.0799999999999
-95.60400000000001
-249.68999999999997
-68.57000000000001
-277.02200000000016
-314.07499999999953
-91.34499999999997
-287.4899999999999
-171.2100000000001
-561.0219999999998
-455.7030000000005
-112.69600000000003
-320.0149999999998
-265.45100000000014
-93.56799999999997
-80.89499999999998
-230.20799999999988
-85.12900000000002
-284.0379999999998
-235.82400000000007
-197.70800000000006
-388.74000000000024
-412.6860000000002
-135.15299999999993
-357.66999999999996
-321.07900000000035
-190.37299999999993
-108.99399999999999
-77.90099999999998
-605.9839999999999
-313.5779999999999
-451.0830000000009
-517.7710000000002
-277.566
-479.1400000000006
-642.9360000000006
-98.97000000000004
-258.80899999999974
-147.15499999999997
-79.33499999999997
-176.92799999999994
-127.66599999999995
-87.43100000000001
-120.07800000000003
-92.16999999999996
-387.1610000000002
-223.00400000000005
-197.97699999999998
-73.12499999999999
-36.412
-138.85999999999999
-63.426
-204.71700000000007
-179.92700000000002
-472.5400000000002
-153.32600000000002
-183.9239999999999
-279.9059999999999
-284.766
-287.0490000000003
-148.22600000000006
-180.6680000000001
-303.0400000000001
-199.287
-136.07799999999997
-124.92900000000006
-679.6550000000009
-218.63600000000008
-278.963
-233.09000000000006
-209.34800000000013
-92.16099999999999
-63.29699999999998
-212.60499999999988
-65.474
-76.47500000000005
-126.76300000000006
-177.31900000000007
-115.64599999999993
-97.12599999999996
-259.85899999999987
-333.8000000000001
-98.96199999999999
-86.33099999999996
-169.8340000000001
-291.53499999999997
-209.53199999999998
-349.75600000000026
-162.02399999999994
-226.02500000000006
-128.93900000000008
-209.19500000000002
-243.20400000000015
-158.8830000000001
-314.63
-281.6220000000001
-314.20399999999984
-352.8089999999998
-281.78200000000004
-544.5220000000004
-92.89699999999996
-389.02000000000004
-39.028
-495.7700000000003
-234.42599999999993
-87.51899999999996
-259.66300000000007
-92.94400000000002
-134.09199999999998
-110.94399999999999
-82.40199999999997
-116.25699999999999
-44.788999999999994
-41.80399999999999
-111.47299999999996
-243.91800000000012
-70.682
-135.83600000000007
-391.0300000000003
-208.39000000000019
-352.755
-352.03700000000026
-147.88099999999997
-147.05800000000002
-270.10600000000017
-87.02500000000002
-457.9040000000005
-136.46
-212.68799999999976
-145.74000000000004
-93.99100000000003
-104.2359999999999
-101.248
-259.09699999999987
-57.11100000000001
-62.39800000000001
-293.6530000000002
-220.36600000000013
-112.88000000000001
-190.43899999999988
-102.849
-211.59200000000007
-58.27199999999999
-162.60399999999998
-61.98400000000001
-314.2169999999999
-295.37500000000057
-247.88899999999998
-309.9660000000001
-82.82800000000005
-247.70000000000007
-455.84100000000075
-87.482
-632.9840000000002
-90.82200000000002
-792.0810000000002
-221.83100000000002
-362.4609999999998
-156.40899999999996
-107.45999999999994
-597.4129999999999
-164.339
-234.09500000000003
-486.3849999999999
-62.82400000000003
-427.79399999999947
-147.4430000000001
-344.1259999999997
-106.20299999999992
-92.71900000000001
-840.1900000000007
-186.08500000000006
-132.609
-400.44400000000024
-99.535
-93.051
-400.10199999999986
-94.49000000000004
-224.05399999999997
-33.775999999999996
-209.90699999999998
-462.8880000000001
-151.27799999999996
-622.3729999999997
-205.76900000000003
-417.3990000000006
-461.11700000000013
-73.005
-110.841
-52.662
-361.70899999999995
-924.6389999999992
-349.36799999999994
-303.3239999999999
-66.37100000000001
-174.15200000000002
-91.59200000000003
-141.12099999999992
-137.93900000000002
-499.95600000000013
-162.32999999999996
-201.34000000000012
-218.1780000000002
-261.96399999999977
-583.5110000000003
-215.60399999999976
-140.014
-69.726
-418.0050000000001
-107.86299999999987
-453.79499999999973
-44.37599999999998
-237.17899999999986
-383.3929999999996
-51.32800000000002
-387.94300000000004
-188.49000000000007
-367.2310000000004
-252.49300000000005
-143.19999999999996
-376.98300000000023
-466.92400000000055
-212.77400000000003
-386.89500000000015
-256.77699999999993
-753.1179999999995
-437.510999999999
-231.81300000000005
-129.87
-330.13300000000004
-560.8290000000001
-230.40499999999994
-128.153
-204.67599999999985
-381.12899999999985
-119.93300000000005
-31.109999999999996
-228.76699999999997
-303.4370000000001
-672.5169999999985
-41.707000000000015
-164.34000000000003
-434.9530000000001
-56.75600000000003
-98.25099999999999
-222.86900000000003
-146.83200000000002
-205.5589999999999
-320.3749999999999
-213.34500000000003
-294.204
-156.96899999999997
-292.06299999999976
-356.4870000000005
-74.171
-393.42800000000005
-109.35300000000005
-404.60400000000004
-281.328
-336.94000000000017
-389.46300000000025
-155.78000000000006
-44.476000000000006
-592.1809999999998
-452.0550000000004
-198.84500000000017
-343.256
-382.55800000000016
-137.423
-447.6209999999996
-379.42900000000026
-90.005
-453.4079999999993
-142.529
-110.24099999999997
-175.34800000000007
-451.6170000000001
-247.06699999999975
-145.711
-127.21200000000005
-234.84599999999975
-428.1250000000002
-105.18500000000002
-371.8969999999999
-191.26599999999985
-232.11299999999983
-149.1479999999999
-176.60099999999994
-427.2840000000001
-110.79899999999998
-87.51900000000003
-606.4189999999991
-264.85799999999983
-439.1880000000005
-938.6370000000001
-345.17699999999996
-299.216
-201.30999999999995
-73.98599999999999
-314.6050000000002
-380.72999999999996
-194.99000000000012
-231.3119999999999
-220.0270000000002
-53.978
-219.3919999999999
-258.20700000000016
-135.38400000000004
-283.15999999999985
-479.64599999999984
-48.471
-357.9790000000002
-419.116
-156.25600000000014
-735.55
-144.58199999999997
-207.116
-55.29600000000001
-214.60399999999993
-504.65699999999987
-674.7860000000014
-68.76
-282.3300000000002
-691.6480000000008
-481.47099999999995
-494.0839999999996
-374.5599999999999
-48.83300000000002
-192.23200000000006
-189.926
-43.589999999999996
-41.888
-291.32700000000006
-201.8820000000001
-384.51500000000067
-433.5209999999994
-40.52200000000001
-59.83299999999999
-233.24499999999983
-81.67200000000003
-397.8859999999996
-235.91900000000018
-209.64499999999987
-225.99600000000024
-90.11400000000003
-198.61600000000013
-866.3019999999987
-137.195
-76.58500000000001
-207.48999999999987
-232.87499999999983
-238.25100000000006
-65.654
-455.06699999999995
-90.55800000000004
-191.75999999999993
-379.1840000000006
-293.33300000000014
-245.45899999999986
-290.79699999999997
-446.4789999999998
-339.8439999999996
-188.60699999999983
-177.74399999999991
-50.70700000000001
-541.5060000000005
-672.1389999999999
-116.4790000000001
-301.2340000000001
-356.9199999999998
-84.52199999999995
-843.2890000000003
-121.43300000000008
-140.82799999999997
-121.76200000000009
-779.6570000000012
-247.1980000000003
-165.11800000000008
-603.7440000000003
-268.291
-145.892
-334.2780000000003
-505.64700000000005
-106.574
-289.0550000000003
-65.03600000000003
-190.82800000000003
-148.30200000000005
-224.374
-38.958
-349.66799999999995
-156.12000000000003
-141.18900000000005
-396.7740000000004
-338.10599999999977
-171.12800000000013
-641.7260000000006
-347.35600000000034
-813.8960000000011
-187.75799999999987
-178.24000000000004
-335.8040000000001
-130.80500000000004
-69.22800000000001
-404.76499999999993
-509.22300000000064
-74.22399999999998
-733.9270000000001
-297.30700000000013
-166.22700000000006
-572.9089999999999
-813.7419999999993
-683.7390000000005
-554.0870000000009
-370.8899999999996
-238.48900000000023
-127.22699999999998
-234.15600000000018
-318.6810000000002
-457.53699999999975
-224.86899999999997
-190.93000000000012
-370.60400000000055
-334.4339999999999
-406.87299999999993
-247.68499999999992
-497.4470000000005
-243.0740000000001
-176.88100000000003
-151.2069999999999
-437.17900000000014
-238.60099999999989
-213.39699999999988
-601.2080000000013
-326.3300000000001
-124.425
-204.2759999999998
-137.27500000000003
-55.781000000000006
-152.26999999999998
-138.49500000000006
-522.805
-181.02099999999993
-152.506
-568.8499999999998
-983.1829999999993
-206.29900000000023
-174.95299999999997
-296.9499999999998
-880.9639999999971
-412.20199999999994
-78.045
-292.6600000000003
-213.20199999999986
-184.609
-153.99499999999998
-133.76499999999996
-40.559999999999995
-568.5679999999996
-369.73399999999987
-164.6090000000001
-312.61499999999984
-155.57699999999994
-811.2269999999999
-184.6700000000001
-803.1500000000019
-428.36200000000036
-94.8329999999999
-495.4900000000008
-157.11100000000005
-367.1850000000001
-943.4350000000003
-359.4570000000004
-755.0770000000006
-595.5429999999984
-390.664
-225.07999999999998
-164.31700000000012
-160.85400000000007
-294.2629999999999
-548.5440000000002
-791.4479999999985
-55.59599999999999
-202.17599999999996
-622.973
-122.38500000000005
-431.984
-67.18800000000002
-49.96600000000001
-273.109
-114.19399999999999
-242.23499999999999
-318.6100000000002
-66.85700000000001
-716.4820000000022
-201.98900000000023
-68.43900000000001
-269.82999999999987
-66.50399999999999
-165.20300000000006
-96.38799999999996
-71.14399999999999
-588.3469999999988
-435.27599999999995
-177.5369999999999
-244.81000000000003
-176.7920000000001
-672.3469999999995
-437.5490000000003
-446.1350000000001
-25.643
-157.43800000000005
-192.6780000000001
-89.82199999999999
-79.56600000000002
-114.48699999999998
-79.26399999999995
-218.3170000000001
-726.7920000000013
-507.95300000000054
-112.66999999999997
-154.44000000000003
-201.69299999999996
-179.3200000000001
-453.52999999999986
-377.56700000000006
-271.0440000000003
-100.62099999999997
-401.23499999999996
-844.8390000000011
-133.95
-40.095000000000006
-125.302
-273.069
-177.33600000000004
-232.2360000000001
-390.23000000000025
-277.73500000000007
-163.99000000000015
-123.56
-98.835
-160.7609999999999
-50.48500000000001
-131.69800000000006
-99.74799999999999
-55.14400000000001
-146.25700000000006
-103.94500000000002
-278.3230000000002
-60.109
-85.18200000000002
-308.77299999999974
-69.46799999999999
-99.06200000000005
-189.29600000000005
-434.0689999999999
-171.563
-196.30399999999997
-293.74700000000036
-84.12099999999994
-233.74500000000003
-299.51700000000034
-124.64400000000008
-275.2080000000002
-163.305
-293.60000000000014
-92.17399999999998
-197.01899999999998
-575.5149999999994
-392.80200000000013
-34.345
-158.81699999999992
-135.75000000000006
-434.6179999999999
-500.5639999999993
-413.8779999999996
-83.85299999999998
-302.3420000000004
-891.6199999999994
-425.58800000000025
-256.1299999999999
-614.9729999999996
-316.7260000000001
-401.73999999999967
-146.74799999999996
-90.67199999999995
-33.879000000000005
-574.0399999999996
-168.69599999999988
-182.11700000000013
-268.3750000000002
-766.8459999999994
-296.2820000000003
-123.26099999999994
-143.99199999999993
-33.486000000000004
-28.397999999999993
-373.2100000000001
-85.76599999999999
-96.279
-632.3519999999997
-201.00100000000018
-312.295
-221.52900000000008
-451.6340000000001
-40.508
-159.89199999999994
-685.759
-294.7810000000002
-81.70099999999995
-577.3909999999993
-54.316
-220.5340000000001
-123.26899999999996
-929.8120000000002
-328.1529999999998
-453.2040000000004
-413.676
-777.1940000000004
-363.47000000000014
-164.70899999999992
-431.6969999999997
-306.54200000000003
-75.33300000000003
-593.1139999999998
-320.251
-81.255
-106.60000000000002
-446.26800000000054
-358.28900000000004
-92.389
-75.97799999999997
-890.5729999999985
-86.13300000000001
-275.44300000000015
-307.3029999999999
-66.67399999999999
-197.1090000000001
-274.48099999999977
-269.01700000000005
-129.63000000000002
-273.75600000000014
-471.3830000000004
-459.17699999999985
-190.1859999999999
-112.13000000000004
-88.30399999999995
-88.74100000000004
-328.27500000000015
-120.29500000000003
-575.0270000000004
-221.72500000000025
-133.12199999999993
-500.06500000000005
-109.31200000000004
-140.37699999999992
-736.1460000000004
-332.39400000000023
-405.12000000000023
-313.7919999999997
-113.937
-422.61299999999954
-62.527
-230.98600000000002
-450.44899999999956
-117.32000000000006
-139.918
-158.59800000000004
-105.72599999999998
-809.5459999999999
-138.62300000000002
-768.5080000000007
-45.56499999999998
-438.3929999999993
-480.57400000000007
-175.0169999999998
-544.932000000001
-105.51800000000003
-835.8419999999993
-408.89600000000013
-324.0600000000003
-83.80200000000004
-399.66100000000006
-96.444
-726.2709999999987
-818.0499999999997
-55.554999999999986
-69.02299999999998
-173.3890000000001
-371.93700000000007
-830.5700000000003
-54.029999999999994
-318.9889999999998
-96.217
-177.40799999999996
-83.67599999999997
-334.7289999999999
-612.4019999999999
-176.02600000000007
-707.4729999999997
-456.2700000000007
-212.06499999999974
-150.56399999999988
-113.933
-323.39200000000005
-416.21700000000055
-304.48899999999986
-296.9850000000002
-277.8589999999999
-254.7950000000001
-46.535000000000004
-300.28199999999975
-570.31
-293.52299999999997
-373.1120000000005
-23.466999999999995
-595.2050000000005
-84.626
-345.68499999999995
-124.33200000000006
-101.50600000000001
-132.151
-422.4320000000003
-52.222999999999985
-82.18600000000002
-96.01
-25.707000000000004
-290.9290000000001
-288.81000000000006
-223.48099999999994
-445.3799999999998
-577.296
-117.33900000000001
-66.67200000000003
-261.9080000000001
-79.26499999999999
-132.99600000000004
-417.4260000000001
-333.50700000000046
-662.7569999999996
-696.4790000000014
-118.27400000000002
-515.4020000000002
-46.617
-214.157
-753.1190000000004
-168.30299999999994
-637.205000000002
-894.269
-352.0040000000005
-161.41099999999992
-470.67399999999964
-666.0539999999993
-103.074
-254.92400000000026
-118.02900000000007
-614.9860000000004
-110.888
-561.4600000000007
-807.1279999999991
-130.712
-764.9950000000014
-198.65399999999985
-62.82100000000002
-41.716999999999985
-444.575
-158.233
-86.898
-161.93299999999996
-228.61800000000034
-727.4529999999985
-123.13800000000008
-90.27800000000002
-94.27999999999999
-360.0439999999999
-551.5890000000006
-304.50400000000013
-167.60200000000003
-209.23599999999988
-289.28599999999966
-518.2720000000002
-230.26799999999992
-774.3479999999995
-253.77499999999998
-314.52300000000025
-44.251999999999995
-65.611
-129.70200000000006
-347.88400000000024
-583.8019999999998
-61.29699999999999
-348.826
-266.5599999999996
-345.54399999999947
-205.02399999999997
-199.40400000000002
-54.361000000000026
-148.72500000000002
-225.68000000000012
-40.219
-291.6140000000001
-69.62899999999999
-226.15599999999995
-57.56299999999999
-305.69100000000003
-437.778
-120.769
-121.94900000000001
-474.5530000000007
-132.97299999999998
-383.68200000000024
-414.2840000000003
-802.3899999999983
-507.6199999999997
-73.89899999999999
-636.4219999999998
-314.2289999999998
-147.5869999999999
-150.32500000000002
-268.2049999999998
-98.21299999999995
-685.7509999999997
-110.107
-551.0929999999992
-183.23100000000005
-777.1540000000002
-338.17600000000004
-506.1609999999997
-621.3790000000005
-234.55400000000017
-347.8099999999998
-261.3250000000004
-598.8409999999993
-138.78199999999998
-422.80399999999986
-59.78699999999999
-77.70700000000002
-321.4560000000002
-106.42299999999996
-307.8619999999996
-377.0800000000003
-423.1760000000003
-68.98500000000003
-70.33300000000001
-638.2149999999992
-55.349
-209.11500000000018
-821.004000000001
-474.22400000000016
-353.455
-813.2549999999999
-164.88599999999994
-743.2910000000003
-497.5140000000003
-261.67100000000005
-66.74600000000002
-192.0900000000001
-848.4309999999992
-784.0900000000005
-85.042
-58.68999999999999
-364.0440000000001
-522.7930000000002
-84.78700000000003
-710.4589999999988
-390.4129999999994
-44.79299999999999
-199.46999999999997
-459.0039999999996
-213.09499999999997
-340.041
-271.3180000000003
-235.05100000000002
-178.52800000000005
-388.3339999999999
-289.27200000000045
-129.11599999999993
-339.51500000000004
-100.032
-108.61999999999998
-850.5709999999993
-312.61199999999957
-369.56399999999934
-76.12000000000002
-71.732
-552.6430000000003
-201.40400000000028
-875.0339999999994
-173.89899999999994
-87.00300000000003
-241.53500000000003
-499.74900000000054
-55.827000000000005
-745.2999999999994
-194.5039999999998
-769.7020000000001
-677.2429999999994
-154.02300000000017
-713.1969999999999
-295.498
-129.45599999999996
-755.3640000000014
-349.051
-555.2210000000003
-433.54400000000044
-449.847
-748.4990000000005
-95.46499999999996
-586.3179999999984
-104.99899999999998
-477.617
-343.5779999999995
-185.383
-648.7420000000008
-186.1300000000002
-778.249000000002
-756.1499999999994
-207.5999999999999
-780.5059999999999
-218.32899999999995
-343.93400000000037
-214.06399999999994
-453.09799999999973
-692.8890000000015
-694.4599999999996
-159.63800000000003
-577.22
-24.247999999999998
-726.9510000000001
-768.6289999999987
-143.44600000000008
-498.6470000000002
-194.97700000000003
-299.856
-316.1809999999996
-50.995999999999995
-428.21799999999956
-101.551
-533.9019999999999
-666.924999999998
-608.6670000000008
-324.53799999999984
-282.0409999999998
-251.98799999999977
-467.9119999999992
-813.1089999999997
-565.4220000000008
-777.6950000000003
-689.6350000000008
-105.54999999999995
-73.78900000000004
-620.5109999999995
-518.7489999999997
-184.62700000000015
-232.97500000000025
-723.998
-131.50900000000001
-560.6640000000002
-632.8030000000008
-459.5029999999999
-407.27500000000003
-359.21899999999965
-396.62400000000014
-560.6719999999999
-234.48500000000018
-102.618
-51.013
-879.9520000000003
-382.9589999999998
-168.96699999999996
-197.95099999999996
-300.5800000000002
-105.32499999999999
-757.6709999999989
-641.4699999999997
-81.54599999999999
-129.88799999999995
-277.03500000000014
-388.6900000000004
-521.7370000000006
-376.94400000000036
-269.49799999999965
-726.5109999999999
-394.31600000000014
-276.3649999999997
-375.432
-162.6640000000001
-91.05699999999999
-452.2379999999994
-343.94300000000004
-163.251
-281.719
-783.8359999999994
-681.918
-682.0090000000009
-431.8979999999998
-111.57200000000003
-119.05600000000005
-66.40299999999999
-61.992999999999995
-137.76999999999995
-255.12399999999963
-810.2000000000013
-783.8390000000004
-230.7039999999999
-149.92100000000008
-777.0610000000003
-138.27300000000008
-437.78300000000047
-52.57299999999999
-283.30900000000025
-34.891999999999996
-535.4770000000005
-233.0759999999999
-281.8069999999999
-349.9419999999997
-260.1869999999999
-778.6210000000009
-126.47899999999994
-73.16899999999995
-90.63199999999995
-418.7310000000001
-464.23299999999983
-191.2829999999998
-201.75099999999986
-374.79099999999994
-824.7090000000011
-758.804
-733.7730000000009
-656.3470000000015
-780.1819999999994
-625.0179999999987
-82.11399999999996
-88.662
-271.78400000000005
-89.76000000000005
-419.31700000000006
-384.14500000000027
-110.848
-78.98199999999999
-254.84099999999972
-53.23
-60.76800000000003
