0
38900
10400
4300
10600
12200
5100
9600
1500
23300
3700
11300
6700
11400
15500
14000
31000
1400
7700
3300
3100
5300
5900
29000
2900
9700
4800
14000
3800
20000
4000
17800
5200
30100
13100
8700
11100
9700
8600
24800
24300
36400
2100
23300
400
26300
8300
19200
9200
9900
2200
2900
2300
18200
3900
4000
8100
42400
50400
7400
28800
12300
1600
2500
8900
1800
6500
17500
19200
3700
4500
9900
33100
9900
17500
3100
11900
7700
27700
5900
7700
8900
3700
800
2600
42500
1900
93600
25200
1300
35700
1900
8300
16800
2300
41200
11700
16400
23200
5100
36700
38400
50400
37100
6000
15000
30600
16000
2600
36500
36000
57900
21900
300
6400
21200
13300
5600
1500
35900
21200
5600
19300
68900
46500
2300
6400
9800
17500
1600
15900
20200
20800
18000
33600
12700
37500
35500
1500
29500
3400
7900
4000
8100
10200
42500
10500
6000
16400
63700
5300
24300
3800
21800
27900
21300
4700
3400
16700
33100
1700
19700
16000
19000
23700
3400
71700
6000
4900
12100
4100
78600
6000
7100
11500
15500
17400
18100
24200
8000
8400
12400
4700
97900
4900
5400
4300
13500
24800
21800
12000
12000
6000
19300
1300
6400
13100
4800
66400
8400
8200
11300
40300
20100
6100
15100
15200
28500
3000
4100
3100
6000
27100
17400
7100
16700
6400
900
12100
1800
18600
11100
7200
53000
16100
4300
32400
8600
2500
4100
17500
17200
66900
69600
22600
2500
40900
12200
11300
21800
800
26500
5800
63200
35700
51200
17000
14600
37600
9800
12800
3600
13900
9100
10200
35700
1300
17000
3700
36600
35200
16400
1100
2100
13800
26000
13900
5300
9200
1100
7100
54600
1900
58600
45200
6300
4700
11100
7400
15500
11000
32000
8600
41900
3900
17300
2000
24200
11900
5900
1800
12300
10200
25600
1500
76100
1200
1600
22300
5400
59100
17300
39100
2700
12000
7900
32300
34800
10900
19800
17400
20300
43500
2500
41000
53300
18400
17600
33100
6300
32200
11900
15200
24700
22700
14600
42700
45600
15100
6700
31400
33500
12800
36400
2700
15100
15200
22500
3200
400
4800
97800
7100
17400
31700
11400
37200
10100
19300
2000
47900
21800
6800
1400
77600
9000
9100
8900
13300
23300
6200
3000
1300
800
10400
14000
11100
42300
12100
6700
31900
48800
57400
9700
30100
23200
5800
4300
4000
37600
10800
41500
8500
5200
25000
37400
30200
7000
20200
28100
16600
44800
21500
15400
12900
7400
6000
10000
13900
30100
54700
1900
57600
46200
31600
13900
25100
300
7800
93300
4800
1300
14800
4700
5200
12300
15700
16400
12200
37700
1500
16000
7800
9200
4500
4100
12700
35300
11800
6500
5000
7500
4500
1100
28900
5400
10400
47600
3800
29800
11800
6300
12000
22300
23600
7500
35200
6100
8500
1400
19900
13300
13200
7800
22100
8000
17700
26700
13400
12600
27900
19900
500
12700
15500
5200
15700
2500
18900
31900
3900
25600
10600
44200
42600
6600
29200
27700
9400
3500
16400
3700
23400
20100
18800
31900
31700
8100
35500
33000
15900
4800
4300
62200
24800
36800
50500
24500
44800
61900
4900
21900
10600
3300
10900
6500
3900
6800
4200
33400
14100
13500
3400
300
6800
2200
15700
12100
44900
12500
14300
23900
25200
32000
7600
14900
22200
15100
10000
8500
59400
15200
22200
22100
15300
4100
3800
18500
1900
4500
6600
15700
7700
4700
23200
26500
4600
3200
15300
31800
16700
34600
12500
21800
12000
13600
21200
11500
25500
23400
23900
25600
27700
51200
5700
35300
400
50000
21600
3900
23600
4400
10700
7100
4100
6300
700
700
4600
12700
2600
6600
30900
19500
30200
36000
13800
9000
18400
3800
49900
11600
14300
11900
4100
5700
5500
25500
1700
1700
29000
18000
7300
17100
4300
15100
1500
13200
3100
23000
29000
15900
28100
3500
25600
40400
3800
63800
3600
86500
23300
35900
13100
5700
59600
11000
22000
48600
2300
38200
11500
40900
7800
4300
78600
16000
8600
40200
5200
6000
36800
6400
14200
0
16400
48700
11900
68100
14300
37400
39300
3900
5500
1100
22800
96500
31600
27400
3100
18400
3900
9600
11300
50600
16500
15200
16400
30600
60900
19200
8700
2000
33900
7100
42200
1000
19000
38800
2200
33500
13000
36900
16700
10100
30500
38000
22100
33200
20200
70500
35800
20300
9300
30900
60900
22800
9200
13800
34600
7200
-200
20200
25500
63200
1000
10900
41200
1600
5400
19800
10300
16200
30100
16800
22300
8900
27500
27000
3400
39700
6700
37100
32400
30600
38900
11100
1300
74800
48600
16800
30100
36500
9300
33100
36700
4200
49200
7800
8200
12800
37900
22600
8100
9200
25100
40700
5100
33600
12200
19900
8500
16700
36600
5900
4500
66600
26500
37000
97300
32400
28200
21600
2900
25900
38500
10400
18900
15400
1600
23800
18000
9600
24900
51600
1200
37200
37300
15300
82800
12100
16000
1800
17900
43500
64400
2600
25500
76300
55400
42200
28300
1800
15700
10000
800
1000
27900
12800
34300
48900
600
1800
21000
4600
33700
13000
11800
21200
5600
12100
97300
8200
3700
14100
17900
30000
2500
40900
6000
18100
34900
19000
22700
25000
39400
23000
14500
10100
1800
49900
69900
8600
26900
34700
6100
86100
6700
12100
7000
98000
19600
11100
63300
24600
7200
30400
50200
5300
24800
2200
15700
9900
18400
1000
32900
16900
9800
37100
30600
10300
55900
34100
95800
18200
11500
29700
7400
3300
48400
51000
3600
73000
27500
11900
68800
94200
70200
55100
34900
27600
7600
14700
30600
39800
26900
12900
37000
30900
37200
22000
42800
19600
13000
10500
36400
18100
11800
61700
37600
9800
15000
9600
1900
10700
10200
54000
11100
14300
61100
97300
19500
15800
25900
95700
42200
3600
26700
21600
11400
11300
7500
400
65600
38000
13800
27200
12200
85400
13700
76300
44200
6000
65900
12200
32300
98200
38300
91000
68300
33900
19400
10000
10000
32300
41000
101100
1700
15100
53700
9300
56100
3900
900
25500
5400
19100
26500
4200
69700
18000
2000
34100
3000
17200
4400
3100
67200
35900
10700
25700
13000
75600
37600
37000
100
13100
17900
4700
6100
5600
3200
20100
71700
52200
5900
11300
14300
16200
30600
33200
19100
5500
35500
96600
6400
600
7400
23600
9900
21600
33900
19900
10100
7300
4800
10200
1400
9100
4300
1700
7000
5100
26200
2600
3300
28300
2900
8000
12700
43000
15400
14300
30400
5100
16200
27300
6700
17200
15500
26900
4800
16100
74700
39100
400
9200
11200
47100
41900
39800
4700
38300
100700
45400
21400
61200
32200
37000
11500
3500
400
49100
10900
10400
31400
99000
32800
9400
8600
200
0
29600
3500
4300
67600
24500
21100
18300
48000
300
8400
97900
32200
3900
60600
2900
17600
6700
95600
41600
43700
47400
95100
36200
14500
41200
21300
3100
60200
37200
3500
5400
37800
29700
3900
4600
96300
3700
25600
30300
4000
16400
32200
19100
8500
25100
45600
50500
14500
6100
4700
6900
28900
8900
61800
15000
9600
54300
5400
9400
103200
39100
29200
38300
6200
40900
2000
13400
59500
8900
7400
12600
6000
93800
7000
98100
1100
33700
66700
11900
50500
6900
95600
41000
22100
2900
35800
4100
98300
95800
2400
2900
17900
44700
96900
2400
22300
5200
11000
4600
36900
66200
12200
73300
42700
19500
14400
8000
31500
43400
26000
20600
35100
19400
900
29200
41700
33500
25100
100
74700
4600
35900
6600
4700
11200
54400
2300
3800
6400
100
23700
27800
11300
47100
75300
7200
2200
24200
3600
12700
41900
34200
82400
65800
6300
42200
1100
22100
97700
11000
58600
91400
35700
14100
45700
76200
8600
22600
7100
60300
9500
59400
98600
6500
100700
16400
1900
1300
40100
9900
3200
13400
26300
103200
7500
4300
5200
26400
61900
25700
9700
17600
27500
48100
20900
83000
22200
24500
700
2100
9100
34900
58900
2000
39100
21600
33800
18900
21700
1800
12600
18900
400
32000
2300
13900
2200
22500
37000
9500
6800
55500
7600
45500
48100
101200
58900
2900
65700
27400
11200
9100
20800
4700
62900
4900
63700
18700
98000
49500
60600
76300
22600
38600
28500
72100
10200
40400
2200
4200
33700
9700
33100
42300
44000
2700
2900
81400
1600
22300
97200
57600
41200
94000
10000
99500
64900
22100
3700
12900
100800
88600
4200
2300
34800
76400
7100
100100
47000
1100
17100
47400
20600
25200
31200
16800
11000
40900
33300
6300
35500
5000
6800
99000
35400
44300
4300
2900
66900
21100
96900
16200
3800
23500
53600
2000
97100
13600
97200
88200
19300
98700
27800
8000
97600
42700
63600
61300
43600
99000
4200
74300
5400
45900
30400
14000
97700
11300
97500
96800
16100
78100
23800
23500
23300
51900
99000
85300
9500
44700
-300
103500
91100
9700
69400
16700
31200
28100
1700
49200
5400
52100
97500
66300
45800
29700
18300
43700
96000
60100
98300
96500
5700
3100
75900
74000
19600
21900
95400
8700
76100
97000
60400
47900
42300
51500
50400
22800
7900
1300
93700
47200
9200
17800
30100
5600
85800
99000
2900
8900
30900
33100
67000
40100
29200
75600
45800
18500
38400
9200
3400
44200
42000
14400
27800
98600
96900
72300
39300
10100
10500
2100
2000
8600
26400
100800
89900
19400
9000
95000
7800
57300
1200
24700
500
54500
22000
21600
41900
19200
95100
7200
2400
4400
47800
57100
11200
18000
37500
96900
85100
95100
76000
83000
61700
3600
5400
26800
4600
46000
36600
6400
7100
20400
1800
2200
