0
-8.875
-10.495000000000001
-6.54
-12.000000000000002
-8.68
-9.34
-10.735
-7.029999999999999
-10.84
-7.515000000000001
-8.27
-9.095
-11.805000000000001
-11.250000000000002
-11.260000000000002
-5.49
-7.96
-11.275
-12.334999999999999
-9.225
-8.385
-10.735000000000001
-10.745
-12.18
-11.945
-7.540000000000001
-8.149999999999999
-8.375
-7.479999999999999
-9.47
-6.78
-8.239999999999998
-11.449999999999998
-7.2700000000000005
-8.77
-7.130000000000002
-9.940000000000001
-8.739999999999998
-11.725
-13.564999999999998
-9.39
-9.35
-8.54
-6.855
-7.75
-5.295
-6.950000000000001
-8.625
-10.575
-10.8
-7.610000000000001
-7.490000000000001
-9.305
-6.99
-10.495000000000001
-11.845
-12.245000000000001
-11.900000000000002
-11.245000000000001
-10.460000000000003
-14.775
-9.03
-9.4
-10.149999999999999
-10.945000000000002
-9.665000000000001
