0
-1.06732
-1.04939
-1.00332
-1.03054
-1.05295
-1.03976
-1.0632
-1.0247
-1.02668
-1.04253
-1.0423
-1.0286
-1.0520100000000001
-1.03695
-1.03428
-1.05257
-1.03569
-1.03384
-1.05008
-1.04687
-1.0478399999999999
-1.05375
-1.03023
-1.05647
-1.02661
-1.06676
-1.04298
-1.03612
-1.06363
-1.04947
-1.02872
-1.0489600000000001
-1.05209
-1.0619
-1.05683
-1.03309
-1.06143
-1.03243
-1.03476
-1.0503
-1.05717
-1.03106
-1.03851
-1.03063
-1.05927
-1.03984
-1.02827
-1.05236
-1.05216
-1.0432
-1.0566
-1.0535
-1.04513
-1.03723
-1.05757
-1.05531
-1.04785
-1.05289
-1.05121
-1.03457
-1.03231
-1.03849
-1.06049
-1.04607
-1.04506
-1.04825
-1.05701
-1.06981
-1.02811
-1.06698
-1.03048
-1.03484
-1.04941
-1.04058
-1.04557
-1.05766
-1.04105
-1.05437
-1.04736
-1.04105
-1.04482
-1.03018
-1.05482
-1.03256
-1.04595
-1.06012
-1.04018
-1.04171
-1.0316
-1.04032
-1.0333
-1.04144
-1.03714
-1.05207
-1.06637
-1.02853
-1.03596
-1.03613
-1.0665499999999999
-1.04544
-1.05343
-1.06088
-1.07315
-1.06437
-1.03949
-1.06211
-1.03812
-1.03883
-1.04477
-1.07371
-1.03922
-1.05456
-1.04262
-1.03756
-1.04734
-1.03405
-1.0348600000000001
-1.0568
-1.05295
-1.0318
-1.0608
-1.05744
-1.02475
-1.05657
-1.08673
-1.03814
-1.04176
-1.05355
-1.05836
-1.03612
-1.0264
-1.06747
-1.06297
-1.05358
-1.05777
-1.02758
-1.02673
-1.06848
-1.04196
-1.03355
-1.05514
-1.04776
-1.0542
-1.0341
-1.0506
-1.05765
-1.03365
-1.05429
-1.06839
-1.04271
-1.05596
-1.05745
-1.02454
-1.02991
-1.0478
-1.03544
-1.0623
-1.05449
-1.0436
-1.06626
-1.05426
-1.05054
-1.03557
-1.04825
-1.05376
-1.02954
-1.06406
-1.05494
-1.04545
-1.06834
-1.05537
-1.05628
-1.03451
-1.06717
-1.03641
-1.0433
-1.02554
-1.0516
-1.03043
-1.06769
-1.05075
-1.04598
-1.04433
-1.0573
-1.0449
-1.0437400000000001
-1.05383
-1.03822
-1.0602
-1.03804
-1.06415
-1.0609
-1.04485
-1.06035
-1.05903
-1.03025
-1.06118
-1.04911
-1.0469
-1.06438
-1.04961
-1.04016
-1.08027
-1.06262
-1.04175
-1.03746
-1.06299
-1.06827
-1.03884
-1.0478
-1.07214
-1.06572
-1.03308
-1.03292
-1.07667
-1.04365
-1.06547
-1.05297
-1.0534
-1.05052
-1.055
-1.04789
-1.05274
-1.06732
-1.04206
-1.05919
-1.04914
-1.02974
-1.0598
-1.04477
-1.04688
-1.04801
-1.03513
-1.02755
-1.03606
-1.05612
-1.04975
-1.02215
-1.06252
-1.04364
-1.03864
-1.0645
-1.05424
-1.06313
-1.0276
-1.03497
-1.04936
-1.04122
-1.03605
-1.0553
-1.04054
-1.07539
-1.04118
-1.03224
-1.06363
-1.05546
-1.03614
-1.04396
-1.0458
-1.05644
-1.03434
-1.06305
-1.04935
-1.06414
-1.07036
-1.03291
-1.04813
-1.02801
-1.0572300000000001
-1.03011
-1.04421
-1.03677
-1.0579
-1.0334699999999999
-1.05656
-1.0531
-1.04883
-1.04993
-1.05674
-1.02931
-1.05004
-1.06048
-1.05418
-1.06369
-1.05331
-1.0704
-1.05738
-1.05971
-1.02708
-1.03261
-1.0543
-1.0388600000000001
-1.05364
-1.03051
-1.04801
-1.03214
-1.0517
-1.04264
-1.07292
-1.05104
-1.05415
-1.05371
-1.05111
-1.05434
-1.02382
-1.04375
-1.06163
-1.0624500000000001
-1.06593
-1.07308
-1.06143
-1.05329
-1.03272
-1.04044
-1.05298
-1.0336400000000001
-1.05487
-1.04124
-1.03871
-1.04348
-1.05398
-1.0581
-1.04453
-1.0533
-1.04722
-1.04899
-1.04947
-1.0593
-1.04601
-1.05076
-1.03823
-1.0291
-1.04135
-1.05584
-1.02605
-1.04715
-1.05926
-1.04507
-1.05224
-1.03415
-1.06592
-1.05946
-1.03399
-1.05698
-1.0440800000000001
-1.04575
-1.05974
-1.07415
-1.07358
-1.03255
-1.05429
-1.05574
-1.05069
-1.03453
-1.06414
-1.04117
-1.07802
-1.04764
-1.0330300000000001
-1.03086
-1.04036
-1.079
-1.03376
-1.07869
-1.04434
-1.06123
-1.05668
-1.05518
-1.06807
-1.04796
-1.05935
-1.0432299999999999
-1.0779
-1.04084
-1.05359
-1.06387
-1.07049
-1.0629
-1.05339
-1.05285
-1.04822
-1.04111
-1.07593
-1.03622
-1.05267
-1.048
-1.04605
-1.06113
-1.04871
-1.05018
-1.05359
-1.06004
-1.04903
-1.04222
-1.03277
-1.0631300000000001
-1.06251
-1.06739
-1.04409
-1.06582
-1.04183
-1.04335
-1.03771
-1.06948
-1.0443500000000001
-1.04971
-1.07027
-1.04443
-1.07172
-1.07208
-1.07275
-1.05666
-1.06159
-1.04787
-1.04323
-1.06415
-1.03726
-1.02777
-1.05167
-1.03675
-1.07498
-1.04318
-1.04334
-1.03338
-1.05234
-1.05516
-1.05578
-1.03235
-1.03573
-1.06044
-1.0591
-1.05586
-1.05374
-1.06842
-1.06285
-1.0359
-1.04364
-1.0862100000000001
-1.0588
-1.03866
-1.08814
-1.05506
-1.06237
-1.0563
-1.04259
-1.03306
-1.03966
-1.0279
-1.05467
-1.05248
-1.04703
-1.07548
-1.04209
-1.04504
-1.0776
-1.07375
-1.04877
-1.03237
-1.06959
-1.04779
-1.04425
-1.05168
-1.0472
-1.03223
-1.0667200000000001
-1.08066
-1.05884
-1.075
-1.06543
-1.04503
-1.03478
-1.04968
-1.03004
-1.06452
-1.03636
-1.06222
-1.06861
-1.05926
-1.07074
-1.03304
-1.06519
-1.04066
-1.04844
-1.05842
-1.05335
-1.04811
-1.06924
-1.06243
-1.03846
-1.04805
-1.05374
-1.0526200000000001
-1.06774
-1.02616
-1.04522
-1.03325
-1.06565
-1.06961
-1.04819
-1.02976
-1.02827
-1.05318
-1.03859
-1.05127
-1.05506
-1.08184
-1.05971
-1.04107
-1.06189
-1.03756
-1.03206
-1.04611
-1.05398
-1.04898
-1.04259
-1.04975
-1.06527
-1.06094
-1.04886
-1.04032
-1.04486
-1.0537
-1.05141
-1.04395
-1.03428
-1.04931
-1.05943
-1.07682
-1.03676
-1.05106
-1.04282
-1.05186
-1.03448
-1.04875
-1.05108
-1.02831
-1.04948
-1.05023
-1.05716
-1.05805
-1.04239
-1.03302
-1.07185
-1.03938
-1.04873
-1.06564
-1.05229
-1.07866
-1.04496
-1.03443
-1.05195
-1.04556
-1.0668
-1.04307
-1.0646
-1.04093
-1.05689
-1.03315
-1.02675
-1.04106
-1.05378
-1.04647
-1.05238
-1.06096
-1.06449
-1.04034
-1.04796
-1.0327
-1.05123
-1.04824
-1.03888
-1.04
-1.04011
-1.03465
-1.03446
-1.0431
-1.05316
-1.06057
-1.04667
-1.04163
-1.05829
-1.0411
-1.0705500000000001
-1.04604
-1.02608
-1.05388
-1.04253
-1.05291
-1.06398
-1.06266
-1.05397
-1.06676
-1.0637
-1.03995
-1.05099
-1.06387
-1.06106
-1.04573
-1.0641
-1.02782
-1.0618
-1.06861
-1.0255
-1.06842
-1.04488
-1.04322
-1.05638
-1.05369
-1.05716
-1.07657
-1.03386
-1.07053
-1.03894
-1.04706
-1.03008
-1.07013
-1.0611
-1.05878
-1.04573
-1.03578
-1.06929
-1.04843
-1.06949
-1.03024
-1.06487
-1.04675
-1.06052
-1.05773
-1.06541
-1.03504
-1.05493
-1.04706
-1.04111
-1.06913
-1.0528
-1.03216
-1.0595700000000001
-1.04655
-1.04984
-1.04047
-1.03914
-1.07661
-1.0716700000000001
-1.03406
-1.04593
-1.05609
-1.04839
-1.0324
-1.04988
-1.06256
-1.05704
-1.0428
-1.04785
-1.06124
-1.02825
-1.04758
-1.03889
-1.05107
-1.05129
-1.03573
-1.03027
-1.04019
-1.08255
-1.04177
-1.03328
-1.0562
-1.06896
-1.05513
-1.04601
-1.05834
-1.05094
-1.045
-1.06929
-1.04225
-1.076
-1.06184
-1.05848
-1.06323
-1.06565
-1.04737
-1.0342
-1.0317
-1.02751
-1.0435
-1.07093
-1.07596
-1.03578
-1.0570599999999999
-1.02627
-1.02671
-1.0622
-1.05583
-1.03675
-1.05568
-1.03216
-1.04626
-1.03893
-1.05354
-1.0537
-1.03498
-1.03841
-1.04648
-1.04184
-1.04673
-1.03883
-1.05189
-1.0413
-1.06083
-1.05613
-1.05216
-1.0479
-1.06034
-1.06546
-1.04735
-1.04119
-1.02665
-1.05359
-1.08866
-1.04582
-1.08269
-1.04981
-1.05408
-1.03523
-1.04601
-1.05367
-1.04692
-1.0664
-1.0658
-1.06932
-1.05908
-1.05112
-1.06389
-1.04047
-1.06295
-1.03116
-1.04888
-1.06598
-1.04434
-1.06835
-1.04604
-1.03723
-1.04802
-1.02924
-1.05589
-1.05015
-1.04914
-1.03685
-1.0244
-1.06942
-1.0578
-1.04859
-1.04702
-1.07939
-1.06295
-1.05544
-1.05204
-1.03818
-1.03385
-1.05316
-1.03704
-1.0515
-1.0569
-1.04925
-1.06231
-1.04703
-1.0728
-1.04361
-1.04974
-1.03319
-1.02507
-1.05827
-1.03436
-1.06832
-1.02664
-1.03156
-1.05261
-1.0651
-1.04777
-1.04942
-1.05617
-1.03807
-1.06182
-1.05169
-1.06269
-1.04796
-1.0324
-1.04356
-1.04655
-1.04866
-1.05777
-1.05725
-1.05882
-1.04841
-1.03849
-1.04284
-1.05675
-1.05251
-1.05267
-1.05313
-1.02887
-1.06756
-1.06012
-1.0522
-1.0333
-1.04636
-1.05379
-1.04007
-1.05091
-1.03988
-1.07094
-1.05186
-1.04647
