0
-1.17824
-1.06036
-1.07551
-1.06626
-1.07639
-1.0570599999999999
-1.03516
-1.06878
-1.05407
-1.09115
-1.06896
-1.05763
-1.05371
-1.07475
-1.06684
-1.06602
-1.08378
-1.07895
-1.04964
-1.04495
-1.06009
-1.06788
-1.07967
-1.02744
-1.0506
-1.07304
-1.03585
-1.07439
-1.06929
-1.04845
-1.06852
-1.0459
-1.0738
-1.04996
-1.05986
-1.10709
-1.043
-1.05975
-1.10284
-1.06436
-1.04321
-1.06746
-1.03968
-1.06754
-1.06914
-1.07723
-1.07039
-1.05388
-1.07181
-1.07025
-1.06843
-1.07878
-1.0738699999999999
-1.04712
-1.03643
-1.0738699999999999
-1.07134
-1.06501
-1.03643
-1.0803099999999999
-1.06345
-1.10903
-1.06408
-1.03042
-1.06692
-1.04335
-1.10414
-1.08576
-1.0649
-1.0615
-1.04136
-1.07052
-1.0462
-1.07294
-1.03587
-1.05093
-1.07582
-1.07222
-1.06317
-1.07459
-1.06496
-1.05324
-1.057
-1.03514
-1.07425
-1.03806
-1.08061
-1.0676
-1.04812
-1.06142
-1.07067
-1.07368
-1.06742
-1.06395
-1.06679
-1.06545
-1.06968
-1.0671599999999999
-1.06867
-1.0658
-1.06805
-1.06691
-1.0539
-1.07925
-1.08606
-1.0413
-1.0871
-1.03808
-1.03905
-1.04304
-1.03466
-1.10476
-1.03459
-1.0575
-1.05736
-1.0815000000000001
-1.06585
-1.06897
-1.06656
-1.04151
-1.0743800000000001
-1.07372
-1.04379
-1.06825
-1.08019
-1.05924
-1.06848
-1.06408
-1.07886
-1.09235
-1.07756
-1.06994
-1.06562
-1.07733
-1.09804
-1.05512
-1.06419
-1.06719
-1.06168
-1.06382
-1.06332
-1.09832
-1.08099
-1.05674
-1.06572
-1.03806
-1.03863
-1.0561099999999999
-1.09458
-1.0613
-1.04927
-1.0748199999999999
-1.07953
-1.0657
-1.05405
-1.06167
-1.08052
-1.09209
-1.0425
-1.04147
-1.05272
-1.0699
