0
59.623744444444526
78.11615000000032
2.758633333333332
63.74210555555554
75.53707222222246
73.90541666666681
74.34463888888915
20.897083333333345
44.55413333333343
75.88383333333331
78.29393333333385
75.59183333333307
23.270633333333315
23.401349999999972
61.643711111111266
59.771466666666846
23.384238888888873
75.09832777777814
78.8805055555557
44.64286111111109
51.52937222222229
78.48945555555531
71.40408888888928
43.28522777777789
29.9223222222222
77.02613333333368
75.16386111111143
75.91643888888936
75.37767777777809
39.58866666666669
75.10455000000017
57.45829444444459
77.55626111111145
26.454505555555485
20.845449999999982
71.19546111111111
75.59471666666705
47.98651111111121
75.97689444444471
32.741983333333344
76.46544444444466
77.15115555555565
15.333649999999977
55.80246666666677
7.404572222222223
52.26747222222225
14.835061111111091
9.854416666666657
78.42504444444491
75.7346722222223
75.58998333333342
11.891988888888884
28.418922222222207
37.505349999999936
77.03212222222244
77.22768888888906
75.42950000000017
28.37901666666663
72.73811666666712
44.62755000000015
31.942188888888893
75.46336111111142
33.79622222222221
50.02723333333342
75.83987222222243
23.49756666666666
79.39658333333372
74.6272111111115
33.49626666666664
27.717883333333347
25.92297777777774
73.8566833333335
73.01668333333389
72.9464500000002
44.933861111111085
39.523150000000044
77.47559444444474
41.37393888888893
74.32532777777793
77.78898888888915
77.46084444444492
75.21972222222254
42.797922222222226
19.754894444444446
76.70962777777802
76.18034444444457
8.833405555555549
31.135533333333335
74.39724444444458
74.70926111111136
28.090627777777772
76.00462222222264
20.51919444444444
68.34748888888916
75.28919999999991
23.073838888888876
76.33008888888945
15.867511111111114
72.42299444444458
26.310155555555557
57.417511111111295
28.519877777777744
10.013955555555553
57.33961111111135
74.49678333333377
12.49702777777778
55.232355555555806
-0.24180000000000013
74.47431666666697
73.76807222222247
72.27696111111142
44.68330555555562
23.18752777777777
5.367716666666669
68.78871111111128
76.8725444444447
25.18299444444444
75.72592222222238
74.78161666666689
76.66307222222267
77.64952777777813
9.873566666666651
12.36843333333331
65.64384444444471
78.76774444444455
36.863866666666674
76.79858333333351
74.41840000000022
54.050161111111194
11.361905555555538
74.77248888888933
75.50990555555583
70.51699444444462
7.060683333333326
9.14181666666667
55.85508888888889
19.06275555555552
5.777783333333333
73.22203333333337
42.12679444444451
30.114138888888824
20.86676666666667
75.75289444444452
26.64976111111105
42.18275555555558
78.41777777777817
77.86809444444464
11.769761111111128
60.49465000000028
61.59675000000003
2.3359666666666645
1.9889777777777806
59.292177777777894
75.82661111111138
77.07980555555581
32.74942222222226
76.50681111111133
10.50926111111111
