0
116000
144900
6000
122500
140800
139800
139300
40200
84300
143700
146400
143700
43800
45000
115400
113700
43900
142700
147700
86600
99400
148600
135700
81500
57100
144600
140600
142000
141800
76800
140400
107900
144200
49600
39600
133400
143400
91100
142100
61800
144800
145000
28800
106500
14800
101200
28100
19200
146600
142600
143700
22300
53500
71100
144400
145600
144900
53400
140700
84600
62800
141500
63400
94200
143500
45300
148200
143300
63300
52800
49100
139200
138300
137700
84800
74700
147500
78100
139100
146500
144800
142600
82300
37700
144500
143900
18100
60900
140300
140600
54500
141700
40400
129400
143100
43900
141100
30800
139400
50500
107300
55400
19900
107300
139200
24800
104500
0
140700
140800
137000
83800
44600
11100
130700
145700
47600
143500
141600
143500
145400
19200
24000
124100
149300
69600
144600
139500
101900
22600
140200
143200
133100
14100
18300
106900
36100
11400
140100
79100
57400
39900
143900
50600
79300
146300
145700
22700
115200
117900
4800
4100
113900
144200
146800
61600
143300
20900
