0
-1.0815000000000001
-1.11855
-1.06035
-1.1031
-1.0968499999999999
-1.0822
-1.0854
-1.05695
-1.0937000000000001
-1.0639
-1.1035
-1.0803
-1.1222
-1.0922
-1.07755
-1.09915
-1.0944
-1.0607
-1.10865
-1.11155
-1.07275
-1.1306
-1.05455
-1.08275
-1.05675
-1.06695
-1.0806
-1.06395
-1.08585
-1.0735999999999999
-1.0871
-1.13025
-1.1178
-1.0891
-1.0872
-1.1031
-1.11325
-1.0882
-1.08245
-1.0659
-1.0718
-1.09055
-1.1007
-1.10285
-1.0958999999999999
-1.0725500000000001
-1.09525
-1.1165
-1.0782
-1.06215
-1.0684
-1.1064
-1.069
-1.07275
-1.068
-1.1007500000000001
-1.0746
-1.0938
-1.09945
-1.08145
-1.08685
-1.0933
-1.1
-1.0968
-1.0897000000000001
-1.08385
-1.0892
-1.07955
-1.1203
-1.1002
-1.11365
-1.0959
-1.08345
-1.0905
-1.0651
-1.09035
-1.08685
-1.05865
-1.08565
-1.0818
-1.10005
-1.06595
-1.0832
-1.10125
-1.06495
-1.0753
-1.11715
-1.08755
-1.0729
-1.0537
-1.0784
-1.0881
-1.09295
-1.0177769230769231
-1.0869
-1.08435
-1.0765500000000001
-1.08715
-1.0649
-1.0945
-1.0831
-1.074
-1.09575
-1.0872
-1.074
-1.0706
-1.10745
-1.06215
-1.05905
-1.06855
-1.081
-1.0801
-1.0963
-1.06775
-1.11265
-1.05435
-1.0826500000000001
-1.116
-1.0805500000000001
-1.07295
-1.0788
-1.09595
-1.07775
-1.031176923076923
-1.11205
-1.089
-1.1374
-1.07995
-1.0997
-1.08395
-1.0619
-1.0862
-1.0818
-1.06365
-1.10015
-1.07405
-1.0493999999999999
-1.05695
-1.07985
-1.08675
-1.0907
-1.0763
-1.0546
-1.05325
-1.1011
-1.07275
-1.1068
-1.1082
-1.08645
-1.0525
-1.0845500000000001
-1.0907
-1.0881
-1.0957999999999999
-1.09565
-1.08655
-1.0843
-1.08725
-1.0831
-1.06375
-1.04825
-1.06385
-1.08725
-1.0932
-1.0512
-1.09985
-1.1124
-1.10705
-1.08535
-1.07065
-1.1251
-1.1224
-1.06675
-1.0622
-1.08195
-1.11215
-1.0643
-1.0929
-1.05975
-1.0944
-1.0895
-1.0767
-1.10305
-1.1167
-1.07785
-1.09915
-1.07155
-1.0812
-1.0942
-1.0826
-1.0552
-1.094
-1.05855
-1.1125
-1.0984
-1.0543
-1.09005
-1.1208
-1.07705
-1.08695
-1.08445
-1.10275
-1.0645
-1.09565
-1.0854
-1.06755
-1.0602
-1.10995
-1.11795
-1.08875
-1.092
-1.0663
-1.0783
-1.08835
-1.10735
-1.11475
-1.07035
-1.0816
-1.10185
-1.0565
-1.0646
-1.0632
-1.1322
-1.09855
-1.07965
-1.11825
-1.11185
-1.07865
-1.07915
-1.0878
-1.1038000000000001
-1.0864
-1.06095
-1.07845
-1.06745
-1.10745
-1.05805
-1.0813
-1.09085
-1.10185
-1.0857
-1.079
-1.04355
-1.0585
-1.0776000000000001
-1.1049
-1.0526
-1.11135
-1.0901
-1.09285
-1.08435
-1.09155
-1.1135
-1.06935
-1.051
-1.0956000000000001
-1.057
-1.0759
-1.07585
-1.08495
-1.07885
-1.06195
-1.0817
-1.06265
-1.08125
-1.0972
-1.0721
-1.0668
-1.09445
-1.0915
-1.1090499999999999
-1.0687
-1.1191
-1.1019
-1.0763
-1.0866
-1.1146
-1.0714000000000001
-1.07995
-1.12465
-1.08675
-1.1039
-1.09495
-1.0705
-1.0719
-1.06945
-1.0761
-1.07125
-1.0618
-1.08345
-1.1122
-1.09335
-1.1049
-1.08065
-1.1097
-1.10145
-1.13685
-1.07135
-1.0811
-1.0802
-1.04985
-1.05815
-1.06475
-1.0632
-1.10595
-1.08485
-1.0667
-1.05795
-1.0931
-1.07755
-1.1159
-1.06605
-1.06955
-1.0445
-1.06505
-1.05055
-1.06545
-1.08465
-1.0792
-1.021726923076923
-1.0834
-1.0987
-1.038476923076923
-1.039326923076923
-1.10055
-1.1001
-1.05775
-1.0901
-1.0803
-1.10125
-1.09375
-1.121
-1.06945
-1.10095
-1.078
-1.10115
-1.07545
-1.09035
-1.0857
-1.0493999999999999
-1.06845
-1.06255
-1.0461
-1.0466
-1.0964
-1.10425
-1.0882
-1.0895
-1.07285
-1.073
-1.05425
-1.0809
-1.07565
-1.0993
-1.0978
-1.09
-1.1002
-1.1076000000000001
-1.07275
-1.09115
-1.0731
-1.1194
-1.05885
-1.06525
-1.06165
-1.09355
-1.09725
-1.0791
-1.08635
-1.0922
-1.0957
-1.08765
-1.0548
-1.10175
-1.0316769230769232
-1.07805
-1.1103
-1.0835
-1.08775
-1.11035
-1.0584500000000001
-1.12155
-1.0802
-1.0874
-1.0987
-1.1025
-1.1271
-1.10495
-1.0921
-1.0679
-1.0604
-1.0394
-1.0943
-1.114
-1.0926
-1.06745
-1.08385
-1.08515
-1.07815
-1.0796000000000001
-1.08495
-1.0661
-1.10225
-1.08925
-1.0883
-1.08995
-1.054
-1.0471269230769231
-1.0816
-1.0554999999999999
-1.11875
-1.07655
-1.06475
-1.09235
-1.0691
-1.0789
-1.0745
-1.10275
-1.1064
-1.11055
-1.06715
-1.11075
-1.06525
-1.0839
-1.1058
-1.0946500000000001
-1.0911
-1.06335
-1.1125
-1.0643
-1.0927
-1.09165
-1.10785
-1.06675
-1.0697
-1.1017
-1.08425
-1.06145
-1.0602
-1.08715
-1.09685
-1.0702
-1.06545
-1.10315
-1.0704500000000001
-1.08235
-1.1047
-1.06205
-1.08555
-1.0958
-1.0863
-1.1005
-1.092
-1.08315
-1.07185
-1.09485
-1.0773
-1.0564500000000001
-1.0973
-1.06445
-1.0945
-1.0848
-1.0817
-1.0956
-1.08735
-1.0788
-1.09055
-1.09825
-1.0901
-1.05655
-1.1
-1.06725
-1.0817
-1.0561
-1.0865
-1.0527
-1.0845
-1.08485
-1.0857
-1.0841
-1.0949
-1.07915
-1.08535
-1.07395
-1.10355
-1.1019
-1.0862
-1.0862
-1.07525
-1.05905
-1.0884
-1.09025
-1.1123
-1.074
-1.09755
-1.0513
-1.0569
-1.08635
-1.0503
-1.0536
-1.067
-1.11205
-1.05705
-1.075
-1.0858
-1.08
-1.0618
-1.07235
-1.10225
-1.08605
-1.044
-1.0758
-1.0838
-1.0955
-1.09495
-1.1115
-1.0525
-1.09065
-1.09765
-1.09855
-1.0943
-1.0584500000000001
-1.0809
-1.11575
-1.092
-1.10235
-1.1114
-1.07755
-1.0766
-1.0759
-1.05935
-1.13045
-1.10705
-1.05795
-1.0883
-1.0824
-1.04735
-1.0954
-1.0863
-1.06675
-1.0531
-1.07005
-1.0991
-1.081
-1.08215
-1.06895
-1.08645
-1.1047500000000001
-1.084
-1.0715000000000001
-1.0905
-1.072
-1.11925
-1.06885
-1.09105
-1.10095
-1.033126923076923
-1.0804
-1.088
-1.0993
-1.0624500000000001
-1.11725
-1.1041
-1.08305
-1.11855
-1.06845
-1.0651
-1.08105
-1.1047
-1.09705
-1.0726
-1.05925
-1.0702
-1.07835
-1.1247
-1.0582
-1.11405
-1.096
-1.0771
-1.1022
-1.04925
-1.05755
-1.06675
-1.0997
-1.11455
-1.11375
-1.0448
-1.0847
-1.06735
-1.0975
-1.0884
-1.020876923076923
-1.11745
-1.0562
-1.1042
-1.085
-1.0986
-1.07635
-1.07505
-1.1128
-1.10165
-1.07085
-1.08355
-1.06095
-1.0931
-1.08195
-1.10455
-1.0915
-1.07075
-1.10935
-1.07215
-1.10905
-1.0709
-1.0681
-1.0995
-1.08715
-1.075
-1.1047
-1.05525
-1.0974
-1.0612
-1.1159
-1.06605
-1.11965
-1.09655
-1.09125
-1.06285
-1.0762
-1.07185
-1.0773
-1.0729
-1.0933
-1.1006
-1.08195
-1.08345
-1.06015
-1.0845500000000001
-1.0913
-1.10915
-1.10645
-1.06095
-1.1026
-1.06
-1.06025
-1.10645
-1.1056
-1.112
-1.1132
-1.09465
-1.09115
-1.0786
-1.105
-1.0695999999999999
-1.1078000000000001
-1.10165
-1.06755
-1.07765
-1.1151
-1.0907499999999999
-1.0695999999999999
-1.08105
-1.0897999999999999
-1.10035
-1.09705
-1.0568
-1.10195
-1.04985
-1.0726
-1.09215
-1.008576923076923
-1.07405
-1.09655
-1.12555
-1.0675
-1.07005
-1.099
-1.12325
-1.11325
-1.09985
-1.1011
-1.06065
-1.0972
-1.10375
-1.10025
-1.10115
-1.0733
-1.10865
-1.0814
-1.06645
-1.0518
-1.0668
-1.08115
-1.1144
-1.0728
-1.10455
-1.0708
-1.0892
-1.0903
-1.12315
-1.06735
-1.08055
-1.07095
-1.0966
-1.07995
-1.1062
-1.09025
-1.08185
-1.0933
-1.09375
-1.07615
-1.07705
-1.09835
-1.0865
-1.10035
-1.09095
-1.07865
-1.0925500000000001
-1.08445
-1.1081
-1.089
-1.1005
-1.1006
-1.12435
-1.07495
-1.10035
-1.0695
-1.0734
-1.1143
-1.0798
-1.07865
-1.0877000000000001
-1.1142
-1.05785
-1.08595
-1.0732
-1.0878
-1.1103
-1.087
-1.06905
-1.09295
-1.0724
-1.10715
-1.0925
-1.0996
-1.0914
-1.0661
-1.1106
-1.1145
-1.1049499999999999
-1.1173
-1.07
-1.0956000000000001
-1.0493999999999999
-1.12505
-1.089
-1.07015
-1.0781
-1.0927
-1.1237
-1.10485
-1.0867
-1.11365
-1.0937999999999999
-1.08825
-1.06455
-1.10805
-1.10965
-1.08015
-1.1207
-1.0723
-1.12515
-1.1287
-1.08075
-1.11565
-1.07095
-1.10105
-1.07925
-1.0859
-1.11665
-1.09465
-1.08025
-1.0765500000000001
-1.09075
-1.05705
-1.09495
-1.12195
-1.0574
-1.05265
-1.05095
-1.0663
-1.11925
-1.1113
-1.0795
-1.06545
-1.0945
-1.06365
-1.07955
-1.11355
-1.0998
-1.0714
-1.0947
-1.06375
-1.1003
-1.09325
-1.09245
-1.1078
-1.11865
-1.0981
-1.093
-1.0811
-1.09355
-1.08195
-1.09075
-1.0696
-1.06995
-1.1102
-1.10275
-1.09995
-1.07435
-1.08185
-1.11645
-1.1164
-0.995476923076923
-1.118
-1.07035
-1.1153
-1.056226923076923
-1.04095
-1.11895
-1.10165
-1.09845
-1.09525
-1.0766
-1.05625
-1.0873
-1.1075
-1.124
-1.09995
-1.11545
-1.08755
-1.07355
-1.095
-1.0756000000000001
-1.0592
-1.0788
-1.066
-1.09895
-1.08635
-1.0767
-1.0828
-1.0866
-1.12935
-1.0714000000000001
-1.0928
-1.08405
-1.10675
-1.09555
-1.097
-1.13195
-1.0646
-1.10745
-1.0544
-1.07925
-1.115
-1.07775
-1.09105
-1.0671
-1.0669
-1.09555
-1.112
-1.0857
-1.0761
-1.09295
-1.1091
-1.1250499999999999
-1.09265
-1.0503
-1.10735
-1.1089
-1.0545
-1.1107
-1.0781
-1.08705
-1.1014
-1.1042
-1.116
-1.0696
-1.0908
-1.0949
-1.07935
-1.11455
-1.11915
-1.0673
-1.0799
-1.09035
-1.10335
-1.1057000000000001
-1.1017
-1.06305
-1.1157
-1.0647
-1.0612
-1.0967500000000001
-1.09215
-1.0865
-1.0915
-1.0617
-1.0911
-1.0689
-0.995326923076923
-1.08015
-0.8818307692307693
-1.1091
-1.0823
-1.0743
-1.1294
-1.0757
-1.0666
-1.04415
-1.0964
-1.07575
-1.08155
-1.0778
-1.07865
-1.08935
-1.10425
-1.07335
-1.091
-1.0601
-1.0698
-1.07305
-1.0948
-1.08045
-1.1057000000000001
-1.0677
-1.08485
-1.08465
-1.08355
-1.07235
-1.0744
-1.07545
-1.07945
-1.031626923076923
-1.0919
-1.0633
-1.0921
-1.0876
-1.06705
-1.08
-1.0787
-1.09925
-1.11275
-1.09065
-1.0633
-1.09505
-1.0773
-1.06905
-1.11305
-1.07365
-1.06135
-1.12565
-1.0461
-1.0944
-1.05665
-1.1043
-1.08405
-1.08555
-1.0773
-1.06695
-1.1141
-1.07915
-1.0762
-1.0744
-1.0908
-1.06195
-1.0929
-1.093
-1.10755
-1.10355
-1.11185
-1.0576
-1.05785
-1.0703
-1.11475
-1.0632
-1.04935
-1.067
-1.0934
-1.09825
-1.08595
-1.08625
-1.0803
-1.07105
-1.06045
-1.0528
-1.10455
-1.07025
-1.10505
-1.06095
-1.0848
-1.07215
-1.08085
-1.08645
-0.9322038461538462
-1.10135
-1.09305
-1.0628
-1.1209500000000001
-1.07305
-1.0871
-1.12035
-1.0725500000000001
-1.11515
-1.111
-1.08245
-1.09195
-1.09365
-1.11195
-1.07205
-1.0868
-1.08995
-1.10775
-1.07145
-1.0715
-1.11865
-1.041576923076923
-1.08105
-1.0667
-1.0691
-1.11255
-1.0746
-1.11075
-1.12615
-1.09755
-1.0813
-1.08765
-1.11415
-1.1102
-1.11035
-1.10405
-1.09225
-1.0556
-1.0897000000000001
-1.10805
-1.10295
-1.06555
-1.07565
-1.083
-1.1207500000000001
-1.0746
-1.061
-1.10595
-1.10105
-1.09735
-1.08325
-1.12165
-1.07915
-1.07785
-1.0985
-1.07945
-1.09535
-1.1068
-1.07495
-1.123
-1.0435
-1.0882
-1.0776000000000001
-1.09305
-1.1069
-1.1062
-1.0833
-1.0925
-1.06835
-1.08725
-1.0534
-1.099
-1.0695
-1.07235
-1.05455
-1.0701
-1.0724
-1.116
-1.10115
-1.12425
-1.0582
-1.11015
-1.08525
-1.06255
-1.0776
-1.1023
-1.12055
-1.08995
-1.0518
-1.0046269230769231
-1.1137
-1.1108
-1.11465
-1.0967
-1.08415
-1.08435
-1.10805
-1.0449
-1.1318000000000001
-1.06565
-1.10915
-1.084
-1.0725
-1.09185
-1.1065
-1.0776
-1.08935
-1.06195
-1.0816
-1.0967500000000001
-1.07675
-1.07535
-1.0996
-1.1280000000000001
-1.102
-1.08875
-1.1167
-1.0488
-1.07365
-1.06225
-1.05205
-1.09575
-1.0795
-1.07965
-1.09045
-1.076
-1.05355
-1.10065
-1.1351499999999999
-1.09735
-1.10955
-1.09845
-1.0885
-1.08885
-1.0853
-1.0856
-1.1105
-1.07715
-1.0453
-1.11115
-1.10435
-1.0547
-1.0321
-1.0946
-1.08225
-1.0641
-1.092
-1.0996
-1.0764
-1.09035
-1.06375
-1.07645
-1.077
-1.1054
-1.08155
-1.07195
-1.07125
-1.1151
-1.09975
-1.08015
-1.07275
-1.0807
-1.11795
-1.06635
-1.0877000000000001
-1.09745
-1.0684
-1.11045
-1.0876000000000001
-1.11525
-1.108
-1.0806499999999999
-1.08805
-1.11695
-1.08335
-1.0881
-1.1115
-1.0669
-1.08395
-1.08725
-1.089
-1.0922
-1.09185
-1.0567
-1.07505
-1.08935
-1.10785
-1.0777
-1.08815
-1.0744
-1.10775
-1.002776923076923
-1.09475
-1.0819
-1.0662
-1.0927
-1.13805
-1.04535
-1.10735
-1.08805
-1.09405
-1.0765
-1.0554
-1.07775
-1.1045
-1.0665
-1.11115
-1.1038000000000001
-1.1117
-1.0711
-1.06205
-1.059576923076923
-1.1037
-1.09725
-1.072
-1.0694
-1.09275
-1.0853
-1.11265
-1.08455
-1.11225
-1.0923
-1.10015
-1.09345
-1.11975
-1.002126923076923
-1.0972
-1.10725
-1.0754
-1.1288
-1.0965
-1.09585
-1.0852
-1.09455
-1.1076
-1.09715
-1.0888
-1.05645
-1.1073
-1.086
-1.0682
-1.12685
-1.0549
-1.0792
-1.11545
-1.0692
-1.06855
-1.0605
-1.09165
-1.089
-1.0541
-1.09005
-1.093
-0.986576923076923
-1.0811
-1.06945
-1.0774
-1.07435
-1.107
-1.1285
-1.12005
-1.116
-1.10535
-1.10595
-1.08715
-1.0969
-1.08235
-1.07405
-1.1182
-1.06175
-1.0902
-1.0878
-1.1106
-1.0662
-1.10695
-1.06205
-1.09195
-1.1157
-1.09315
-1.05385
-1.07705
-1.09735
-1.09335
-1.06785
-1.097
-1.09555
-1.10245
-1.0626
-1.09135
-1.06705
-1.066
-1.0556
-1.0713
-1.0727
-1.0624
-1.09275
-1.1105
-1.1002
-1.07015
-1.1027
-1.0984
-1.07645
-1.1082
-1.0622
-1.09995
-1.1039
-1.0744
-1.0662
-1.10355
-1.097
-1.0811
-1.06035
-1.1119
-1.11755
-1.10935
-1.07535
-1.0677
-1.1042
-1.04805
-1.0902
-1.06885
-1.08125
-1.08025
-1.0286269230769232
-1.08735
-1.06145
-1.12415
-1.09135
-1.0752
-1.0651
-1.099
-1.0579
-1.0847
-1.0899
-1.08335
-1.0938
-1.021726923076923
-1.074
-1.07555
-1.0853
-1.07025
-1.05615
-1.085
-1.07695
-1.04995
-1.08735
-1.1057000000000001
-1.0709
-1.1077
-1.0849
-1.086
-1.10605
-1.0707
-1.0855
-1.10425
-1.0711
-1.1424
-1.1108500000000001
-1.05515
-1.031526923076923
-1.10845
-1.10465
-1.0636
-1.0719
-1.05375
-1.08965
-1.015626923076923
-1.1066
-1.07205
-1.06725
-1.07815
-1.0708
-1.08595
-1.06175
-1.1295
-0.991526923076923
-1.08645
-1.1075
-1.10185
-1.0848
-1.10325
-1.12065
-1.03735
-1.1229
-1.0525
-1.07225
-1.07895
-1.032476923076923
-1.06665
-1.0659
-1.09625
-1.07705
-1.10195
-1.11265
-1.1149499999999999
-1.022376923076923
-1.1179000000000001
-1.13015
-1.0968499999999999
-1.08735
-1.08365
-1.04395
-1.06145
-1.10055
-1.10615
-1.11925
-1.09035
-1.10105
-1.08645
-1.1191
-1.066
-1.0691
-1.10785
-1.0715
-1.04515
-1.022676923076923
-1.11375
-1.06675
-1.0646
-1.1156
-1.0866500000000001
-1.11985
-1.10405
-1.05505
-1.1337
-1.1004
-1.0747
-1.09175
-1.10925
-1.10015
-1.03955
-1.0787
-1.0304269230769232
-1.07075
-1.07065
-1.1209
-1.08635
-1.09115
-1.0988
-1.08245
-1.0777
-1.10235
-1.0563
-1.0945
-1.084
-1.0917
-1.10315
-1.0874
-1.0967500000000001
-1.05885
-1.0681
-1.12735
-1.0604
-1.0948
-0.9908769230769231
-1.0932
-1.1052
-1.0618
-1.0885
-1.0558
-1.11465
-1.05595
-1.09445
-1.0619
-1.066
-1.09485
-1.12025
-1.1004
-1.08035
-1.11355
-1.0931
-1.0928
-1.0944
-1.1185
-1.09005
-1.06325
-1.1222
-1.1052
-1.0749
-1.09665
-1.0925
-1.10055
-1.0558
-1.0944
-1.05025
-1.06815
-1.07025
-1.12765
-1.0542
-1.0612
-1.1209500000000001
-0.9667538461538462
-1.05945
-1.0866
-1.04475
-1.0938
-1.0726
-1.0669
-1.08075
-1.0698
-1.10705
-1.0732
-1.06605
-1.0679
-1.1361
-1.0875
-1.05285
-1.10745
-1.0729
-1.1305
-1.084
-1.04735
-1.0975
-1.0879
-1.0705
-1.0752
-1.0793
-1.0592
-1.0872
-1.06195
-1.0983
-1.0855
-1.0937
-1.06525
-1.1121
-1.07855
-1.0599
-1.09545
-1.09365
-1.09455
-1.0835
-1.13545
-1.08045
-1.08715
-1.04175
-1.1016
-1.0674
-1.08095
-1.0739
-1.10605
-1.1249500000000001
-1.07515
-1.0615
-1.06285
-1.05145
-1.08035
-1.0882
-1.0824
-1.0987
-1.0956
-0.9895269230769231
-1.0796999999999999
-1.10005
-1.1222
-1.068
-1.0943
-1.07335
-1.1123
-1.1081
-1.0987
-1.1157
-1.10845
-1.1015
-1.07065
-1.03965
-1.0799
-1.0787
-1.11525
-1.05925
-1.08875
-1.0947
-1.1076
-1.07425
-1.08295
-1.025176923076923
-1.0845
-1.0725500000000001
-1.10965
-1.09255
-1.07555
-1.07325
-1.10965
-1.08445
-1.0757
-1.10255
-1.1217
-1.06335
-1.12785
-1.0649
-1.10565
-1.1229
-1.0942
-1.05915
-1.0941
-1.0907
-1.0889
-1.09575
-1.10445
-1.0703
-1.0768
-1.0984
-1.0754000000000001
-1.07
-1.1018
-1.11855
-1.08305
-1.0889
-1.07505
-1.10445
-1.129
-1.06585
-1.1024
-1.08115
-1.0218769230769231
-1.0811
-1.021026923076923
-1.0918
-1.05145
-1.1143
-1.11235
-1.09125
-1.049
-1.12585
-1.063076923076923
-1.06395
-1.0774
-1.11105
-1.0915
-1.0815
-1.0756000000000001
-1.0801
-1.10335
-1.1178
-1.0972
-1.09315
-1.06225
-1.0599
-1.0868
-1.0524
-1.08675
-1.094
-1.10325
-1.0727
-1.10135
-1.0967
-1.10795
-1.0991
-1.1108500000000001
-1.0835
-1.0786
-1.0839
-1.12505
-1.1007
-1.0393
-1.1006
-1.1434
-1.10225
-1.05095
-1.0959
-1.0518
-1.0978
-1.10195
-1.1219000000000001
-1.12115
-1.07535
-1.0448
-1.06405
-1.1256
-1.0559
-1.0741
-1.09225
-1.0724
-1.1027
-1.06025
-1.07
-1.05005
-1.119
-1.066
-1.0838
-1.08205
-1.0614
-1.05315
-1.1035
-1.10175
-1.0817
-1.0584
-1.05025
-1.12405
-1.10825
-1.08035
-1.09175
-1.056
-1.0967500000000001
-1.0698
-1.11015
-1.088
-1.1066
-1.0985
-1.09965
-1.042326923076923
-1.1174
-1.08975
-1.0852
-1.0048269230769231
-1.0923
-1.119
-1.09685
-1.08535
-1.057926923076923
-1.09435
-1.0829
-1.093
-1.06405
-1.10345
-1.0816
-1.10285
-1.1206
-1.06365
-1.09745
-1.08875
-1.1159
-1.0931
-1.0931
-1.09485
-1.07845
-1.1214
-1.09885
-1.06535
-1.06355
-1.08305
-1.09885
-1.07725
-1.0447269230769232
-1.0725500000000001
-1.09635
-1.12325
-1.1213
-1.0586
-1.12035
-1.07835
-1.0957
-1.1124
-1.07195
-1.09925
-1.09225
-1.10825
-1.09035
-1.08355
-1.09505
-1.07645
-1.0768
-1.0735999999999999
-1.10655
-1.046276923076923
-1.13925
-1.11545
-1.10785
-1.08635
-1.0549
-1.08165
-1.0506
-1.0495
-1.0973
-1.0453000000000001
-1.12355
-1.0369269230769231
-1.0602
-1.04445
-1.08805
-1.07935
-1.08085
-1.0796000000000001
-1.0713
-1.08335
-1.07435
-1.12245
-1.09735
-1.05815
-1.1047500000000001
-1.1048
-1.109
-1.0915
-1.0839
-1.0865
-1.086
-1.0974
-1.08995
-1.10355
-1.10195
-1.1191
-1.1045
-1.0735999999999999
-1.040126923076923
-1.13415
-1.05185
-1.1266
-1.135
-1.0658
-1.08735
-1.10405
-1.09135
-1.09505
-1.1133
-1.0436
-1.0731
-0.9971269230769231
-1.084
-1.0907
-1.0925500000000001
-1.06875
-1.04835
-1.0841
-1.0744
-1.10925
-1.12745
-1.0972
-1.0575
-1.0794000000000001
-1.07905
-1.10375
-1.0679
-1.06785
-1.07475
-1.11625
-1.0819
-1.0865
-1.1226
-1.08315
-1.0697
-1.1045
-1.04785
-1.10645
-1.10595
-1.11615
-1.1173
-1.031076923076923
-1.1075
-1.0753
-1.09655
-1.0748
-1.076
-1.1205
-1.06305
-1.09875
-1.098
-1.08845
-1.0776
-1.09135
-1.10445
-1.0984
-1.1123
-1.05855
-1.06735
-1.07705
-1.0885500000000001
-1.0723
-1.0979
-1.0741
-1.0889
-1.0765500000000001
-1.1083
-1.07275
-1.08665
-1.11955
-1.09055
-1.08425
-1.09785
-1.10435
-1.0464
-1.11135
-1.1073
-1.08905
-1.09605
-1.0732
-1.1269
-1.1117
-1.0714
-1.0627
-1.1260000000000001
-1.10225
-1.11375
-1.0945
-1.1211
-1.0643
-1.07925
-1.0909
-1.10995
-1.0877
-1.08935
-1.1048499999999999
-1.07905
-1.1118
-1.08965
-1.14605
-1.10485
-1.0756999999999999
-1.0867499999999999
-1.0762
-1.1272
-1.06295
-1.07365
-1.1019
-1.1123
-1.09595
-1.0525
-1.1166
-1.1178
-1.0768
-1.10065
-1.0633
-1.07365
-1.13965
-1.1337
-1.07125
-1.0888
-1.1018
-1.08075
-1.11135
-1.075
-1.07095
-1.0961
-1.11125
-1.0724
-1.09615
-1.1235
-1.0631
-1.0832
-1.0675
-0.9950538461538462
-1.05445
-1.1196
-1.09115
-1.1243
-1.081
-1.114
-1.07595
-1.1019
-1.1131
-1.09675
-1.0977000000000001
-1.0955
-1.0859
-1.0783
-1.12285
-1.08805
-1.05065
-1.09455
-1.1029499999999999
-1.14985
-1.09205
-1.0822
-1.07345
-1.07535
-1.08125
-1.08205
-1.1056
-1.0542
-1.10405
-1.0724
-0.9816269230769231
-1.05975
-1.07895
-1.08025
-1.0675
-1.04065
-1.05155
-1.1132
-1.1029
-1.07345
-1.0986500000000001
-1.08405
-1.0863
-1.0978
-1.116
-1.0731
-1.08765
-1.09035
-1.09725
-1.08
-1.1266
-1.050326923076923
-1.0959
-1.0728
-1.10905
-1.1245
-1.1074
-1.1017
-1.0895
-1.0651
-1.09765
-1.038276923076923
-1.11235
-1.1107
-1.1089
-1.0987
-1.0856
-1.020076923076923
-1.06615
-1.0792
-1.071
-1.0559
-1.08895
-1.0473
-1.1102
-1.08095
-1.0944
-1.0978
-1.094
-1.06415
-1.07465
-1.0747
-1.077
-1.0546
-1.08845
-1.10285
-1.1035
-1.10805
-1.0921
-1.07995
-1.1017000000000001
-1.07415
-1.08075
-1.0892
-1.0889
-1.0578
-1.052276923076923
-1.07855
-1.07515
-1.06925
-1.10915
-1.0743
-1.022126923076923
-1.1246
-1.0691
-1.0775
-1.081
-1.085
-1.06545
-1.0687
-1.082
-1.08415
-1.06395
-1.08485
-1.0882
-1.113
-1.07335
-1.0733
-1.0424
-1.08635
-1.1171
-1.049276923076923
-1.06195
-1.112
-1.0781
-1.0698
-1.10755
-1.0923
-1.1335
-1.0724
-1.1139000000000001
-1.08635
-1.014576923076923
-1.0501769230769231
-1.07865
-1.07815
-1.10185
-1.10105
-1.0598
-1.0871
-1.0412
-1.0802
-1.05175
-1.1108
-1.09575
-1.023376923076923
-1.0968
-1.07055
-1.1012
-1.06635
-1.0808
-1.1007500000000001
-1.1058
-1.05225
-1.0665
-1.0991
-1.1048499999999999
-1.1201
-1.016976923076923
-1.0892
-1.08885
-1.0425
-1.0538
-1.07985
-1.11805
-1.08955
-1.1019
-1.0855
-1.087
-1.0825
-1.06515
-1.0988
-1.11025
-1.0893
-1.08325
-1.09945
-1.0851
-1.0923
-1.1026500000000001
-1.0894
-1.09625
-1.12085
-1.0937000000000001
-1.1133
-1.09425
-1.07495
-1.1026
-1.0831
-1.06995
-1.07265
-1.05715
-1.08385
-1.1057000000000001
-1.05985
-1.0591
-1.09965
-1.1222
-1.010126923076923
-1.08975
-1.1142
-1.09935
-1.11395
-1.0565
-1.11045
-1.08695
-1.1096
-1.1177
-1.09575
-1.1069
-1.1268
-1.11345
-1.10355
-1.0895
-1.06875
-1.129
-1.0986
-1.0827
-1.0502
-1.098
-1.0752
-1.1186
-1.0968499999999999
-1.06765
-1.08505
-1.0829
-1.08485
-1.0974
-1.1082
-1.06215
-1.032976923076923
-1.0277769230769231
-1.10005
-1.0872
-1.10335
-1.0608
-1.0921
-1.0661
-1.08845
-1.11355
-1.08105
-1.1032
-1.06245
-1.0829
-1.0981
-1.107
-1.014876923076923
-1.09585
-1.0941
-1.1256
-1.096
-1.05945
-1.09395
-1.0991
-1.1161
-1.11185
-0.9980769230769231
-1.1196
-1.08095
-1.038276923076923
-1.03385
-1.0906500000000001
-1.05985
-1.12645
-1.0956
-1.0413000000000001
-1.08845
-1.07165
-1.0868
-1.1022
-1.0713
-1.0722
-1.11955
-1.0587
-1.0984500000000001
-1.10555
-1.1037
-1.0563
-1.07965
-1.0778
-1.08365
-1.06785
-1.0811
-1.09555
-1.0996
-1.07165
-1.1084
-1.0907
-1.09165
-1.0967500000000001
-1.09705
-1.08955
-1.0999
-1.08575
-1.08635
-1.0821
-1.0703
-1.07345
-1.10215
-1.0935
-1.05725
-1.041726923076923
-1.10555
-1.12415
-1.0906
-1.07965
-1.0669
-1.09135
-1.0834
-1.1044
-1.1045
-1.1188
-1.0449
-1.13105
-1.04705
-1.10185
-1.09955
-1.0986
-1.09715
-1.13235
-1.04125
-1.1283
-1.10745
-1.1108500000000001
-1.09665
-1.1091
-1.07985
-1.0259769230769231
-1.07935
-1.0535
-1.0979
-1.07335
-1.0863
-1.08375
-1.11585
-1.0926
-1.1136
-1.06735
-1.0815
-1.0579
-1.1405
-1.1029
-1.0935
-1.026276923076923
-1.08945
-1.1037
-1.12035
-1.09895
-1.0624500000000001
-1.101
-1.0923
-1.1045
-1.083
-1.0538
-1.0591269230769231
-1.1022
-1.11325
-1.09755
-1.0992
-1.08015
-1.0839
-1.0674
-1.033226923076923
-1.0775
-1.10775
-1.0747
-1.0494
-1.0884
-1.123
-1.12155
-1.0783
-1.1091
-1.1202
-1.0742
-1.064576923076923
-1.07815
-1.0725500000000001
-1.06265
-1.0939
-1.10455
-1.0765500000000001
-1.004926923076923
-1.040776923076923
-1.1320000000000001
-1.068
-1.0935
-1.12715
-1.1004
-1.0763
-1.06935
-1.1116
-1.08035
-1.09225
-1.0738
-1.1209
-1.05955
-1.11845
-1.0713
-1.055526923076923
-1.07885
-1.09555
-1.0979
-1.11015
-1.08625
-1.09245
-1.1105
-1.08815
-1.1042
-1.12605
-1.05305
-1.11675
-1.0427
-1.0676
-1.0666
-1.0815000000000001
-1.11375
-1.0819
-1.12905
-1.07945
-1.12305
-1.0891
-1.1407
-1.0523
-1.0731
-0.9956769230769231
-1.06215
-1.0427
-1.088
-1.0045269230769232
-1.006576923076923
-1.1202
-1.11465
-1.09455
-1.1239
-0.7962576923076923
-1.0178769230769231
-1.10425
-1.13955
-1.1275
-1.10105
-1.09845
-1.0964
-1.08985
-1.05675
-1.12455
-1.0598
-1.0798
-1.1021
-1.05815
-1.0933
-1.112
-1.1035
-1.1136
-1.1259
-1.0946500000000001
-1.13075
-1.0774
-1.07005
-1.06575
-1.0833
-1.06225
-1.059
-1.07065
-1.0761
-1.0644
-1.0823
-1.08215
-1.08855
-1.06265
-1.07765
-1.1091
-1.10735
-1.08
-1.11355
-1.0969
-1.08
-1.0863
-1.09725
-1.07015
-1.13385
-0.988426923076923
-1.0771
-1.1041
-1.0686499999999999
-1.1081
-1.06505
-1.12955
-1.1276
-1.0991
-1.1009
-1.0857
-1.0968
-1.08435
-1.10715
-1.0815
-1.09525
-1.08765
-1.0682
-1.13025
-1.08595
-1.09465
-1.065
-1.0806
-1.12015
-1.11835
-1.1117
-1.10195
-1.0801
-1.0818
-1.0918
-1.07515
-1.0628
-1.1008
-1.0925500000000001
-1.0826500000000001
-1.007326923076923
-1.1057000000000001
-1.0906
-1.1014
-1.1153
-1.1196
-1.09385
-1.1133
-1.08895
-1.09545
-1.085
-1.1049
-1.11995
-1.0882
-1.1046
-1.0838
-1.0666
-1.06835
-1.06085
-1.04715
-1.08985
-1.0953
-1.0631
-1.09495
-1.10335
-1.0942
-1.09215
-0.9978269230769231
-1.08755
-1.1219000000000001
-1.0756999999999999
-1.09535
-1.0792
-1.0728
-1.1013
-1.12215
-1.07425
-1.06955
-1.06825
-1.10035
-1.0178769230769231
-1.06675
-1.1057
-1.08395
-1.0725500000000001
-1.12005
-1.068426923076923
-1.0957
-1.1009
-1.09605
-1.1097
-1.0597
-1.11375
-1.10615
-1.12015
-1.08825
-1.08955
-1.0645
-1.1242
-1.1224
-1.09725
-1.0762
-1.0972
-1.08035
-1.0779769230769232
-1.13165
-1.1360999999999999
-1.0972
-1.07475
-1.09385
-1.0751
-1.1047
-1.0829
-1.09495
-1.0629
-1.1084
-1.12345
-1.1196
-1.1022
-1.0258769230769231
-1.10355
-1.12825
-1.10035
-1.1135
-1.10865
-1.1046
-1.0986500000000001
-1.08495
-1.09535
-1.10435
-1.1188
-1.10725
-1.1356
-1.10715
-1.1009
-1.06745
-1.1142
-1.11515
-1.07515
-1.0628
-1.08345
-1.1198
-1.10595
-1.08535
-1.07335
-1.12615
-1.0987500000000001
-1.0695999999999999
-1.08375
-1.12375
-1.009126923076923
-1.1305
-1.05125
-1.11825
-1.10515
-1.0929
-1.09375
-1.10735
-1.045
-1.0617
-1.1087
-1.09245
-1.08915
-1.0827
-1.06745
-1.06545
-1.05835
-1.13555
-1.05975
-1.0777
-1.05285
-1.0963
-0.9927269230769231
-1.07745
-1.08545
-1.0779
-1.11705
-1.1214
-1.09105
-1.09235
-1.09765
-0.9910769230769231
-1.10575
-1.07305
-1.0722
-1.0909
-1.0855
-1.1038000000000001
-1.1161
-1.15175
-1.0845500000000001
-1.12675
-1.026076923076923
-1.0522
-1.067
-1.1191
-1.1169
-1.11295
-1.05275
-1.09905
-1.0806
-1.04955
-1.05495
-1.0728
-1.10575
-1.0652
-1.1026
-1.0853
-1.0601
-1.07975
-1.0703
-1.0937000000000001
-1.1076
-0.9827538461538461
-1.0943
-1.1262
-1.1058000000000001
-1.1187
-1.11005
-1.07325
-1.0808
-1.09065
-1.11665
-1.12535
-1.1211
-1.13065
-1.008226923076923
-1.1122
-1.1068
-1.09835
-1.0715
-1.1241
-1.0642
-1.07195
-1.1009
-1.10955
-1.0836000000000001
-1.124
-1.1103
-1.12735
-1.0741
-1.0569
-1.09015
-1.0708
-1.12945
-0.982276923076923
-1.041326923076923
-1.13125
-1.0615
-1.09995
-1.0731
-1.10165
-1.0808
-1.11755
-1.0851
-1.1337
-1.078
-1.0918
-1.14075
-1.10525
-1.0755
-1.137
-1.07085
-1.10735
-1.1249
-1.07175
-1.0427
-1.095
-1.0946500000000001
-1.0769
-1.07215
-1.06825
-1.13535
-1.1143
-1.1452
-1.0763
-1.1184
-1.09925
-1.10775
-1.08315
-1.1187
-1.0957
-1.10235
-1.0908
-1.1095
-1.05545
-1.0681
-1.083
-1.0234769230769232
-1.08375
-1.10755
-1.078
-1.1066
-1.0885
-1.1159000000000001
-1.092
-1.0806
-1.1339000000000001
-1.07045
-1.0711
-1.12165
-0.9819038461538462
-1.08875
-1.1293
-1.1322
-1.11865
-1.1288
-1.13255
-1.1208
-1.07735
-1.0694
-1.10315
-1.07495
-1.07795
-1.062476923076923
-1.0109269230769231
-1.10155
-1.08795
-1.0645
-1.0945
-1.1122
-1.0939
-1.09235
-1.12605
-1.10235
-1.0568
-1.10655
-1.024176923076923
-1.08315
-1.04785
-1.09385
-1.093
-1.1065
-1.0842
-1.1083
-1.1014
-1.1075
-1.06175
-1.10295
-1.12155
-1.11645
-1.11375
-1.15585
-1.1277
-1.04455
-1.07825
-1.10915
-1.06305
-1.08555
-1.0782
-1.09815
-1.08095
-1.1087500000000001
-1.14245
-1.0824
-1.0539
-1.0249269230769231
-1.11395
-1.1185
-1.1021
-1.053926923076923
-1.11955
-1.0154769230769232
-1.11815
-0.9961769230769231
-1.1264
-1.0914
-1.0951
-1.07655
-1.08555
-1.14205
-1.1077
-1.05895
-1.0726499999999999
-1.0773
-1.049076923076923
-1.0667
-1.0887
-1.05975
-1.08115
-1.0648
-1.036776923076923
-1.1205
-1.109
-1.0726
-1.063626923076923
-1.079
-1.09805
-1.0664
-1.09045
-1.0283269230769232
-1.12245
-1.057176923076923
-1.0411
-1.1197
-1.119
-1.1162
-1.08875
-1.09035
-1.0758
-1.07495
-1.086
-1.10385
-1.1092
-1.1171
-1.09165
-1.0982
-1.1339000000000001
-1.1209
-1.1103
-1.1094
-1.1172
-1.07885
-0.9575769230769231
-1.10935
-1.1078999999999999
-1.0823
-1.07595
-1.07365
-1.0928
-1.0957
-1.1049
-1.0962
-1.09405
-1.08695
-1.0591
-1.1
-1.06545
-1.0675
-1.12865
-1.1137
-1.11055
-1.09605
-1.11455
-1.11105
-1.0553
-1.0462
-1.016576923076923
-1.0717
-1.11175
-1.06615
-1.07715
-1.10475
-1.04365
-1.0937999999999999
-1.10175
-1.1007
-1.009176923076923
-1.12165
-1.1290499999999999
-1.0805
-1.1302
-1.12425
-1.1108
-1.1282
-1.08935
-1.1118
-1.0597
-1.0519769230769231
-1.08575
-1.10115
-0.9516538461538462
-1.0806
-1.12635
-1.10045
-1.06085
-1.0766
-1.0937999999999999
-1.0882
-1.11775
-1.0768
-1.0997
-1.0497
-1.1424
-1.0675
-1.08755
-1.09015
-1.06615
-1.10925
-1.0786
-1.07955
-1.0355769230769232
-1.06435
-1.0794
-1.106
-1.09245
-1.12825
-1.10225
-1.12555
-1.0738
-1.0727
-1.10305
-1.10115
-1.09145
-1.12825
-1.1147
-1.1299000000000001
-1.08185
-1.1131
-1.0743
-1.1097000000000001
-0.9547538461538462
-1.11035
-1.0535
-1.10525
-1.05875
-1.12845
-1.0967
-1.09805
-1.09845
-1.000026923076923
-1.07905
-1.0722
-1.07455
-1.1057000000000001
-1.08605
-1.1152
-1.1029
-1.13415
-1.11805
-1.08515
-1.12595
-1.0677
-1.020676923076923
-1.1128
-1.08015
-1.1069
-1.0388
-1.0268269230769231
-1.06945
-1.1061
-1.026776923076923
-1.1137
-1.0913
-1.12385
-1.06665
-1.1291
-1.004876923076923
-1.11345
-1.0971
-1.0943
-1.08305
-1.08445
-1.0776
-1.076
-1.1357
-1.09295
-1.10765
-1.0753
-1.1015
-1.078
-1.11555
-1.0994
-1.0543
-1.11045
-1.11575
-1.09705
-1.1052
-1.11155
-1.0927
-1.09435
-1.0906
-1.034976923076923
-1.0902
-1.13125
-1.07205
-1.0941
-1.1118000000000001
-1.1093
-1.08975
-1.09935
-1.1327
-1.1179
-1.1145
-1.1087
-1.07895
-1.10315
-1.12845
-1.1132
-1.10765
-1.09685
-1.07315
-1.0957
-1.10035
-1.05265
-1.0994
-1.10945
-1.035726923076923
-1.09145
-1.08945
-1.1065
-1.08115
-1.11065
-1.08815
-1.0797
-1.095
-1.09915
-1.1015
-1.10005
-1.05445
-1.06285
-1.08595
-1.1233
-1.0562769230769231
-1.10475
-1.05215
-1.10535
-1.1268500000000001
-1.12535
-1.0992
-1.1305
-1.09955
-1.07905
-1.07235
-1.05755
-1.0822
-1.0848
-1.10155
-1.11245
-1.11995
-1.10105
-1.11475
-0.9932538461538462
-1.12385
-1.04325
-1.1284
-1.10815
-1.1293
-1.0913
-1.1109499999999999
-1.11435
-1.12485
-1.1280000000000001
-1.06755
-1.1013
-1.104
-1.1239
-1.11365
-1.07725
-1.11695
-1.1129
-1.010576923076923
-1.11715
-1.0926
-1.1358
-1.1390500000000001
-1.1056
-1.08395
-1.0269269230769231
-1.1122
-1.0836000000000001
-1.10885
-1.1078
-1.0824
-1.115
-1.04145
-1.1228500000000001
-1.1029
-1.10115
-1.07095
-1.1106
-1.031176923076923
-1.001426923076923
-1.13335
-1.0715
-1.0801
-1.08185
-1.11525
-1.1102
-1.13495
-1.04775
-1.0983
-1.0848
-1.0732
-1.14025
-1.1228500000000001
-1.14445
-1.12615
-1.0919
-1.131
-1.1320000000000001
-1.11745
-1.11975
-1.10625
-1.1015
-1.12995
-1.1347
-1.09025
-1.0886
-1.0904
-1.046526923076923
-1.0885
-1.112
-1.08065
-1.0587
-1.12415
-1.1166
-1.12115
-1.10055
-1.0855000000000001
-1.10535
-1.006876923076923
-1.019426923076923
-1.10975
-1.1369
-1.1025
-1.0907
-1.09615
-1.1256
-1.1432
-1.1155
-1.1125
-1.1199000000000001
-1.06915
-1.047076923076923
-1.11055
-1.04315
-1.0901
-1.11225
-1.1115
-1.0882
-1.0495
-1.005826923076923
-1.0691
-1.1306500000000002
-1.064
-1.07285
-1.12265
-1.1126
-1.1051
-1.06815
-1.0965
-1.0758
-1.0947
-1.09985
-1.09745
-1.0505269230769232
-1.005526923076923
-1.04155
-1.12985
-1.08515
-1.1201
-1.0735000000000001
-1.05725
-1.08525
-1.101
-1.1256
-1.101
-1.0958
-1.1121
-1.11985
-1.14385
-1.08505
-1.11065
-1.0725500000000001
-1.0506269230769232
-1.0938
-1.07465
-1.11635
-1.013426923076923
-1.0451
-1.10165
-1.1118
-1.045176923076923
-1.0706269230769232
-1.13515
-1.1161
-1.0595
-1.0389269230769231
-1.0969
-1.0678
-1.0133769230769232
-1.08075
-1.10255
-1.0932
-1.10065
-1.11455
-1.12275
-1.0589
-1.1272
-1.063726923076923
-1.11135
-1.09405
-1.07615
-1.08685
-1.0801
-1.10835
-1.13835
-1.08975
-1.106
-1.0342269230769232
-1.0066269230769231
-0.9871769230769231
-1.1255
-0.9841269230769231
-1.09395
-1.0982
-0.9926769230769231
-1.0676
-1.1182
-1.07095
-1.1251
-1.11115
-1.0333769230769232
-0.9583538461538461
-1.13805
-1.1248
-1.1021
-1.0831
-1.10355
-0.9827269230769231
-1.041276923076923
-1.10095
-1.026776923076923
-1.1054
-1.10265
-1.09835
-1.038476923076923
-1.10295
-1.11665
-1.1161
-1.0784500000000001
-1.072976923076923
-1.0673
-1.1092
-1.1451500000000001
-1.0822
-1.1352
-1.1132
-1.07875
-1.1121
-1.0853
-1.051376923076923
-1.1317
-1.0128269230769231
-1.1329500000000001
-1.11755
-1.1183
-1.11045
-1.112
-1.1301
-1.0178769230769231
-1.11035
-1.004176923076923
-0.7874576923076924
-1.10285
-1.029326923076923
-1.08525
-1.06835
-1.010776923076923
-1.1171
-1.0582
-1.1194
-1.1186
-1.0954
-1.08565
-1.14425
-1.09195
-1.07955
-1.0825
-1.1195
-1.0859
-1.09605
-1.101
-0.9690038461538462
-1.0748
-1.0672
-1.09895
-1.09535
-1.0859
-1.1113
-1.13795
-1.1125
-1.06995
-1.14475
-1.0963
-1.1081
-1.11365
-1.08395
-1.10695
-1.0917
-1.07055
-1.1182
-1.08835
-1.05845
-1.084
-1.1053
-1.1021
-1.08595
-1.0975
-1.1367
-1.078
-1.11365
-1.10205
-1.10825
-1.11475
-1.1251
-1.10145
-1.09445
-1.0782
-1.1156
-1.1027
-1.1268
-1.10715
-1.1046
-1.09265
-1.1177
-1.1037
-1.0714
-1.13005
-1.1081
-0.966326923076923
-1.1012
-1.0827499999999999
-1.10295
-1.09725
-1.12715
-1.1146
-1.1247
-1.11505
-1.0823
-1.09545
-1.1043
-1.0723
-1.1273
-1.09695
-1.018176923076923
-1.11685
-1.07755
-1.1189500000000001
-1.05725
-1.032376923076923
-1.1221
-1.12375
-1.0901
-1.10975
-1.1057000000000001
-1.05155
-0.9531538461538461
-1.13305
-1.0867
-1.10445
-1.0944500000000001
-1.0479769230769231
-1.12
-1.030876923076923
-1.11785
-1.111
-1.1049
-1.11095
-1.12415
-1.036276923076923
-1.1234
-1.08585
-1.0926
-1.05605
-1.0891
-1.123
-1.12225
-1.0756000000000001
-1.1261
-1.10655
-1.1083
-1.08345
-1.042576923076923
-1.1187
-1.1313
-1.0404269230769232
-1.1351
-1.1326
-1.1182
-1.1035
-1.0901
-1.14075
-1.0762
-1.08295
-1.114
-1.05685
-1.1046
-1.10825
-1.0771
-1.045526923076923
-1.1155
-1.1051
-1.09865
-1.0977000000000001
-1.13205
-1.048276923076923
-1.11255
-1.0926
-1.1222
-1.0838
-1.10205
-1.05495
-1.123
-1.1007500000000001
-1.10525
-1.102
-1.0987
-1.1023
-1.0807
-1.09015
-1.0658
-1.10095
-1.11855
-1.10145
-1.1107
-1.12945
-1.0133769230769232
-1.06675
-1.11925
-1.06815
-1.1079
-1.1203
-1.1188
-1.0752
-1.11225
-1.0298769230769231
-1.036676923076923
-1.0702
-1.1017000000000001
-1.1071
-1.077
-1.0882
-1.12115
-1.12245
-1.0766
-1.06445
-1.1005
-1.10085
-1.10345
-1.09175
-1.079
-1.12255
-1.026976923076923
-1.10155
-1.06855
-1.1232
-1.11415
-1.0818
-1.0673269230769231
-1.13465
-1.12235
-1.0491269230769231
-1.1058000000000001
-1.12665
-1.1008499999999999
-1.1119
-1.11785
-1.12825
-1.11175
-1.1145
-1.06495
-1.0942
-1.0972
-1.10415
-1.11875
-1.1129
-1.0977000000000001
-1.05485
-1.1124
-0.9501538461538461
-1.09205
-1.1252
-1.1062
-1.105
-0.8029076923076923
-1.1065
-1.0693
-1.06545
-1.09485
-1.08695
-1.12755
-1.027626923076923
-1.1214
-1.1416
-1.0918
-1.11055
-1.0996000000000001
-1.1047
-1.11605
-1.06695
-1.1437
-1.1210499999999999
-1.08935
-1.04935
-1.0959
-1.0714000000000001
-1.027276923076923
-1.1021
-1.0858
-1.12275
-1.1223
-1.1026
-1.11965
-1.0629
-1.1046
-1.12065
-1.1219999999999999
-1.10915
-1.1048
-1.099
-1.1118000000000001
-1.0905
-1.048276923076923
-1.1249
-1.1280999999999999
-1.12195
-1.1225
-1.1125
-1.1096
-1.11855
-1.0888
-1.0490269230769231
-1.11855
-1.099
-1.1224
-1.0901
-1.1087
-1.1287
-1.11275
-1.1281
-1.13575
-1.06705
-1.07555
-1.1099
-1.11605
-1.036876923076923
-1.0856
-1.12665
-1.09025
-1.1211
-1.08795
-1.1152
-1.104
-1.11525
-1.08185
-1.1249
-1.1127500000000001
-1.1385
-1.0778
-1.1191
-1.1244
-1.0826500000000001
-1.11615
-1.1226
-1.09885
-1.12555
-1.0927
-1.10645
-1.09395
-1.0957
-1.0629
-1.048476923076923
-1.0672269230769231
-1.1171
-1.11055
-1.13445
-1.1184
-1.1197
-1.1128
-1.1039
-1.04745
-1.1216
-1.0944500000000001
-1.09365
-1.028026923076923
-1.10895
-1.11815
-1.0866500000000001
-1.1387
-1.11605
-1.0837
-1.11615
-1.06095
-1.1255
-1.0879
-1.07885
-1.0969
-1.0611
-1.09695
-1.1059
-1.12725
-1.0427269230769232
-1.1037
-1.13365
-1.0842
-1.10435
-1.11435
-1.0935
-1.1088
-1.0894
-1.0973
-1.0424269230769232
-1.0368269230769231
-1.0943
-1.07785
-1.11955
-1.10695
-1.0851
-1.10775
-1.1064
-1.09785
-1.10945
-1.12455
-1.1104
-1.10615
-1.0551269230769231
-1.0778
-1.10345
-1.0681
-1.0832
-1.0879
-1.0561769230769231
-1.09765
-1.1344
-1.023126923076923
-1.0469269230769231
-1.0893
-1.068426923076923
-1.13025
-1.104
-1.032976923076923
-1.1393499999999999
-1.1089
-1.049176923076923
-1.10795
-1.12425
-1.1203
-1.020376923076923
-1.112
-1.09005
-1.1015
-1.097
-1.13325
-1.10845
-1.11235
-1.10545
-1.094
-1.12115
-1.095
-1.12095
-1.0985
-1.06325
-1.08425
-1.0977000000000001
-1.0817
-1.071
-1.0573
-1.111
-1.11765
-1.09405
-1.0456
-1.1066
-1.0902
-1.0684
-1.1101
-1.12485
-1.1198000000000001
-1.067276923076923
-1.10935
-1.11155
-1.064376923076923
-1.12705
-1.1179000000000001
-1.1112
-1.0670269230769232
-1.0791
-1.1202
-1.1402999999999999
-1.10665
-1.1307
-1.10795
-1.0769
-1.1084
-1.0521769230769231
-1.1202
-1.1118000000000001
-1.1022
-1.12055
-1.1035
-1.11455
-1.05665
-1.074126923076923
-1.13425
-1.1304
-1.1088
-1.1217
-1.1057
-1.1238000000000001
-1.09235
-1.0656
-1.1077
-1.1087
-1.09895
-1.1154
-1.0944
-1.1182
-1.08745
-1.1195
-1.15295
-1.10815
-1.1027
-1.11265
-1.14135
-1.1048
-0.9821538461538462
-1.10815
-1.11235
-1.08485
-1.0945
-1.05315
-1.1153
-1.047076923076923
-1.1029
-1.024176923076923
-1.059176923076923
-1.09005
-1.07165
-1.12625
-1.06735
-1.054676923076923
-1.13475
-1.0683769230769231
-1.0829
-1.09025
-1.06705
-1.11595
-1.064526923076923
-1.0988
-1.07285
-1.0614
-1.12045
-1.0941
-1.10485
-1.0735
-1.07535
-1.0676
-1.11495
-1.10805
-1.042226923076923
-1.075
-1.0828
-1.10055
-1.08115
-1.1293
-1.11365
-1.09305
-1.1196
-1.06375
-1.1078
-1.107
-1.0535
-1.0982
-1.1151
-1.070776923076923
-1.0967
-1.11185
-1.09895
-1.11995
-1.1116
-1.067476923076923
-1.12255
-1.1048
-1.14655
-1.09575
-1.0984
-1.10995
-1.11
-1.0884
-1.05835
-1.07045
-1.0953
-1.0387269230769232
-1.09035
-1.13165
-1.1068
-1.07905
-1.0369269230769231
-1.08845
-1.041226923076923
-1.0987
-1.11515
-1.12365
-1.08765
-1.1208
-1.0478
-1.0946500000000001
-1.0889
-1.08535
-1.1471
-1.07015
-1.1375
-1.12695
-1.1244
-1.1350500000000001
-1.1028
-1.07345
-1.12355
-1.1424
-1.0973
-1.0923
-1.08105
-1.0909
-1.005053846153846
-1.08565
-1.1164
-1.1082
-1.0766
-1.1262
-1.1101
-1.0501769230769231
-1.10465
-1.0337769230769231
-1.13015
-1.058576923076923
-1.0768
-1.06585
-1.1026
-1.052
-0.9902538461538462
-1.08495
-1.09535
-1.07385
-1.09235
-1.08165
-1.0334769230769232
-1.10215
-1.1103
-1.14665
-1.10715
-1.05835
-1.12475
-1.1076
-1.1289500000000001
-1.0552269230769231
-1.12715
-1.10785
-1.0849
-1.1054
-1.1025
-1.11455
-1.1317
-1.1358
-1.0341
-1.101
-1.14125
-1.09815
-1.1261
-1.1213
-1.12975
-1.0764
-1.0646
-1.11055
-1.1048
-1.07145
-1.004776923076923
-1.11325
-1.1109
-1.1014
-1.0782
-1.1102
-1.1186
-1.1085
-1.1051
-1.07985
-1.07575
-1.11065
-1.07185
-1.10845
-1.07575
-1.1197
-1.0693
-1.07455
-1.103
-1.1161
-1.11865
-1.0698
-1.0986
-1.1054
-1.0726
-1.04855
-1.12605
-1.0701
-1.1133
-0.9885038461538461
-1.08735
-1.0907
-1.07445
-1.0967
-1.11085
-1.1073
-1.10655
-1.109
-1.1274
-1.0692
-1.10465
-1.1048
-1.1203
-1.07735
-1.12315
-1.10455
-1.12215
-1.1655
-1.11725
-1.065726923076923
-1.1320000000000001
-1.0906
-1.07905
-1.10985
-1.1229
-1.1123
-1.1018999999999999
-1.11185
-1.0625499999999999
-1.1172
-1.0899
-1.10625
-1.025326923076923
-1.09295
-1.12675
-1.0814
-1.11075
-1.1078000000000001
-1.07845
-1.10285
-1.1008
-1.07835
-1.10285
-1.0997
-1.08485
-1.1096
-1.11245
-1.12115
-1.08895
-1.1304
-1.076
-1.1161
-1.1094
-1.0015769230769231
-1.11745
-1.0590269230769231
-1.1042
-1.12425
-1.0651
-1.1123
-1.13845
-1.11025
-1.0778
-1.12125
-1.0815
-1.10615
-1.0787
-1.026126923076923
-1.11315
-1.0577
-1.10345
-1.10385
-1.0851
-1.0631
-1.11875
-1.1127
-1.022276923076923
-1.1042
-1.048
-1.10185
-1.1480000000000001
-1.08095
-1.0678
-1.1429
-1.1018
-1.1149499999999999
-1.1168
-1.0335769230769232
-1.0986
-1.12025
-1.12385
-1.09295
-1.14425
-1.05875
-1.1028
-1.0502
-1.1224
-1.1117
-0.9158538461538461
-1.0952
-1.09145
-1.1124
-1.114
-1.0329269230769231
-1.0444
-1.1292
-1.054776923076923
-1.0968
-1.087
-1.062976923076923
-0.9334038461538461
-1.1461999999999999
-1.1103
-1.1231499999999999
-1.066526923076923
-1.13925
-1.07175
-1.1189
-1.09395
-1.0613
-1.1113
-1.1202
-1.0154769230769232
-1.1037
-1.11835
-1.1007500000000001
-1.09595
-1.08395
-1.08565
-1.1203
-1.08075
-1.11735
-1.12425
-1.0929
-1.1211
-1.1015
-1.011026923076923
-1.11135
-1.0681
-1.1234
-1.09735
-0.9776269230769231
-1.08445
-1.05315
-1.0253769230769232
-1.0635
-0.9965269230769231
-1.07065
-1.10515
-1.09435
-1.0864
-1.0876
-1.10455
-1.11415
-1.1397
-1.11735
-1.054226923076923
-1.07765
-1.032026923076923
-1.0888
-1.12765
-1.11485
-1.1271
-1.052126923076923
-1.08535
-1.10115
-1.0928
-1.0624500000000001
-1.031626923076923
-1.1011
-1.1325
-1.1235
-1.1283
-1.1357
-1.1163
-1.11625
-1.0872
-1.0569269230769232
-1.1369
-0.9957269230769231
-1.0993
-1.094
-1.12985
-1.0997
-1.11935
-1.11335
-1.046876923076923
-1.09585
-1.10935
-1.12565
-1.040226923076923
-1.031426923076923
-1.0785
-1.1101
-1.0781
-1.12725
-1.05825
-1.0982
-1.10985
-1.1522000000000001
-1.08105
-1.1132
-1.044776923076923
-1.11265
-1.13875
-1.0744500000000001
-1.11835
-1.109
-1.12285
-1.1280000000000001
-1.11695
-1.10995
-1.1304
-1.06125
-1.1341
-1.11205
-1.0925
-1.06295
-1.0394769230769232
-1.0470269230769231
-1.0773
-1.0715
-1.1114
