0
-0.90936
-0.49975
-0.8502500000000001
-0.85685
-0.84728
-0.91555
-0.8508199999999999
-0.87536
-0.88723
-0.89167
-0.86307
-0.89558
-0.88495
-0.84656
-0.86973
-0.87589
-0.90149
-0.85776
-0.88354
-0.85146
-0.87232
-0.86805
-0.89816
-0.82422
-0.89615
-0.88492
-0.8185899999999999
-0.88818
-0.8493200000000001
-0.90612
-0.85796
-0.8666
-0.90237
-0.8628
-0.87725
-0.85495
-0.85785
-0.85914
-0.86122
-0.81821
-0.9111899999999999
-0.90221
-0.8476
-0.86929
-0.85975
-0.87547
-0.8357600000000001
-0.91094
-0.87691
-0.88591
-0.87617
-0.85776
-0.88894
-0.87494
-0.84743
-0.88635
-0.87788
-0.88157
-0.88041
-0.86836
-0.87462
-0.83663
-0.8815
-0.87443
-0.87587
-0.87079
-0.85909
-0.87549
-0.8592
-0.84113
-0.85241
-0.87182
-0.8308800000000001
-0.8856499999999999
-0.90095
-0.88764
-0.86695
-0.88942
-0.85971
-0.88137
-0.89406
-0.85765
-0.84506
-0.83958
-0.89603
-0.8765499999999999
-0.88745
-0.8775
-0.89473
-0.8895500000000001
-0.85991
-0.89917
-0.85627
-0.8933599999999999
-0.87209
-0.85665
-0.83235
-0.839
-0.83597
-0.89525
-0.87908
-0.82329
-0.87965
-0.82599
-0.85301
-0.84986
-0.87521
-0.87048
-0.84017
-0.87979
-0.8652
-0.84101
-0.88381
-0.8511299999999999
-0.86047
-0.88426
-0.8968700000000001
-0.81967
-0.8365900000000001
-0.87641
-0.86746
-0.87286
-0.85456
-0.87173
-0.89524
-0.8262
-0.87174
-0.83648
-0.85214
-0.85357
-0.87317
-0.88258
-0.89039
-0.88837
-0.8613999999999999
-0.87648
-0.85148
-0.86175
-0.8346899999999999
-0.86534
-0.84285
-0.85533
-0.86576
-0.8803
-0.85888
-0.8604499999999999
-0.8382799999999999
-0.88923
-0.88644
-0.87771
-0.8717
-0.84983
-0.86546
-0.87834
-0.90076
-0.89844
-0.86011
-0.89008
-0.85644
-0.81637
-0.88481
-0.8947
-0.8477899999999999
-0.8976999999999999
-0.87666
-0.89933
-0.88962
-0.87919
-0.90815
-0.86939
-0.88589
-0.88639
-0.88443
-0.86264
-0.86544
-0.85676
-0.88717
-0.8701099999999999
-0.83241
-0.89413
-0.8737199999999999
-0.90579
-0.84663
-0.83048
-0.86559
-0.84183
-0.89508
-0.88904
-0.8930400000000001
-0.87374
-0.86738
-0.85302
-0.88445
-0.86557
-0.88883
-0.8551599999999999
-0.86876
-0.84765
-0.9047499999999999
-0.91342
-0.85928
-0.89391
-0.89946
-0.87024
-0.86071
-0.87015
-0.87674
-0.89287
-0.88167
-0.8538399999999999
-0.90312
-0.87012
-0.8713599999999999
-0.86564
-0.88698
-0.86049
-0.84309
-0.8487199999999999
-0.8743299999999999
-0.83836
-0.9081899999999999
-0.8332700000000001
-0.84344
-0.8650599999999999
-0.85536
-0.86368
-0.84576
-0.89282
-0.8944
-0.81354
-0.87371
-0.85978
-0.86236
-0.88258
-0.87351
-0.90403
-0.8546
-0.86747
-0.84357
-0.89556
-0.8788
-0.84577
-0.87347
-0.8919
-0.8594900000000001
-0.88214
-0.8653000000000001
-0.83863
-0.8147599999999999
