0
-1.04346
-1.03727
-1.02653
-1.0640100000000001
-1.0360800000000001
-1.03319
-1.04087
-1.03037
-1.04112
-1.07802
-1.05542
-1.0766
-1.09885
-1.07989
-1.08501
-1.05813
-1.06249
-1.03786
-1.05721
-1.0403
-1.03758
-1.06249
-1.05168
-1.04705
-1.04948
-1.0485
-1.02347
-1.04021
-1.06103
-1.05013
-1.05227
-1.0665
-1.05809
-1.04809
-1.02426
-1.06395
-1.05474
-1.03228
-1.05834
-1.0814300000000001
-1.03783
-1.0406
-1.04944
-1.03383
-1.05461
-1.02882
-1.04627
-1.04281
-1.05464
-1.05833
-1.0247
-1.03966
-1.04984
-1.0525
-1.0416
-1.04304
-1.04669
