0
52.860851851852324
53.12812592592634
55.500340740741514
6.335381481481483
8.069281481481486
12.17039259259259
52.97057037037097
12.840107407407407
41.84553703703719
55.84425555555583
35.06148518518526
55.55379629629675
51.49617777777813
49.87443333333362
52.22297407407433
50.00654074074087
52.97415555555581
47.94583703703728
27.351351851851835
24.37811111111107
56.2573518518524
50.22891851851843
20.261348148148183
50.801492592592766
40.74609629629644
39.98042962962987
14.949418518518469
23.813259259259308
52.81284814814848
57.413651851852876
43.354040740740906
50.60439259259307
9.609962962962957
40.23082592592626
43.271355555555914
43.29388148148177
34.98052222222247
43.588211111111136
50.67394074074108
40.78042962962958
5.2279444444444385
1.7131481481481483
3.516048148148152
52.00558518518598
33.3622148148149
30.245455555555534
28.359118518518486
20.75409629629625
55.62534444444504
7.3526518518518635
52.51871851851898
55.145411111111514
53.28058148148184
11.880714814814803
2.931711111111114
52.47878148148209
20.12934444444438
9.861766666666641
52.011937037037136
58.654955555556704
8.61820000000001
11.700829629629649
1.3677555555555534
29.794996296296294
15.647114814814792
57.20808518518545
25.49409999999995
9.428170370370378
34.579418518518686
40.830333333333755
14.660081481481448
55.43513703703763
59.35632222222293
55.430351851852436
33.709229629629604
53.64222962962999
9.761125925925914
28.34658518518518
57.86812592592644
55.59786666666699
11.295325925925923
4.098818518518521
53.823037037037494
4.0834555555555605
52.318485185185736
52.93617777777804
55.47422592592631
18.2000444444444
27.514825925925937
48.914748148148306
49.854951851852654
57.066444444445054
18.133455555555507
24.68225185185182
51.85586666666709
59.08742962963023
24.657718518518482
51.90130370370394
10.258125925925922
59.56962962963068
54.962474074074585
2.2229259259259257
56.90055925925958
29.763499999999997
54.93570740740826
52.371611111111605
56.88983703703754
31.22757407407405
35.97263703703712
58.49156666666751
41.60857777777815
56.34829629629683
56.77519629629697
54.44527037037063
55.90824074074099
9.922333333333347
56.75112592592634
56.42914814814848
9.54454444444444
24.97358148148147
28.032333333333316
6.0222925925925965
56.25342592592654
54.05246666666686
4.126107407407406
52.045100000000545
53.4794666666667
56.30754814814896
17.102055555555538
54.37129259259326
52.34494814814857
56.94442222222278
53.82501111111175
38.08691481481479
55.7128074074078
6.046437037037036
60.387451851852845
23.24727407407407
55.750974074073945
51.139359259259756
18.714237037037005
53.16212222222288
21.519811111111093
13.584337037037008
55.61431111111181
54.07549629629689
55.258907407407705
56.872392592593194
55.37121851851939
23.660229629629676
53.32665185185238
14.130459259259235
53.09451111111178
52.305225925926415
50.87677777777809
52.198859259260004
29.87379999999993
52.66299629629699
52.962514814815194
51.34270740740786
28.8415148148148
56.793844444445334
11.492762962962955
54.974911111111815
54.98692592592654
55.01347407407463
55.55105925925949
54.17501851851879
57.45050000000047
53.250977777778076
45.233570370370174
56.93272592592625
57.14112592592609
34.878600000000134
3.714011111111115
31.300607407407384
51.41398148148195
7.766007407407404
53.60155185185183
58.726037037037784
11.620174074074074
46.74815185185203
3.1598407407407416
53.71085555555594
32.80421851851854
11.276685185185142
39.65291851851877
55.08934074074129
24.401814814814802
40.970207407407685
5.515385185185187
29.5744888888889
8.1287074074074
26.099870370370365
24.662370370370372
56.23184814814896
49.596725925926286
8.395985185185191
54.47352592592625
57.79187407407492
18.63423333333333
54.54268148148198
41.57232222222261
8.182500000000013
20.270444444444433
7.38738148148148
57.3052666666674
56.58638888888928
54.205051851852474
14.471914814814772
11.014207407407389
57.78199629629713
56.221455555556396
41.13267037037034
44.42687037037071
6.856737037037033
58.33944074074119
60.926422222222435
44.22274444444462
55.22151851851905
56.039325925926356
53.10653703703733
41.569966666666765
18.073922222222226
14.107825925925903
45.21457407407443
12.180151851851836
29.584566666666614
48.11562962963004
14.805507407407402
21.44530740740741
52.32098148148201
24.307792592592584
55.25394444444496
7.517155555555544
12.830062962962968
57.44824814814862
56.854377777778375
55.090733333333674
57.11502962963026
11.600725925925913
50.87022592592643
57.09117037037078
54.06271111111145
43.99818888888889
55.827359259260014
53.65882222222286
2.731366666666664
19.351470370370333
39.77407407407426
49.024477777778166
58.10934814814891
52.59064074074112
58.28344444444499
10.10387037037038
55.44087037037055
27.580196296296336
6.615133333333326
56.099248148148384
58.295970370370675
28.645359259259273
20.22858518518518
54.19579629629684
53.119688888889705
55.18405555555602
54.32548148148167
0.6387333333333347
56.98620370370448
52.50265925926008
52.54250000000029
53.89140740740794
24.821099999999962
56.50517777777819
15.475955555555512
45.17182962962966
43.603785185185444
26.33478148148147
54.73048148148242
3.514981481481481
41.84922592592626
33.74471481481486
5.580896296296296
7.059348148148144
57.77220740740757
55.697566666667235
53.40021111111159
9.209733333333318
10.566703703703688
9.898651851851845
38.561125925925964
7.983037037037045
15.834199999999974
36.961207407407564
5.719825925925923
53.53294814814853
25.261066666666643
55.794722222222376
33.227062962963096
0.23752222222222263
54.62522222222281
55.86347777777832
47.16078148148159
55.63871481481554
39.34714444444449
56.95475185185224
30.88070370370368
53.877051851852194
36.21420370370372
55.80798148148236
54.36209259259353
4.222051851851861
53.293833333333666
3.0277222222222253
54.08524814814864
31.598440740740735
54.468755555556356
52.71516296296325
52.948262962963355
55.30826666666714
53.177585185185755
11.068081481481439
13.922125925925922
22.446592592592577
18.142251851851853
53.72471481481529
57.59275555555639
52.84847407407445
55.1252259259265
37.55494074074092
35.10054444444464
54.42563333333357
14.79982222222219
38.87735185185183
55.096170370370686
53.65344074074102
52.2539740740744
17.106674074074046
26.463903703703636
43.31461851851883
51.305392592593044
17.230285185185142
14.817933333333317
50.09152962963015
20.15947407407406
48.766455555556284
53.35110740740781
55.2244814814825
53.20431851851904
59.74885185185248
8.249159259259251
16.409559259259215
56.858037037037604
39.84848888888903
47.74063333333361
53.57774814814877
52.37394814814842
53.245451851851904
5.483785185185183
21.15387407407404
54.161637037037785
8.93413703703706
22.97942962962964
31.006703703703735
55.31461481481529
13.617522222222217
56.94617407407451
56.9505703703713
56.20703703703773
54.629066666667036
48.84463703703736
6.8448444444444405
8.132044444444452
53.40424444444452
56.22315925925989
56.84974814814917
19.73431481481478
55.260640740740904
56.50208518518582
38.45629629629647
53.90100000000048
57.316377777778314
24.77628518518514
53.511903703703986
52.16418148148191
56.049692592593715
53.040070370371275
54.44110370370421
51.91997407407439
30.580918518518477
59.33240370370439
24.15818148148148
6.135462962962965
53.02485555555615
57.10235555555613
53.0430814814821
52.37803703703717
54.14131481481512
56.0754592592597
56.29120740740809
13.72953333333332
19.665892592592552
46.92471851851878
28.498270370370392
55.098540740740916
55.82127407407473
53.04723703703734
22.052137037037014
11.795548148148132
13.633040740740714
51.15914814814876
12.585685185185197
52.25162592592632
56.86939629629661
54.82454074074138
17.440844444444448
10.477625925925903
53.357966666667146
39.98442222222232
27.384959259259276
31.009555555555607
15.630899999999972
53.601025925926415
57.229677777777994
47.512655555556
59.55296296296381
7.132974074074065
21.268670370370394
57.74613333333362
53.16921481481517
32.84505185185186
52.573977777777905
8.269462962962956
54.756322222222906
55.37783333333387
17.55365555555558
56.12111851851866
55.551955555556034
59.151403703704325
48.43023333333384
54.133377777778016
42.86852592592622
57.83062592592653
17.223988888888876
2.4022370370370356
28.923581481481502
54.28395185185221
57.04431111111171
57.658503703704746
56.04787777777843
34.3866296296296
5.347911111111104
54.50371481481546
56.75835185185259
53.99045925926008
54.952240740740685
54.35956296296347
57.64322592592653
17.378003703703673
60.15167037037103
57.61003333333418
54.88322962962993
54.35017777777812
27.84256666666672
31.36963703703713
60.05093703703747
41.39303703703756
24.208548148148147
57.230225925926746
55.59610370370425
54.22675555555579
14.926585185185177
59.56127407407513
40.3799555555559
53.978122222222765
31.686566666666714
54.826181481482074
22.35890370370371
44.59033333333367
51.260803703703566
51.18641851851932
53.98680370370431
55.392514814815634
57.110611111111304
51.78555925926001
53.392703703704534
56.00938518518535
52.36728148148204
12.099396296296288
9.953881481481487
53.9736740740746
53.86868148148173
41.89831111111133
14.754759259259226
56.05916666666734
15.400581481481463
52.419118518518836
15.919644444444415
0.41995185185185147
25.05751481481483
28.13148888888889
52.035111111111625
27.169933333333365
15.06791851851849
28.659196296296315
12.870192592592586
5.4171481481481365
13.91256666666666
52.279340740741084
14.769492592592606
55.86762592592698
55.97169629629658
50.96697037037079
51.255755555555695
54.74608888888965
20.288370370370302
25.521662962962957
56.7607444444454
52.16553333333391
51.655374074074516
19.71544444444441
52.20150000000043
51.096848148148105
53.569588888889506
37.4302222222223
53.05255555555614
55.504111111111484
12.031903703703662
43.046374074074144
53.501566666667635
35.57875185185178
53.27254814814823
54.678466666667234
55.63552592592648
4.758911111111113
47.494037037037735
19.959829629629652
57.38574814814871
55.17580000000061
40.56639259259283
55.06036666666777
49.531629629629485
36.78681851851857
31.100870370370394
35.51497037037039
24.1494
1.6833148148148127
54.863025925926536
41.078059259259646
14.092440740740717
17.466262962962944
11.7812185185185
54.430325925926695
17.099074074074007
30.597751851851832
53.75067037037074
54.11336296296347
8.763048148148144
58.612114814815385
16.117525925925946
54.57495925926003
53.5196407407409
52.17937407407463
53.85370370370383
53.82301111111148
50.85643703703753
15.497151851851822
55.59541111111121
14.826270370370366
51.46379629629643
55.320970370371136
43.819674074074314
9.51216296296295
49.14971481481544
2.114303703703705
43.79096296296343
33.43087407407407
29.230759259259298
2.4620925925925907
23.154155555555533
46.58316666666676
56.76470000000011
9.134240740740749
53.05820740740793
29.965270370370387
52.679266666667
26.148751851851863
46.969462962963426
22.31309259259257
53.64057407407489
42.719529629629804
37.644559259259196
51.68327777777847
54.55785185185225
7.306403703703699
54.34546666666735
51.22950740740748
33.26047777777783
51.144092592592884
53.90225185185256
54.28932962962973
15.639214814814792
53.84501481481515
53.382174074074946
50.58544814814888
0.9885481481481477
2.936837037037043
50.41145185185206
53.720000000000496
10.981385185185184
52.39385185185198
30.951818518518582
6.556859259259262
52.61916666666693
52.025974074074675
52.41092962962959
51.0226703703705
23.768981481481468
53.24921111111142
55.68903703703771
49.10719259259285
33.61844074074069
55.68068888888943
16.808507407407387
53.70280370370423
1.4699518518518522
1.481118518518516
33.75142592592603
58.017755555556654
49.07444074074128
53.38584814814855
20.294811111111105
38.55997037037052
24.571374074074082
54.418700000000335
35.704074074074164
39.59469629629614
51.32986296296333
53.19611481481507
21.04621111111109
39.606770370370626
14.651244444444448
53.88102592592641
37.19742592592599
17.44456666666662
52.52498518518586
53.70171851851891
11.78581851851853
9.784270370370352
27.019540740740734
61.33880000000048
55.83707777777839
25.934025925925965
54.80904814814873
6.191548148148145
1.8112851851851834
27.547325925925932
17.08677407407405
14.798603703703675
19.931207407407406
22.186174074074007
54.14871481481534
39.321462962963075
53.864937037037414
53.93810000000023
2.9588481481481472
9.037118518518506
53.89140370370419
7.619037037037028
53.059651851852
51.06212962963021
56.626596296297116
51.21022592592614
53.43913703703734
43.344529629630074
53.86982962962991
26.98214074074074
12.816422222222227
53.01760740740788
56.204829629629934
52.5324740740745
48.702681481481456
25.016422222222193
43.82120740740747
3.1009518518518524
28.44093703703699
53.167888888889294
49.27099259259282
1.5354555555555547
40.06414814814828
28.552329629629682
54.121777777778384
50.45184444444496
3.6002444444444466
26.835814814814775
40.27391481481502
46.886922222222616
43.887700000000414
50.410314814815024
54.82372222222305
47.81397777777839
53.966818518519425
50.48346666666733
7.5672333333333395
56.03871481481545
28.177177777777718
51.52405925925999
52.18292962962973
20.141129629629653
26.22348518518526
55.403037037037876
10.422229629629623
52.292151851852196
36.67788148148155
18.714559259259246
53.07341481481506
54.70534444444483
50.955088888889435
53.37359259259273
40.178829629629696
16.250859259259204
8.499081481481465
52.979544444444706
52.88610740740797
56.70367407407436
50.87842592592612
55.732200000000475
35.86144444444451
55.622814814815094
18.329340740740726
57.42437777777879
54.17499259259312
14.206151851851821
54.3219740740743
54.72472962962976
28.025296296296364
27.467059259259276
49.730888888889176
54.872774074074805
3.034459259259261
29.261403703703728
27.06738888888889
11.02703333333333
1.7300444444444438
49.391996296296824
33.39202592592599
53.71950740740816
34.87982592592594
50.6601962962968
52.68376666666738
53.11476296296348
33.00219259259257
34.43822592592604
55.22902222222297
26.31727777777779
52.73330740740743
59.517359259259706
1.405355555555555
2.878407407407407
20.07547037037036
2.3978592592592594
53.96080000000025
4.609748148148146
16.54239259259256
50.73887037037114
52.94394444444529
52.24839259259303
0.5028259259259251
54.9843962962967
19.236977777777724
52.47222222222273
27.199470370370353
15.958192592592582
24.82359629629623
55.98458888888918
3.5855888888888927
39.974903703703916
48.72340370370375
52.13147037037101
28.011037037037017
53.57431111111124
52.89086666666704
29.289192592592617
53.81183333333379
44.68218148148161
51.74658518518582
53.74240370370478
52.48245555555597
54.52389259259308
51.35274814814882
54.94330740740779
52.82816666666738
11.883333333333313
7.002696296296289
7.742944444444431
53.35441481481539
26.844092592592652
56.20754444444513
51.93160370370424
9.554481481481472
51.77458518518553
50.72875925925974
57.692496296296895
56.93659259259318
53.68425925925984
11.204496296296268
51.349366666666704
19.415437037037012
53.53261851851897
14.96707037037035
54.58974074074152
53.16292222222263
13.74571851851848
53.5550629629636
54.54559259259257
53.17678518518589
51.677251851852105
14.492359259259215
11.002588888888898
53.84714074074114
56.51002962963036
30.862318518518517
13.552070370370366
25.09104444444446
11.708848148148133
50.8697296296302
54.67050370370393
48.92538518518542
40.231922222222394
4.021151851851851
50.6885222222225
11.403099999999984
54.31229629629672
51.44189259259291
45.259866666667094
54.36719629629671
49.318211111111516
55.717540740741455
10.224603703703691
36.07424444444447
20.985640740740727
55.153077777778115
52.352022222222274
53.51967777777806
53.02099259259305
55.93913703703703
55.74605925925974
10.804711111111095
51.395888888889225
45.18259629629634
54.401640740741215
15.600281481481474
49.49741851851831
56.281562962963605
32.675914814814845
53.74316296296363
14.656159259259232
10.749722222222223
29.254422222222114
52.93142222222267
30.10707407407405
27.68606666666669
53.735396296296976
35.52173703703696
53.569644444444954
52.64486666666706
54.17052222222276
17.134381481481466
17.703033333333334
54.72109259259333
36.72709259259259
58.17012222222306
45.16151481481509
30.491348148148177
51.76982592592586
10.937677777777774
53.83046296296374
33.83876296296287
52.19320370370423
17.035933333333308
11.577385185185175
51.85908518518595
39.78927407407423
32.23882962962961
54.62505555555626
21.255096296296273
51.05770000000042
53.73749629629694
56.133644444445295
51.49205555555613
36.68640740740736
2.19648888888889
58.03335185185297
51.53185185185211
52.745403703704284
57.24943703703786
56.547977777778364
57.005011111111855
56.153155555556545
55.05692222222299
50.273555555555895
54.26297777777834
28.042970370370295
11.557118518518502
32.59674444444449
33.41983703703704
38.571440740741025
21.11266296296301
53.17337037037061
49.42846296296366
54.450055555556226
14.205385185185149
56.941214814814934
13.842825925925908
52.66081481481504
14.885251851851828
57.70413703703781
3.328048148148146
52.79410370370421
7.9019074074074
50.43145185185183
14.863403703703662
43.50049259259283
52.585255555555506
50.68169259259332
7.915740740740748
53.03428888888963
52.03495185185243
33.809488888888914
32.494292592592636
54.44571851851867
55.96552222222283
51.874770370370804
51.682233333333556
53.520477777778474
20.93256296296297
17.441600000000015
52.082833333333795
54.56359629629693
45.154111111111824
53.7344962962971
14.800707407407403
52.86803333333404
52.06724444444467
58.350829629630134
25.42716296296299
15.571325925925883
3.989951851851849
31.672622222222202
23.86491481481479
27.114603703703704
39.44252222222233
53.509677777778556
27.24327037037037
54.549400000000404
48.14257037037061
39.924777777778004
38.29966666666691
52.59132222222309
17.84673333333327
52.24073703703795
39.859225925926296
43.732877777777965
52.6922777777785
55.57862222222239
54.11015555555606
2.3166888888888906
12.775759259259218
19.156225925925895
56.43398518518633
3.0111074074074073
23.156770370370346
34.00793703703714
36.077859259259384
52.057529629630345
35.03707037037052
47.12465925925948
54.50392222222233
19.529022222222213
21.739377777777783
21.86464074074074
52.176237037037204
53.5555111111115
7.946837037037032
40.11517037037062
8.889499999999998
53.897014814815606
53.698444444444974
50.342503703704345
57.48114074074113
15.26211851851848
16.481422222222214
56.670700000000956
45.9120814814817
21.7224037037037
56.590577777778115
50.74193333333397
53.859207407407936
21.17867407407407
16.948618518518504
52.28919259259321
52.54935185185241
53.490207407407645
53.283533333333715
52.70776666666703
52.27015555555593
55.95196296296346
50.420077777778005
18.982077777777743
14.274344444444436
57.31174814814877
56.59108888888938
49.67868148148121
37.04157777777788
43.59998148148185
53.748092592593
16.49881851851849
20.48044444444445
51.817262962963284
41.9631777777781
25.146388888888882
5.6168555555555555
40.20584444444462
16.226092592592575
52.57315555555586
54.09839259259326
31.96232222222215
51.19946296296351
51.91595185185226
28.10094444444441
6.277285185185182
48.40910740740788
56.267514814815435
43.67322222222236
39.26197407407407
32.1159851851852
50.09309629629662
39.52710000000023
53.6391296296302
52.39474814814848
54.356540740741124
54.68922592592635
11.544959259259262
56.29550740740811
12.51225925925926
53.24341851851897
54.65322962963046
54.42430000000048
55.636755555556086
16.853196296296293
56.32451111111171
5.248940740740744
10.139859259259282
33.168785185185286
51.546314814814785
52.79279629629655
56.3527703703711
20.351859259259175
54.55638518518523
51.85776296296356
30.067477777777743
53.26629259259302
50.075533333333745
23.079637037037006
52.610655555556065
54.81805925925985
54.46710000000037
51.13698148148193
26.913688888888856
34.66435185185201
57.89097777777865
57.900974074074675
23.718907407407436
49.282740740741254
9.36139999999999
54.050725925926514
19.354622222222186
52.609555555556
25.683485185185152
17.36482222222216
3.362807407407404
54.06861481481526
18.461822222222203
54.406614814815526
55.33227407407475
18.830970370370338
15.121677777777766
20.07432592592591
53.226214814815094
45.7979333333336
16.51368888888884
49.0433222222224
53.86254074074107
54.612337037037186
52.87207407407426
27.557885185185185
52.85036666666724
51.70525925925986
54.20823703703799
58.36725925925975
59.67802962963039
55.81077407407493
21.507051851851816
52.54987777777818
7.664766666666669
11.035555555555549
12.576399999999992
43.140474074074476
54.18374074074094
55.3108740740748
16.6783481481481
52.41701111111165
33.00358148148148
54.36751851851919
10.745177777777771
57.36081481481482
7.782133333333322
27.13880370370369
51.420007407407795
53.602351851852106
13.269162962962966
12.752681481481474
53.2028037037038
55.016270370370684
54.96176296296346
8.938899999999988
51.15088148148171
5.417596296296291
55.10600000000049
56.7075222222225
52.21012222222279
56.929325925926584
55.09460000000068
53.12324814814838
23.78063333333337
41.83065555555541
15.120455555555509
50.844837037037294
55.96776296296331
11.945307407407393
23.774785185185245
25.130085185185187
54.899059259259786
27.529774074074147
7.299155555555558
54.08440000000049
59.00673703703739
40.845274074074254
56.87020000000055
26.406696296296293
56.45693333333398
57.21032222222298
35.00151851851858
52.63936296296347
54.57507777777816
54.54890740740773
54.86307037037067
7.905455555555562
17.49661111111108
56.134959259259865
