0
162900
168700
175800
23200
31300
40000
184600
44400
142300
185600
116100
186900
176000
165500
172200
170400
169400
166600
100800
86000
189900
166500
72700
169600
138300
129300
50400
76000
167200
187200
138000
166900
31200
133600
145100
142000
110900
140000
170400
134700
17600
10600
13300
156600
108700
107300
90900
65400
182300
22500
169200
177800
169000
38500
13100
166300
68900
32300
158500
191000
28700
45600
7400
100500
52000
189000
85400
30700
107100
125000
47500
177400
200000
173700
105000
172500
36400
89100
193000
183500
36400
15300
169300
18200
167400
167900
184900
58100
98500
169900
152100
185000
61400
90000
180800
196800
85500
172900
36400
199500
180300
9400
192100
96200
171300
164300
188200
102000
118000
194300
132800
189600
184200
181900
181200
35900
187600
186100
36500
82600
92600
21100
182200
172700
17400
158300
170000
183400
61400
177700
169900
189200
177800
119500
190200
23500
200700
83100
191100
167800
64000
173000
69800
45100
177800
178800
182100
185800
171900
78000
168300
46300
167000
182200
159800
173200
107000
165300
173500
157800
97900
185000
36600
175100
179500
177600
184000
185400
188000
173300
152200
184900
193000
109700
13100
103800
171700
28200
176400
199000
39900
157500
11100
177500
115200
40500
128700
183900
76300
128100
21600
111800
28200
87400
87400
180700
157900
29700
184900
193800
60200
187900
137900
28700
68900
28600
183500
187400
171000
49300
47100
189600
182900
136000
152200
26200
210900
216200
149900
180000
187600
180100
134900
62300
44500
147900
41400
99800
156300
49800
71400
169000
77800
179600
29000
42000
199600
184100
189800
188700
44500
163300
190000
177800
146900
184000
173000
10700
68500
139800
165200
191500
175800
201200
33400
187300
95100
22400
188800
198100
92200
64800
170700
176600
177500
177100
3500
189100
159700
163700
165900
80000
184100
53300
150900
153900
88000
177100
12400
133600
111400
19500
24100
192900
186200
169700
33200
37900
33300
133600
31600
61100
130800
20200
178000
80900
189200
112200
2900
178400
181400
171700
176200
136400
195300
100000
179100
124300
182500
169600
14400
162800
13700
175300
102900
174800
163500
166200
183500
170100
39400
49900
72400
63000
187000
188300
174900
176800
129900
114800
181700
48800
127800
179200
170400
169500
53400
86500
142200
166900
56700
49400
167100
66900
158600
165900
182500
166500
206100
30100
57100
188200
130700
154700
178000
178000
171000
21600
75000
172000
31600
75300
100000
184300
51500
191100
184600
180100
172700
155800
23000
31100
174200
192100
183400
65500
186600
186300
122100
171800
192200
81000
178300
174400
183100
168400
172900
172200
104400
194500
79900
25800
174800
193700
171700
172000
187000
192100
182100
46700
67000
153000
90100
181200
180300
166600
69400
40300
51600
159100
40500
174100
186900
173100
55400
36400
180800
137900
89500
96500
58400
171400
194900
153200
195900
23700
73900
189800
165400
117000
173300
31200
175700
176300
58700
182700
177500
197200
162800
170600
144400
198400
60500
10000
98800
176400
185900
194500
178700
110400
18500
187000
181800
175900
181200
182400
193000
54100
203500
187100
177900
173300
94400
101800
204400
131500
88900
184900
175600
172100
45900
201900
137000
173000
107900
177100
70300
146600
178300
161100
167500
176200
188600
162400
167500
186300
163600
41100
34000
172200
171700
148100
46300
183500
50200
166500
55400
3600
84400
92900
161600
89900
50400
100500
40000
18700
43100
181200
50800
179500
186900
160300
166700
168500
65800
82500
179600
160100
164100
68900
166400
159100
171200
129800
166700
180500
37900
139800
167300
117000
172600
178100
184900
15800
145000
61800
191500
174500
129100
172700
164400
120600
98200
114400
74600
6100
184900
130000
46200
52800
47700
187600
53400
100800
171100
179700
29500
197800
55300
170500
183900
164100
172900
180500
163900
52200
180500
55000
165300
181900
150600
31200
157300
8200
147300
112800
97600
10300
74900
156500
196100
35400
163200
92800
170000
92700
155400
75100
166800
142800
121900
159800
173700
24400
175400
163200
100400
172300
171000
183300
54700
173500
166800
159100
5200
10000
168300
171800
37800
176400
107100
24700
167300
161400
164400
160300
74500
175100
177400
158800
111000
179300
60600
172900
6300
7200
109300
193700
154200
167200
69800
125200
77700
171800
115500
124800
160800
165400
72500
133300
52700
176800
125500
59300
167400
169200
39600
33400
86700
215000
178700
87700
186100
26800
8100
98500
61500
48700
63300
75000
173500
128400
182800
177200
10600
36900
178300
28900
179100
156300
189600
168700
166600
134700
180600
92100
40700
176700
188700
172200
160900
83900
149700
11700
91000
179300
161500
7400
137500
91500
167900
155300
12200
87100
133000
151400
142100
170800
170300
146300
177300
159200
25100
181600
89600
162400
177900
69900
83700
177400
37500
168300
120400
59800
170800
176900
163100
180400
134700
57100
31300
166100
174000
193800
168700
179900
117500
187000
62400
189500
172300
46800
183000
183300
92400
92200
165800
174900
11200
91900
82100
38600
6800
157200
101200
168600
117400
159900
167300
168900
104800
114700
175700
86900
174000
200200
7400
12000
68500
8500
177200
16000
56200
165700
163400
161500
4000
176100
59900
162200
87400
56200
81600
187400
14600
135100
159400
163000
93700
175100
170000
96700
168200
142000
159300
170200
161300
177700
169900
179400
164600
38600
22200
28400
170800
88600
185000
178300
31300
162000
154300
189600
185800
175900
38400
167300
64000
174600
49600
175800
175700
47700
168900
177700
162000
162900
54400
36200
178500
188700
101700
49600
93200
37600
161700
186400
167400
135200
14400
164900
39500
178800
166900
145700
168000
158900
181200
35200
128300
67800
181400
178400
173300
169600
193600
178600
37400
168500
146400
178500
52900
163800
187800
103300
168900
49000
40700
94700
164900
96600
83600
170700
112600
174200
164600
186500
61000
57500
172300
121000
189200
146500
102400
171400
35600
168900
120300
172900
52100
40500
167400
129000
107700
169400
78900
161000
170700
179600
161300
125400
9200
189900
168300
170200
188200
186800
194000
177500
173000
158600
181400
87400
36900
104000
104500
127200
71700
173800
158100
174800
54000
195100
47200
168100
49500
185500
10600
175600
28200
165600
51400
142600
169400
161500
30000
168500
162900
117200
110200
174600
186500
165700
168200
170600
66300
63800
165500
176100
142700
170700
49800
165500
176900
196800
82500
52600
14400
100100
81700
89200
132500
162500
90100
174500
157600
124700
116000
164900
57500
161200
133600
138200
157100
183800
169400
9200
43600
68800
178200
12000
76600
107200
113800
164400
111700
146200
175700
65000
78800
70500
172000
169700
31600
130600
28700
170800
174200
156700
194700
53100
51500
182600
144700
70300
181400
165500
165900
69600
58500
158800
168300
174000
165500
164600
164000
182400
157100
62600
47300
196900
184700
171700
122000
139300
169600
53100
71600
166200
140900
76700
20900
133700
53500
169400
175000
105500
163500
157500
90500
24300
157800
187000
140600
123600
102600
157200
128600
175200
169900
178500
179500
40900
182100
40900
161100
175200
182600
180200
60000
185900
19200
38200
113400
176200
165300
181900
70600
172800
166200
108500
175000
160100
80200
166700
175900
169100
160900
90200
114300
194900
191100
76800
154200
34100
171400
59600
166700
89100
56900
12000
178900
65000
176200
174900
60400
49100
63400
170800
143900
63200
151400
170400
182800
169500
91800
167300
159700
172000
197500
202200
180300
76500
176000
32300
37100
42200
139800
186600
180300
61900
172400
106900
174600
32900
200500
27800
86500
163200
173700
39300
44800
178300
179200
177000
28700
160900
19500
179900
186500
162200
184900
179900
180700
79100
139700
50600
163900
182400
41700
78300
83700
186700
91200
23600
177200
201700
131700
190700
92400
189800
186500
115200
177000
176000
171300
179200
31700
59000
181300
