0
8600
400
20000
19700
20200
15100
19200
16600
6800
19700
12500
2200
5500
21100
17600
20600
500
19000
8300
23700
3000
18900
9300
3700
13200
6200
3100
1000
17100
6300
4100
11500
17500
7700
14500
10300
17500
17300
19800
16700
19300
200
12900
12800
22200
7100
21600
17500
19200
2900
21000
19500
21000
8800
13100
17700
7100
17700
20300
21700
17800
10000
9800
17900
17800
20300
500
4300
10200
7000
17000
16700
9500
19000
20400
8500
16900
2500
18700
19800
16600
20700
20500
22500
18000
16900
19500
18800
900
19000
19900
19700
15200
4000
17400
20800
18700
19800
14500
1600
20200
3100
19800
19900
20000
18600
16600
21300
17000
16500
20500
19700
18700
4200
5400
21500
7200
19200
19700
11800
18900
19400
16800
18700
12500
4000
12400
19700
20600
20900
18300
17200
21400
18900
17700
19000
16000
3800
20300
20900
18200
20700
1500
21700
19100
11700
20100
19100
2800
17800
20000
19700
5200
18700
18500
1200
20300
21100
20200
22100
15200
23200
9500
500
16700
16900
13200
18800
1400
6900
20200
16800
5800
22000
20800
22600
19800
18900
22100
15800
16900
21200
22000
21200
1600
1800
1400
21000
17200
17500
22300
17700
17500
21500
3900
18400
18900
18500
23400
17600
14800
18700
21600
18300
-100
18700
21800
19500
19000
22700
22700
-500
19400
17300
19300
18800
10700
17500
21100
18800
18000
22200
6000
20100
16200
18100
15600
16900
20500
19400
19100
17800
17900
16700
21000
17600
3400
700
20300
18400
19000
18000
15300
20300
17300
14400
23600
16900
12200
3300
7700
17300
1500
21400
3300
19500
23300
18000
19100
10000
19600
7000
8000
18500
19100
20900
21300
17200
19900
13800
7400
21100
5600
16600
16900
18500
18900
16600
11700
16100
9000
19500
20300
17500
21100
19000
18100
10100
3700
22500
16100
18100
9000
22700
22000
4800
22700
13200
19400
19900
21500
17200
23200
18500
15300
14400
800
19900
10600
13400
10200
14200
20600
8000
20400
18200
19500
21200
19400
19400
17200
22100
22600
21600
22300
1400
11000
6400
17600
20400
8600
23100
17600
17400
16900
18900
16000
12400
19800
23800
15900
8200
18400
11000
19300
12100
19600
6500
16600
20900
19100
15200
17000
2500
19100
23200
14000
20400
20500
18200
20000
2800
18600
15500
15300
17900
20200
19400
19100
19900
21500
18100
19400
18100
16000
20600
18800
19600
4300
18500
9500
19900
17300
21600
12300
14800
2000
21600
9700
17600
20700
6900
22500
23200
20300
6300
16800
-400
19800
5300
11600
21100
6400
18200
1500
15400
13900
22000
17400
20000
10600
19000
18300
18400
18500
18500
19200
20600
19400
19200
22700
14300
12600
21200
15400
4700
16000
19700
20800
20800
19200
18500
22600
20000
20000
17700
19200
2400
21600
18200
21900
23200
11500
22200
5900
5700
22300
6200
2800
23400
16400
20100
24500
17000
3600
5200
23500
21200
18500
15100
17500
20200
17900
15800
16500
9500
21100
18100
15500
17400
13600
22400
20200
18600
20400
20300
600
19100
8800
21100
17900
2400
20800
20900
17500
20400
17200
20800
2000
16000
1100
17200
7200
17000
21200
17900
19700
17900
18500
18800
20400
18900
21900
20200
20000
5900
11800
19400
12600
20600
24800
13500
11900
15200
-100
13600
4200
21900
15300
22500
11700
19700
9300
17100
19300
12800
3700
1100
10500
20100
17400
12100
24700
20000
9600
21800
1300
6900
6800
18200
21800
19200
19100
23500
12500
22100
22900
5100
15900
22800
8700
17200
16300
18100
22800
3900
24100
7400
21600
9300
11800
20500
19100
13200
19600
21400
17800
1200
17700
9700
1900
200
1800
2400
13200
20100
21400
17500
8400
-400
8100
11700
8400
7900
11200
15700
200
19700
1600
3300
6600
8600
22200
1200
21200
23100
9600
23800
21400
14700
18800
21100
11500
20300
17700
3200
3000
100
20500
17700
4900
14500
19400
19700
-400
700
10800
3400
20500
20700
7800
18000
17900
4400
9900
7300
10500
11600
10400
10700
5100
10700
1900
21400
15900
20700
12100
22500
19100
12700
18800
19500
9600
22300
7700
7300
7000
1200
3600
8000
2800
14200
17400
6500
8000
1500
10200
7500
21500
8600
9100
7900
14800
6100
700
22600
18700
16200
13700
20800
20500
16700
17200
17500
2900
19200
2400
18100
22400
16100
19000
18300
16300
7100
21800
7700
20500
5200
9700
19800
1600
18200
4800
12800
17700
20600
3000
13700
4800
1800
14500
21700
21000
11700
3400
1800
21500
18300
19400
14000
17300
8900
9600
2300
18800
13000
20600
-200
7500
4800
18500
2700
18100
2300
300
5700
18700
3900
9500
2500
6200
5200
16000
23100
8400
21200
16100
3600
5500
13100
16900
6300
16700
22000
19000
15300
8000
22100
22400
15900
22300
19600
8100
9900
19100
13000
3300
21600
22100
10100
17300
20000
22500
5200
17000
19600
21700
400
12300
21100
1300
9300
24100
24500
3700
9000
16700
18600
6800
12300
16600
17200
12400
19900
20200
20800
24100
19100
17500
22400
18600
6900
18600
18400
14200
1600
13800
19500
13900
5300
21600
5700
21700
15100
21800
3500
21300
18700
21600
700
18700
17700
20000
20200
20700
7400
21100
18200
12100
21900
4100
18000
17300
20000
1000
22500
23400
16200
22200
16000
21600
13400
14500
12500
22100
22700
22800
19600
1100
14900
18300
400
18200
19700
1800
22500
16100
21400
21000
2400
16900
10600
23000
13500
15500
19200
18200
17700
9100
11300
9700
18000
20600
15200
16400
14100
1300
16500
8100
23300
20300
19600
22700
16800
20800
20700
1500
11200
26000
1800
2100
12900
19300
21300
4100
16300
9200
19600
22300
15300
3900
10200
8600
21300
22000
18100
15900
22700
14900
5400
23000
5400
20000
20700
16800
17600
10900
20300
25100
9100
21400
6500
17800
27900
6900
7400
16000
23500
2500
19500
20300
19600
18300
20600
18000
5000
1300
20800
17100
17600
4900
19200
3200
4900
15300
2900
18100
17000
14100
18800
700
15900
18600
19100
20300
11900
23400
20200
21300
18000
19900
7700
1700
21000
23300
11700
20300
17100
22400
17800
17900
7800
15700
9300
14700
4900
14400
12300
19900
3800
17500
9900
19900
12800
17300
22500
16300
17500
17500
15700
17000
20400
15500
4800
20200
10100
24000
20800
300
19900
19100
20300
19300
6900
15500
20100
18800
8200
4000
19500
7800
12200
22000
10800
9100
15500
15800
16200
2500
15900
8100
9600
17500
20100
3600
18300
6700
17800
17000
4000
2100
12300
4100
7900
19700
8300
19800
11000
2100
3600
17300
10700
8800
18700
2000
18000
14800
23900
18800
2000
2100
17400
11300
8600
19300
9700
100
5900
2200
16900
19000
7600
2800
8200
10100
18400
8100
9100
4300
21100
18600
11700
200
20000
7400
9100
7900
13000
12100
4200
9000
17200
18300
2600
600
6800
16500
4900
13600
17900
21700
12800
10900
17900
4700
3700
2200
2900
12900
1300
20000
7100
9100
7400
10200
17000
3700
4900
20000
17200
2900
17300
14100
9100
8200
2100
14300
15600
1600
5700
6200
2800
7600
6200
2000
9800
300
18900
1200
3800
3300
13300
16100
22000
22900
12800
500
2300
5500
8500
16400
11500
9200
18500
16700
200
6200
10600
3500
5100
2700
20800
18600
14500
5000
13300
14600
17900
18700
10200
13800
2600
19000
8500
5300
10600
4000
200
7900
2100
18200
13600
11400
19800
15900
7100
11300
9500
12700
1400
18200
20000
2200
12200
7200
18400
1900
2500
18400
7100
14300
8100
19100
7700
13500
10700
21400
1000
5100
20700
2400
16000
3300
24600
23400
16400
10500
15100
20200
17000
1300
21700
7700
3800
6300
-400
9600
12900
-400
2000
15900
6700
10000
10300
4800
10600
5400
18200
3000
10600
3700
12600
14200
12200
13300
13300
19000
11000
12500
6900
13100
4200
16700
18200
0
4800
18000
21300
13200
9600
7800
5800
8900
20400
4000
13900
3600
6500
13600
3700
600
2900
4300
2500
23300
6200
3800
8500
18000
12100
25000
9000
6200
19900
20400
17600
5800
12100
2200
10300
18400
10800
4700
10600
15500
3200
18000
6900
22000
18900
17900
9800
18000
11500
17900
10400
18400
17700
11500
2900
6000
14700
12000
6900
19400
10400
19100
700
300
19000
25800
11900
1800
3200
6400
3700
3900
21300
19700
4500
23400
18400
17300
22700
5100
18300
22100
13400
13400
17300
14000
12300
17400
17300
18200
19600
18800
3900
18900
19600
15200
9300
11200
21300
18900
2200
4400
20100
17700
11200
6400
800
13300
19500
2000
6700
2200
5700
10800
22300
9400
15900
14100
1900
21700
6200
2300
1000
8200
19500
17000
23700
18600
3500
22800
14400
18200
2800
6300
7100
15300
7100
17400
18400
20100
6200
11100
5900
24500
16600
14100
6100
13400
1900
1000
3700
2800
18500
7100
9000
2800
24400
24400
13600
4100
21500
21200
10500
17400
4800
10800
5400
18300
17300
16800
7300
15200
18500
24800
9000
7000
20200
18400
1700
17600
21300
4400
15800
9200
16800
700
6400
12300
6600
15000
6500
14500
2200
18800
8400
1600
21100
19300
19400
16300
6900
18100
13200
3900
5300
19700
15800
20400
15000
20400
7700
20400
11200
6000
3600
14000
2000
14400
8500
2100
17600
6600
2500
22800
16900
14300
17600
9100
5200
22300
20200
19700
2000
3700
4700
23800
19800
2000
5200
10700
10400
11500
19100
8900
16100
6200
15800
13600
15900
15500
6500
2700
13900
7900
15200
7700
5800
21700
2900
9700
2400
4700
300
5400
3200
12200
1600
18900
20800
11300
14500
6300
16000
15200
4600
6100
15600
21100
18700
17200
19100
9000
3200
19700
7800
4300
3300
21200
21900
5900
4800
3600
17500
7700
9000
2100
6500
7100
10700
7100
11600
6800
1500
13300
12400
17200
4800
1400
17300
6500
5200
2400
2100
7500
7200
4600
4400
9300
400
9900
-200
1200
-400
4100
-400
4900
6300
4300
14600
19000
6500
12700
3900
2900
16600
5600
1100
3200
3800
2700
4100
-400
4900
3600
16400
4200
6200
8400
12000
1000
1600
1200
4100
3100
2600
2200
13200
12800
3000
1100
1200
14700
1800
5600
8700
6200
5100
19200
2600
14500
1000
2000
20000
19000
5400
2200
6100
1100
16900
-400
5900
9000
3200
1700
7200
6300
2200
23100
14200
2500
9900
200
4400
8100
9600
8000
300
2600
1300
13700
13100
23100
15500
11400
10300
15300
900
10000
10000
7500
5900
12400
6600
4300
16700
3200
14400
2900
6400
9300
3900
7100
7300
26100
1100
4100
16600
11900
3900
8200
6500
9300
-200
13000
500
1900
12700
1100
10900
2400
19100
19400
4200
13500
9200
10800
10500
17000
13600
15100
1900
1200
5600
20600
500
2100
5300
18700
9200
1000
100
21800
3600
12200
1400
8100
2900
1100
3900
11300
17200
14100
5300
3400
22000
2300
11100
15100
3900
2500
2100
15700
12700
18700
400
10100
12100
5900
14400
5100
15500
19400
8200
5600
10800
4300
15100
8900
11300
4600
21800
4300
21900
-200
16000
16500
8200
3400
17400
7100
21000
14800
19000
9500
0
19000
7600
7900
1600
6700
3100
27600
4900
8600
1300
14600
3900
4600
7200
13800
18500
-300
19000
23000
12000
12300
2800
4100
21800
12700
15900
10600
-100
17500
12900
11100
4200
2200
8500
8500
15600
8400
3400
7000
1900
17700
16300
16000
16200
1200
18200
17000
18700
17800
16000
14800
-100
2200
1800
5700
18500
14200
8200
1200
2000
5600
14100
5200
8000
6300
3100
3700
10100
-200
19700
15800
11100
10100
6700
900
900
6500
200
5400
7500
9300
2200
2500
6300
3400
3500
3200
6600
1000
1000
4000
12000
18600
2200
2200
9500
9900
4300
1300
16500
19000
1700
17000
7700
9300
14800
25400
-500
2300
22700
14400
4200
4000
22200
12800
2400
15400
6700
4300
5800
1900
20500
10000
3700
19000
600
6300
4000
2600
7400
-100
16000
3100
-200
-100
19300
5100
7100
5400
12900
8600
2500
1600
8500
2800
14000
10500
5500
3000
4400
1600
14100
1100
500
200
5100
20100
7600
21300
6700
16100
16500
900
10300
13700
10800
1200
5300
8300
300
3600
7400
18700
8000
18400
10200
13500
11200
2300
300
14400
5700
4600
600
15000
6800
9800
2400
19900
1900
4600
17500
3100
10900
100
7700
5300
10000
15300
4500
1800
5500
18400
14600
23400
1900
14400
4200
15200
12400
15600
15500
1500
8500
900
17500
7400
2300
2500
5400
2400
15200
4700
200
18300
13200
12500
2500
17400
1500
300
3300
900
1600
0
5300
300
10500
3400
5400
18700
13100
8500
3600
13800
8800
8600
500
7200
3500
18200
4700
8700
16100
6700
10700
14800
9300
400
5000
7900
700
7400
2600
500
4800
1000
16700
5700
1200
12300
3500
3700
11900
12100
9900
3600
2800
7500
5400
12800
0
16300
4200
14600
7500
7600
12700
2400
3900
17300
19700
9500
1500
12700
5700
20800
7100
-100
3300
8500
-500
5100
2200
8700
2900
1400
1100
1400
13600
500
200
10400
4200
5800
2100
0
2500
-200
10800
5100
700
3900
4200
6900
6200
6100
3000
7800
21000
11200
4000
14800
21700
2500
16000
14300
6200
4700
21600
14200
2600
9400
600
16100
2800
18100
3900
4200
3300
2600
4900
800
12700
9300
4200
10900
24300
16900
6100
2800
4900
400
4700
3700
5800
1000
200
10900
13800
2100
9700
6400
19000
4400
16700
6500
16700
16600
23200
5200
8200
7300
4100
9000
6500
22600
18700
10000
15300
1200
16300
3200
6000
5700
4900
4600
1000
1400
9400
8400
5500
400
2100
9200
1400
17700
5500
3800
6800
19300
14400
-100
400
2300
20600
21200
15400
11100
9500
17700
8600
8200
3500
1700
5600
900
-300
100
9800
900
20100
16900
14700
2600
12000
14100
6800
23800
2100
4400
20300
17600
5700
20200
1300
2800
6300
12200
2300
7800
10200
12400
16600
10700
18600
17300
1800
12800
600
6200
7200
3900
6200
14100
16000
6000
800
300
7300
12100
7200
3700
1900
2300
9900
1300
11800
6700
6500
4500
6600
18300
9700
6100
7800
18200
900
10300
3300
1200
5500
16700
1000
2700
8300
7500
7000
3300
200
15800
2700
24900
19800
5000
14100
15000
5400
14100
6700
700
19000
19100
2100
900
18900
5900
7000
14300
2800
6400
700
10400
3200
11600
19700
2000
1500
14400
4600
10500
4400
6100
3300
5000
2800
1900
23300
1100
4400
0
4700
17100
7600
2300
0
4600
8400
9700
13100
11800
17600
14800
11800
9300
3900
1500
11200
7300
3400
15000
3800
3400
14700
14200
7000
8500
4000
15000
19500
16400
16900
9400
900
6900
1000
8100
2700
18000
4300
500
15100
15300
-300
400
1200
7900
17600
1100
9600
19000
2800
2900
2100
11200
3800
5000
14200
7700
14400
16800
5900
4800
9600
16800
26800
8900
3800
12300
8200
7600
14900
2300
13500
3900
17800
6100
21300
19300
15600
15800
700
6900
23000
-300
1700
9500
17000
8100
1800
5600
13900
7200
9300
7500
5800
6400
4900
4600
5100
3600
9600
4600
16200
18000
15900
13900
22200
3800
3600
13800
5900
1600
3100
6100
3900
6900
8700
7100
2600
9000
2000
20600
13900
13400
8800
15900
7600
1800
15000
7600
6900
8100
10300
2600
2700
11100
11500
7300
1200
24700
3200
1600
19500
11600
16200
3700
1300
12700
14000
9500
6500
1500
18500
11200
3100
600
12500
15000
9400
6500
14900
6600
8800
300
20400
9000
2900
7900
21300
2500
6400
18600
20600
2500
14400
2100
17600
7300
400
18700
15500
5700
17300
14100
7500
17200
2500
5700
1800
12200
8800
9500
13000
2600
1400
2600
6500
400
2700
2400
16000
3700
5300
24600
9100
6500
1500
3400
7700
4100
2300
1800
9400
5700
2100
9500
8900
19300
5900
8400
500
5300
14600
9800
300
8200
4500
3900
5100
19400
17900
1900
21400
4700
-100
1800
2300
16100
12200
4100
6600
4500
3300
-100
19400
5800
9100
13300
6500
1300
13300
8200
4300
-200
16900
1300
18500
5300
10200
2400
14300
17100
6200
21800
900
11600
5700
11300
15500
4200
1500
3000
200
15000
10700
13000
14500
18900
15100
8000
13200
200
6500
6700
14100
8600
15600
12600
4000
1700
17700
6600
8300
4000
8000
2700
11600
13100
8100
5200
6100
19500
12500
7900
15400
9800
3500
18000
18300
15300
16300
11600
6700
20100
6700
12300
3600
22400
7700
18000
15400
12200
9500
17900
13900
1600
7200
6400
15700
13200
4300
15600
8100
8900
6600
20500
15000
7800
18100
15700
13700
10300
2800
22600
15000
6400
10500
12600
3600
2800
17600
9600
14400
6600
2100
12700
16700
7900
4200
22600
17000
9900
4800
16800
10400
300
6000
18500
3100
16600
2900
-300
5600
11100
21000
12300
19100
21200
18400
4600
16800
18600
6500
12500
9900
9100
2300
4400
3400
900
13900
8900
12600
13200
13600
7000
800
3300
18600
17300
14300
18800
10500
2500
21200
3600
2000
6900
2300
5000
5900
900
6400
20400
2000
7700
2700
8400
2300
4300
1800
26200
10000
1000
3900
800
5300
14700
13100
22600
4500
19500
18900
300
14300
22100
20800
16700
15900
2800
18100
11700
17500
1700
20900
4300
300
9100
20800
14700
8700
2400
400
18100
1100
3000
21500
3900
12800
6800
10800
12100
10700
10100
13300
7300
8200
4000
5200
8300
2900
16000
8700
5900
2000
15700
12600
12900
22900
20100
14200
8200
18300
1800
2300
600
13000
2200
2000
1700
18600
2300
11000
7400
11900
400
11400
700
2000
5300
2500
4600
2100
600
500
4600
17900
2000
10800
13300
-100
3600
11200
4400
3100
11800
5300
14700
3900
8900
8900
2800
1600
3400
20000
5000
8100
13400
26600
13400
8200
4900
4600
10300
2600
8300
3900
13900
20300
10600
3200
3800
2600
17200
7900
18200
16900
4000
7800
6100
15500
4400
16900
10900
1300
6400
11100
14000
9800
4200
2000
14800
12000
22400
17200
100
-400
18600
-200
17100
20800
9600
3200
13300
2400
13300
7200
11100
9100
700
13100
10700
13200
16200
700
16800
3100
20700
700
2500
11700
14500
8100
12300
15200
6200
1900
7800
3500
9400
8200
4800
800
15300
3000
1700
1900
2000
6800
7300
6800
20000
13500
15200
19300
2400
13800
5800
14800
700
4700
2700
4700
3400
11800
2000
1200
7100
9300
10800
6400
500
11800
400
3100
12500
15500
900
3200
8500
7700
4400
12900
13200
4500
6400
17800
1100
10800
12400
7200
12400
3300
6400
17000
6300
18700
-400
14800
7600
13500
14100
16500
2900
11800
3300
1000
4600
4100
8000
4100
7600
19800
18100
13000
6200
11400
5600
300
10000
16400
2000
7000
7400
5100
5800
4100
5100
1600
16800
9400
20600
2000
16300
13100
3500
8900
-100
19500
2900
13700
7000
4400
1300
20900
15000
11200
9300
17000
10700
6700
15100
8600
6300
18300
1400
18900
15600
1100
12500
15800
7300
600
20400
600
4600
7300
100
2800
14000
18700
900
3500
6700
19700
4100
17000
22700
9300
18300
18700
8400
15900
5700
12000
1200
2400
8100
11400
1900
7000
2100
14000
1800
13300
5600
2600
100
2700
1900
12500
4600
17800
3900
2100
3700
6400
13900
8800
2900
15800
7400
14300
8900
4700
9400
10600
5900
5700
14900
20000
15100
4600
1000
14300
8900
1800
16400
2400
11600
800
11600
2300
3000
2500
5600
17800
21500
10400
2600
8100
3100
18200
16200
1100
8500
9500
20500
23600
6900
-300
4200
17500
19300
12100
10900
10700
21100
2400
13800
3000
16100
11800
16000
17800
24900
6000
19600
22300
1500
12500
6100
700
11700
8700
200
800
200
12100
7200
18700
3100
8400
3700
5200
10000
11300
9700
13100
14900
9500
3300
900
1100
13100
19800
13400
10600
19200
9600
9800
6000
6700
10100
4400
17000
4500
100
2600
7400
1600
2200
19400
3600
5400
7300
7800
2100
600
2200
10300
5200
18400
1900
11500
4000
11200
6000
6900
1400
6800
19500
3000
13000
17900
7400
2400
10900
5800
8800
7600
3800
14000
8300
20700
12900
17200
2300
7500
16700
9000
6000
3200
19500
3400
3700
8000
10500
7400
4700
16300
10600
12200
10800
4000
5300
14900
10000
6700
6700
16900
-300
1500
4000
1600
19500
9200
800
17300
1000
15500
8900
3100
5400
200
7700
3100
300
17400
14600
3000
6100
5700
12800
5700
18700
8900
4500
2200
1600
25200
14900
3000
5800
8000
19100
6700
13900
13500
1200
3200
15000
5500
3000
15400
2600
22200
13000
18600
11600
3000
15200
2600
200
5700
6500
3400
13000
13400
2400
2100
-200
7900
11200
6500
-100
4100
5700
5000
16200
12700
6200
4200
8300
12200
12600
9800
11500
9900
12300
1900
9300
14500
-400
4000
600
6600
4100
16900
16300
16900
2300
18600
17400
13700
500
2100
1000
10600
9600
13100
14900
11800
14900
2000
8600
1700
1900
400
2200
22400
17900
2700
4500
6000
22100
11000
17600
4400
14900
5900
10800
7300
2500
3100
1500
1200
22100
16400
20100
18600
17200
20600
18000
9900
18400
6100
15100
8000
21500
800
13100
17500
25900
15000
6100
19000
5300
10400
5100
15800
18700
8200
5600
19500
0
13400
21700
18900
-500
4500
16700
400
6900
4700
2300
2900
3700
2900
13800
13000
900
2900
6100
5800
12900
8700
6700
10800
300
16600
1200
14500
10300
15000
5500
1500
11500
2800
20700
8900
11600
11500
24000
7200
14000
200
7300
10100
15200
10500
3400
14200
2100
19800
4200
12400
4100
400
8300
16200
6900
7000
17900
13000
5700
22200
14600
17300
16400
2800
7900
18200
7300
7100
7100
13200
1000
1100
13900
-300
1700
17700
500
4800
12500
16400
21500
4300
2100
15300
3600
1700
6200
5400
8600
9600
-400
13600
600
10600
15500
7500
16300
10000
7200
15300
21000
13700
15300
15500
3000
7200
14400
600
5200
4300
15200
7300
16200
1600
19400
1600
18900
16300
3500
5100
2200
11800
11000
16700
11300
100
3500
12600
20500
15100
13500
2800
6600
1600
1600
4600
20200
21100
5200
10500
1900
400
10000
100
2000
6600
19600
11700
5700
9200
11800
5700
9500
15100
3700
16400
13300
5600
4300
6200
16300
6200
16000
14000
14000
18600
3400
19700
2600
1200
7100
22700
1900
0
1300
18700
8400
6600
10400
13600
17000
15100
-100
6000
17100
15600
6900
17900
16500
10200
8800
14800
19300
7500
9900
3300
9200
3500
15500
16600
5400
18200
17900
21500
9600
10200
17500
11700
11200
14600
6900
21200
10000
17300
18700
16200
7700
17700
5700
11400
2800
11100
1900
10100
6600
9700
1900
7500
6700
600
5400
18000
1000
15200
8300
18800
1600
10500
14300
19700
6700
15800
5000
1600
14000
4500
5400
6400
11100
11300
3600
4300
4000
2000
5600
25000
15600
18500
16800
19000
0
3500
12300
12300
9200
5100
2400
16700
6500
15000
13400
15500
3800
4000
17200
14400
4500
2800
4600
11600
16400
4000
2600
15400
2300
10700
800
5700
3300
4400
3100
6000
400
3400
3600
3200
15300
8400
3700
4400
12600
18500
12400
800
12500
3300
3900
4900
1100
8500
13000
8700
3600
9800
5000
8300
1100
6900
2500
14000
9900
8700
13900
1400
1800
8000
13800
4300
19800
3800
6900
12300
15200
3400
600
16200
1800
14400
3300
4200
21100
18100
2100
2200
7700
-100
8800
10300
2100
8900
20000
500
3900
3700
3300
200
15300
17800
17300
19800
21700
16800
10300
1800
500
18000
18300
500
8900
12200
13300
4100
3500
700
19200
16700
-500
18900
23100
3600
6900
6900
2600
4200
11800
3100
18700
10600
20900
18500
22900
14500
9500
17400
22600
5700
13100
10800
20200
4300
5300
3800
1900
900
7900
2000
5400
1100
5000
2700
6000
16500
8800
4300
600
2300
2100
4400
1500
4900
7500
14500
15000
12800
21700
4700
6400
19800
3600
18400
14700
5300
18400
12400
15500
0
2100
15000
10900
5600
10900
2400
18600
9700
18700
5700
11400
7900
1000
13100
-100
6200
15200
1000
6700
2600
20300
17200
2600
5600
22400
1200
10200
14900
6100
13700
17300
18800
3700
19200
10500
3400
4500
1200
13500
19500
6600
14700
11500
14500
3800
15900
10200
15200
4700
2800
6100
7900
6900
15600
8300
2500
15700
8000
7100
10000
5500
13800
700
12100
2700
600
16400
-300
10000
3900
1900
9300
6600
4300
4000
2100
11300
8300
0
17600
11500
400
11900
10800
20700
12600
17500
15400
19500
2900
16400
8600
18700
18700
22300
16300
1400
4700
10500
9000
12200
11900
24100
13700
15200
9600
14600
2700
1500
13100
2100
1300
8400
9900
8100
4300
15700
17300
8500
6200
3500
5600
2500
12100
15800
1200
20200
2800
9000
1800
4800
0
6800
4400
4800
6800
0
4400
19200
22300
10200
18600
3600
300
15300
18300
3400
1700
2300
14500
15200
13000
3500
15700
8600
3400
8300
6400
1300
5700
5300
16200
2000
13800
5300
1900
16400
7300
7700
18300
15400
7000
4200
1900
21300
11800
14100
8100
8900
14800
12800
5400
6900
300
15200
1500
1900
5900
24000
13200
11800
7300
17700
8500
1800
0
18400
9200
8300
16500
5100
9800
7300
-100
6000
15100
18300
5300
16400
22900
7700
12300
7700
15300
9100
10500
2500
12300
19300
700
-100
16000
13600
18300
400
8000
0
14000
16100
13000
17200
2400
3600
19900
4200
5000
5000
5300
3700
4000
6900
4000
16500
14100
11500
13700
11900
15200
17400
16800
3200
0
3900
9600
6700
13700
15600
3700
1600
4500
18000
10900
8700
1300
24100
7600
3100
15100
7600
15800
6500
7600
3600
300
17000
14700
300
2000
14200
2000
3600
1600
1800
8700
7800
2100
200
14900
9200
12000
5400
18800
1700
200
9500
7000
13700
12100
9500
900
7200
4900
8000
13800
0
2900
3200
1200
3400
4800
17300
100
18800
1600
9600
9400
2300
17900
7500
10900
5300
17100
15300
8300
2200
4200
15800
7500
10100
0
1700
6900
15600
17400
19000
17400
19900
18500
14600
2700
800
7400
4500
800
10400
800
8200
20100
6300
22800
3500
13700
2100
800
1400
3400
600
4100
5800
0
0
4100
2400
4100
3400
2400
500
3600
1500
1100
200
13500
5200
4900
2800
15400
2100
10500
5300
18100
15500
8200
900
16500
900
12600
8900
2800
9900
1200
600
8900
3600
-300
3500
9500
22000
3800
10600
1400
20000
8000
22400
2900
7300
300
8600
4300
8000
-200
6500
5100
4600
4900
5900
6100
16500
5900
4200
17200
18800
16000
18700
3500
4900
9600
7800
800
3000
3400
2600
2000
6300
4200
400
21700
2800
2600
17600
3700
9700
23400
3300
5000
13500
2600
10000
15700
16700
3200
13000
-500
15000
14800
9600
3700
700
100
11200
7200
14300
200
4100
2800
14300
13900
12600
2700
12600
19300
10500
5700
3800
4800
10900
9500
8200
5700
4700
900
16600
11600
17600
900
3100
19200
6700
15000
900
3800
4800
20500
5700
15900
13200
4800
9700
7100
9300
19000
18400
9300
9200
14100
2500
1000
6900
900
16800
16700
1100
9000
3200
21300
5700
17600
2700
3500
4200
4200
2600
9800
4000
11300
6200
9300
600
11300
14800
12500
-200
4900
2100
2100
10000
6500
13400
8400
20400
15600
19900
7800
1400
900
4900
16300
2200
600
1800
7600
4700
13200
1800
900
1900
2300
3800
2200
19400
900
4000
1400
11100
3300
200
1800
2300
8600
5100
14600
100
7200
5100
700
1700
2000
15100
3600
6900
16000
5400
16000
16500
21300
10400
4300
2000
2900
1600
6000
13500
6700
18700
0
2300
4400
20300
1300
8200
6400
15000
2400
2800
6500
4400
5800
3400
4500
600
3600
5800
18100
600
19700
13600
10100
17900
3200
14800
5000
800
6200
5200
8300
6200
5800
8900
16400
500
8200
2800
10600
12700
16500
5600
16800
1500
4100
5700
13300
-500
7400
9300
17100
4700
1500
9300
2400
7900
18100
6500
7800
15900
6900
500
3000
5300
11400
4800
4200
24100
2000
500
3600
12900
12600
1600
1700
4400
10100
6100
4700
2100
4000
3600
13100
12800
5300
2800
17000
700
7300
3200
1000
300
400
700
5900
1600
13500
1500
16900
-100
12500
16100
4900
1400
9500
1400
900
10700
6300
9400
10900
15900
13500
600
15900
700
14500
5100
5800
14200
3700
4300
3900
15100
3000
200
8800
2900
6400
8100
7000
4100
6200
3200
11000
900
14200
15000
2700
6600
6900
2000
14300
1200
11200
9300
3600
8800
11900
-500
7300
800
21700
800
12300
7600
500
7600
0
1300
18200
800
18200
3700
11200
400
19200
4200
3200
700
500
4700
5800
5400
11000
14000
3700
7600
7400
16500
13700
700
6300
21600
1400
13600
1100
6500
16200
19600
13900
7800
16500
2100
11600
5400
19100
800
1100
14600
11000
7100
13900
11700
13600
3900
700
19000
1000
10000
14800
5300
19100
2400
2900
600
13500
3300
5200
16700
2500
19200
16300
8100
1300
4300
9200
4400
3300
14100
800
10800
11300
0
17700
9700
1700
18100
14100
14200
12500
3700
-400
18900
5800
8900
6900
900
5500
4100
2700
1300
7000
11800
4100
17800
2600
10000
2100
9000
10200
3800
10300
200
7500
4600
11400
8400
10400
4400
6500
7000
8200
5200
8300
7100
4200
17300
3100
15700
6400
2700
9400
14500
6200
6100
16300
700
16300
1400
5600
100
10500
800
2100
8900
1600
10500
3700
1200
10700
11600
3300
5700
5600
12900
500
900
12600
16300
0
18300
3000
8500
10200
3600
5500
8000
10700
20500
2300
300
5800
3600
300
800
5600
7400
14700
13500
11200
6100
9400
9700
19200
10400
13500
9600
1700
6400
12200
1000
4900
13600
17100
4400
20000
14000
-300
6200
10400
4400
4900
17300
12800
18100
14100
4000
5300
1300
4700
2500
5400
5000
6500
2900
6600
20000
20000
12500
9400
8200
12500
7300
8300
2100
17000
12600
13800
15200
8400
7900
19800
2800
2300
1000
1100
10900
10500
19400
3100
3800
16500
5200
26200
2900
3800
18100
8900
7000
3800
8100
8300
900
4600
20600
1700
3100
18400
19900
13500
2800
6900
7300
20600
4400
13900
14700
4800
9600
2600
8200
2200
20400
500
1900
17100
1700
3200
-100
900
10500
8900
13300
6200
7200
20300
4600
18800
5800
5900
8100
1100
2500
1700
19700
14100
7600
3100
3000
900
15700
7800
2400
5600
8600
14600
11700
700
19100
10500
3000
9900
5000
2000
1300
5100
400
16500
10900
15100
2800
2400
4500
13500
17900
20200
7700
8800
8300
4700
15700
4800
7000
12100
5100
1300
9700
5700
2000
9000
16100
4700
4500
2500
3700
3000
10800
3700
3100
8700
4000
1100
13000
10000
5400
11200
19300
8400
7300
5800
1100
4900
11400
13600
22200
12800
1600
7000
7000
2600
4700
14200
2700
400
6700
3700
19800
300
12900
11500
1800
17100
1000
1800
2000
13200
8900
-100
5100
18500
3900
2400
10700
6700
11300
4000
8700
5900
10200
6500
4900
-100
5300
3900
13100
7600
5400
13700
11000
10700
7800
11800
1300
6400
7300
700
3700
11800
600
2900
2500
15800
18800
-100
14400
19500
11500
17300
-100
1200
1100
900
-200
3200
3100
3600
4700
1100
6100
3800
7300
4300
1400
4400
11500
3500
4200
9400
-100
8800
9400
8000
3200
16400
9900
9700
8000
800
3600
9000
1900
12300
16800
1400
13500
8200
15900
3600
2900
700
600
13300
6900
1700
4000
8700
3200
8100
5800
11200
1700
6300
16600
600
600
12800
100
1600
2400
14800
3100
2300
8700
7700
4500
1500
4700
1300
13300
7300
3900
2100
7600
7100
13400
7900
13400
2400
3400
7000
2100
-100
500
4700
15800
200
4400
1900
6600
1600
2400
2100
1100
3600
3600
1200
7100
6000
12800
4300
2600
1700
7400
6500
4800
3900
1700
19100
6800
2700
2800
2100
4900
5500
3200
4300
7100
4100
4500
7300
4600
8300
200
800
6300
4400
3000
4600
10200
11800
11800
11000
7000
2700
13700
15200
2500
17900
200
6700
4000
6800
8700
14700
7800
4600
17900
4200
17900
3500
2300
15100
3900
8500
12600
2600
7300
18600
8000
6000
3900
3200
10500
7400
4200
15600
5500
5600
8700
7900
8800
13700
6500
4200
2100
500
14000
15500
16900
2600
1700
3700
13200
-400
10400
-400
4500
-100
2300
5500
3300
1700
9200
3100
11100
17800
3000
4200
10000
3200
2800
12100
4800
1300
3000
12600
400
18500
17600
3500
200
1200
2500
5900
10600
7000
11200
1300
5500
6400
1200
14500
17300
11300
13100
13500
20700
-300
13700
3800
6500
6700
2700
6800
4700
6900
7300
3500
3700
3400
15800
3300
3000
3800
1300
9800
20600
13700
10000
10400
800
13900
400
14700
7300
5400
8800
12800
1100
4400
2100
6900
4200
8000
17100
2700
900
4500
1600
18800
2600
500
10600
14400
11000
17700
1000
20300
10400
600
16500
4000
13800
18600
13700
20700
13200
4100
5600
6200
15300
2000
18100
2400
1500
2800
3500
3000
9500
1200
8200
5400
7300
7300
6500
5700
1400
500
7300
2800
17100
6100
7400
2900
4500
2200
2200
1800
1300
900
3400
1600
7700
8100
3700
22100
4500
900
13000
1500
5200
500
1100
3600
4700
3700
15100
15900
5600
300
12300
2500
6700
14700
22700
15900
8300
14100
9000
6400
8900
5200
3600
1900
2500
1800
10600
11100
2600
10800
17400
20500
14500
4900
6500
3700
1200
12100
200
17600
1700
7700
16300
23600
8400
8800
6600
16700
9000
300
1400
14400
1500
5300
3300
9000
1000
500
7200
10400
18700
19300
18000
6600
4900
8700
700
500
18500
800
3700
19000
17600
12500
0
5100
5600
400
6500
0
2900
14300
1800
11600
2700
4400
12500
9900
4600
2100
9400
9700
1700
800
9200
1500
5900
-200
15700
3600
6000
5100
5500
5000
7000
6200
14900
13000
7600
3500
17200
7600
3500
4900
11700
20000
6800
15900
7800
22300
18600
3800
11100
500
3900
15900
20400
12400
3400
10100
3000
1100
3100
200
1500
1800
300
-100
9000
300
4100
3200
0
3600
21000
13700
8400
3400
18600
3700
3800
17700
4200
7300
14000
10800
12600
2200
2800
4100
4000
5000
3500
6800
5500
900
900
10100
5900
11200
11700
2100
5400
8900
8400
6000
12000
5700
600
9300
4100
14400
17000
13700
1800
5800
2100
16400
12400
6600
5700
6800
5400
2900
5900
18900
15500
6700
1500
1800
8200
11600
18200
3800
15600
20600
20500
9700
16600
19200
7100
1700
1400
5600
11300
9900
6700
17700
1200
14500
2500
6700
10800
17400
4100
900
14900
4700
100
9300
300
1500
18000
11100
14700
3600
5000
2100
5100
1300
4600
16300
10900
4400
500
200
5500
2800
2300
4600
11300
7400
6700
2400
11300
8900
800
16000
13500
2200
-500
11000
5400
5400
7600
6100
8900
13900
12900
19700
12200
21900
9300
13600
16200
600
4400
5300
3900
6000
19100
7900
15600
3600
1700
4700
16800
9300
15200
16800
1500
3500
3200
20300
13800
16300
15000
18600
1400
7700
2000
17500
12400
14300
11100
6400
9200
1200
14200
1500
16400
9100
1100
1400
4300
11400
4200
3600
20500
23200
8000
5100
2400
7400
19300
7100
3600
3000
5100
2000
200
2900
2300
5900
9600
14000
8400
14400
3200
2200
15700
11100
4200
-100
2300
7600
13200
8800
5700
-100
12000
22400
3600
3500
2200
1000
1800
13300
1000
8100
14300
17100
5800
1400
6200
11500
6800
7600
10700
1900
-300
9000
10100
2600
17100
18400
1800
500
8800
3900
7400
21900
14600
22600
13300
1700
10400
12700
4900
2400
7900
23900
6000
19300
1200
4200
1500
8500
5700
5700
19800
13900
9500
5700
7000
5300
5000
3300
15000
8200
17000
17700
17700
3900
1100
900
13200
3400
100
6100
19200
9400
10500
7000
17400
2200
5000
2200
17000
1200
1200
1000
900
16600
4900
4700
1100
1400
7900
3300
1100
15100
2600
500
400
2500
100
3600
13800
6300
17500
2500
8800
6100
18600
16100
4600
1300
3500
3500
3300
8100
12400
20000
16300
3200
13100
1000
-100
4400
5600
400
8900
-300
6900
5400
9900
14900
6000
1500
17100
9200
13900
4200
9100
2800
3300
22700
12900
16000
15500
11800
8800
8200
13800
1300
15900
6800
3200
18000
23100
14400
20000
1900
9800
4000
8300
13900
2100
21100
13900
19400
8800
1100
12500
1400
2500
2400
1300
10300
9400
1200
19600
2100
10200
3900
6600
5000
9400
10300
400
100
20900
7000
1100
4100
16200
16600
1500
2100
14500
18100
3300
10500
7900
4500
11700
10400
19900
18200
10300
19200
14000
21600
3300
5300
200
15300
14400
17200
10300
13400
4200
21100
15900
16300
17000
21300
15500
15000
20300
19900
16000
1700
6600
8800
16400
8000
23500
16100
20900
11700
9500
10300
16200
4900
12400
13800
4200
14200
7700
7700
1800
1300
7300
7100
2600
1600
17200
3800
9300
800
18100
1800
10400
1900
14200
4900
19000
1600
19500
13600
10700
11300
1400
3800
10600
7100
1900
14400
18800
3200
1100
18600
18500
7800
16200
6000
2400
8800
1700
1400
12800
19400
2600
8000
7500
2500
1200
20100
1300
1400
14500
13800
2800
14200
1700
4600
18800
13400
7500
9400
5000
12700
1000
18100
10300
11300
14200
2200
15500
15900
7400
15700
11000
4300
-300
16600
9300
17300
20100
19800
12000
18200
4000
8000
11200
11200
7200
5600
17800
14300
17500
15200
9800
14600
14700
11600
4600
7900
4200
1200
4200
18000
7100
19200
13600
21900
18500
1700
2000
9900
400
20200
8900
2800
3500
6700
6900
15800
22200
18800
2800
9700
20400
19900
21000
17300
3300
15100
3000
16900
10900
1500
8500
3700
5300
18100
6900
19700
12100
0
300
9100
4800
20000
4800
4200
10900
5400
6500
16400
17700
3500
12200
10400
18500
17500
17900
20500
5600
5100
3900
11200
2600
18100
17200
4400
1800
6300
8200
2400
10700
4300
4800
3400
12200
18300
16900
-100
5600
17600
11100
1900
14400
23100
8700
3400
6900
4400
16800
18700
7300
19100
20400
17900
16600
16100
13000
15500
2900
22500
12900
8800
12100
1100
12400
11900
5500
23400
7700
4800
6900
13000
15000
4600
13800
10500
19100
15500
6500
5400
12700
18600
14700
1300
5500
22800
17600
12000
8000
7300
19900
3600
-100
9300
18600
14900
18800
18400
10100
20000
13100
4500
17400
20600
-200
5000
3100
12700
14100
5900
7400
7900
4700
17500
7900
2100
6700
1500
8700
11100
17700
17600
15000
12100
18900
13500
2200
800
18100
4700
11000
13900
22100
8200
25300
22700
10700
18200
500
7100
10300
22000
600
21800
500
6800
14500
7600
8600
4100
9700
5500
600
1900
8800
7700
16500
17400
10400
18200
1100
4900
14100
4400
2100
7200
11700
8400
7700
1600
11500
18900
9600
4800
15600
6000
18700
1300
18000
5000
18200
10700
15200
16500
10300
19500
3500
2500
8000
11000
23500
15700
1200
6600
17500
15900
2100
16000
3900
5000
9000
17800
4900
8100
18100
7100
1700
5900
3100
100
9700
15200
14500
8700
17400
22600
8700
14900
15400
5200
900
5800
4700
16300
16600
9300
500
1400
3200
13300
3000
6600
20700
10300
17300
2300
17400
9100
21200
5300
2800
14500
2800
10100
16400
18500
10500
2400
2300
2600
1200
2100
4900
17600
14800
3700
2600
13800
4600
16000
2300
13600
13300
1700
5700
10900
7400
14900
2700
2900
18400
13900
3300
2200
3600
17100
6700
14300
4800
8600
14800
14100
3100
14800
4900
11300
6800
14600
2900
3000
300
21600
16400
13200
2000
3000
3200
14500
19400
8700
7700
14600
17600
6600
5100
11500
-500
8000
300
9700
2900
100
18200
23900
15800
1100
5600
15000
18400
6400
9400
2100
1900
3100
16400
11000
9100
17400
12400
17800
900
10300
13800
8100
5600
500
5600
3800
8600
17300
2600
5600
2900
7000
9900
17900
5600
14600
15000
2900
4800
16200
1700
1000
19100
9700
1200
6400
9100
9600
1900
8500
21500
400
11300
9100
18100
19700
17800
18600
1800
9800
10200
13500
8700
2300
6100
17100
16400
13800
15400
100
16300
5900
17800
6400
17000
10300
10400
16800
22900
5300
18900
9300
14100
16300
13100
17800
16100
19500
13800
5200
14400
19300
15300
16700
18300
5600
1500
14200
10600
19100
5800
-400
2900
2300
15800
100
1800
500
21800
18200
16700
1100
8500
6700
6200
18700
14400
11900
6300
10200
20100
8900
19500
5700
17700
8600
12300
17400
13800
7000
1300
13100
9900
14900
7000
20600
13600
16600
5500
9300
15500
9000
17600
7400
13700
17300
20500
16500
8700
2100
7100
3600
11800
6200
400
300
17300
8700
5000
8800
14100
12800
22700
11400
18200
19400
10800
16700
18500
12800
4400
1900
13800
1600
16200
3100
20300
13700
1300
1100
13000
14000
12500
12600
1900
400
17300
2000
17500
5200
19600
4800
3800
2100
3300
17400
13500
5900
16200
19800
10400
2000
7300
11900
14500
7600
19900
7200
17300
20000
8600
10500
9700
16400
12700
23500
12200
10100
17500
4400
9500
11900
700
15100
14100
12900
1200
4000
3600
13900
1900
18000
8200
5000
4400
20200
9700
500
14300
13900
2200
8800
7100
6600
15400
3600
15900
15300
400
19800
17500
22300
3300
10000
100
23900
10100
12400
2900
3700
17600
700
4500
2300
12100
-200
10700
6500
3700
18600
3100
18400
900
11600
6800
1000
11900
15100
8500
3300
10200
5200
5400
3000
4300
2600
5700
12400
1800
5100
7400
3100
18400
18800
4400
2900
15400
17500
7800
18100
5200
2600
3800
16000
7900
24100
2400
21200
9000
13800
22000
10400
18600
19200
16000
6600
20600
18600
1500
16300
4600
2500
3000
19300
15100
2600
600
6000
3800
18200
16100
3700
14600
13000
9200
3700
7300
8700
16400
10300
3400
8800
5800
17300
500
8200
16000
14100
7700
14100
15200
16300
20700
17200
4900
17200
21100
8800
20600
0
0
21900
8000
10900
8700
2700
20100
11100
13000
4900
15200
13700
1900
8000
6900
20300
13900
15700
4500
12700
4200
13100
16800
14800
20700
11300
16400
7500
9800
6500
5400
2900
16300
3900
15600
3000
13000
9100
17900
0
19100
3100
3800
1400
3700
3600
12800
0
3200
1500
5200
16500
3900
5500
9100
14000
6400
10000
13700
0
6600
1100
8500
12600
1500
4300
8400
19000
2000
14200
10500
4900
3500
18400
3800
8200
4100
16000
3700
5900
8900
3900
22900
-200
4900
11100
1900
2400
8100
17200
20200
14200
9800
11900
17800
4400
22200
12300
7500
8200
8200
17800
8600
12500
12700
15700
5300
4100
15500
-100
5700
4800
18400
21300
13200
6600
15200
7200
500
3300
15800
10900
7500
16700
2300
7200
1700
16100
5300
1400
14600
800
6900
6200
18400
6500
7000
13200
15700
10100
14500
3600
8500
2500
14600
4300
6800
18200
19400
16600
100
16200
5500
1200
-400
4100
14600
18200
16600
8300
100
14100
5800
1900
9800
3600
12000
15300
1300
-400
3700
600
5300
9900
21700
3200
-300
19200
1800
3400
2100
5100
400
600
5800
20800
9900
16500
5700
3500
9500
2700
17900
3500
17300
1400
14000
12100
11400
16200
3200
18600
1000
3200
6200
5300
-100
1500
3800
2900
2900
15900
19900
100
6300
2400
8700
7200
6800
8800
14100
500
1400
1200
1100
6700
5800
23200
2300
9500
14900
11400
9900
1700
12500
3800
3700
6400
9500
4600
1500
18800
19800
21200
-300
16500
3400
13300
200
4400
17300
3900
3700
18300
3000
6400
5800
15300
3000
5400
-400
20900
13200
11700
4400
16200
4800
4700
4800
1400
4200
1900
10500
12900
11300
14000
3600
1200
3500
5400
8300
3500
900
3700
6300
20300
7500
3200
10100
1900
6300
21200
18600
13500
16100
13300
2700
1400
18200
5200
4600
19500
18100
3600
2600
7300
16100
3000
1900
7400
12600
19700
15700
4600
11900
17800
14900
5100
11100
1000
15900
16900
9600
7100
10600
18400
11900
24700
5800
7200
7500
11500
6300
8700
14500
7400
3200
3000
3600
7100
8100
10300
12800
16300
13700
5500
16800
10900
7500
10700
2700
14800
19400
5300
14000
15700
6600
100
1300
5800
8800
18400
4100
20000
10800
15400
5800
1800
4200
11300
1700
18300
7900
9600
19700
20700
5800
16100
7800
4200
6300
4800
16300
5200
12100
20900
13400
17200
4200
9900
16600
5500
8600
11700
6900
16100
9200
9600
3000
6000
19300
21500
7900
7600
2400
13500
5400
19800
19800
18800
2200
1600
22300
100
11100
3500
2500
5400
4300
10100
3400
18600
2800
18400
8400
10900
8200
22900
26300
6100
3900
7900
3300
3400
16200
1300
17200
14800
8700
17400
6000
20300
6900
17000
19100
13800
16300
16600
2200
9000
300
20600
2000
5900
16800
900
9200
18700
12600
2600
6300
800
2000
19400
8600
2300
6900
5500
19700
14800
6700
16800
22000
8000
17600
8700
19400
6700
5600
4400
13800
0
13500
16200
400
7000
3500
12900
12400
2600
2400
2900
100
1000
9100
-200
12900
1800
10600
10900
12600
12100
12000
8700
11100
12800
1300
13100
6600
1800
4500
14200
21600
5000
22600
19100
20300
3700
12200
5300
14800
2500
2800
17800
2200
16500
20600
6400
5800
10800
3400
15200
5200
6300
6200
6300
12600
6900
24700
1100
2100
18200
8300
3200
9800
19400
14700
3900
18700
18600
4100
19500
4300
10700
23200
12600
10600
16200
5800
15700
3000
18600
3700
3600
13800
8900
200
7000
7000
8600
13800
16700
-100
3800
20800
7300
5800
4100
1600
13000
18300
4600
9100
16400
17600
3500
500
7800
17200
3000
4900
19800
19400
17300
17700
2300
12800
9700
19100
1200
17300
7500
4900
18600
17300
14600
17300
17900
18000
19600
12500
12100
2600
17500
7200
21600
8200
22800
12000
19200
19900
5800
20200
5400
2300
8300
300
700
1700
19800
9800
7100
2400
600
19100
3700
-300
10500
10600
10500
19800
8100
20100
20900
7900
900
9800
22300
8100
500
22700
9200
9500
21200
20700
3000
9800
900
5000
19000
16900
23800
20100
16100
3300
6700
6300
-200
11900
12900
8400
-100
8900
4200
600
5200
300
9900
7400
16100
14600
5400
1000
18900
3100
1300
10500
4100
20100
1800
17800
100
3200
6100
14700
9000
17300
17600
17500
15800
6700
3400
15100
1800
5600
21500
14000
13200
11800
13600
14500
18500
1100
1400
2600
3200
16000
17200
12100
4500
5300
8200
8300
5900
8800
3000
20200
10100
700
2300
4600
300
10700
21500
18300
22000
16800
600
4400
700
5000
14100
4800
3100
3900
17400
22300
3000
13900
11000
20200
13900
8200
7400
13600
19600
8600
7900
15400
21400
3300
200
1600
3400
1100
2900
19100
5400
6600
6600
1900
17900
13800
7500
6400
14900
15900
7400
8700
17200
9900
5600
1500
400
21100
22000
19600
8000
5400
3500
-200
9300
19000
1400
8600
10600
1400
2200
5800
9700
10100
14100
17600
1900
1600
20000
11000
2700
12400
12800
7900
5800
5800
10000
2400
16500
11100
2400
1700
7400
16600
5200
5400
12700
700
5700
22000
17100
4700
13200
7400
7500
11200
10600
11000
19100
5000
13100
13800
13300
7600
13200
21200
2000
19600
18900
5100
12200
17200
9700
17800
15600
14200
3000
800
11700
16800
7600
18500
8100
2500
18400
9000
8600
7000
17900
700
4700
4900
19900
15500
15100
14100
5500
1500
15800
3400
10900
5100
4300
6800
8100
800
3700
10100
18200
14700
16900
6400
11000
3100
20700
20000
11600
17900
16900
13100
10800
10300
10800
3400
13500
7500
5500
5200
6100
19700
6800
19600
16900
12800
900
9400
12400
4500
8000
17200
13500
1500
1600
0
18800
11300
16400
15000
2100
15800
16000
8500
14800
16200
9000
14200
15800
10700
10600
9900
6300
5900
2200
12800
5700
16000
16800
5700
8900
18100
11000
6500
4400
8300
9900
11900
5200
4400
14400
17000
5600
18300
4800
17600
11900
17500
13100
22000
10700
18600
8400
7400
2400
4400
19800
9000
3300
22200
19200
16600
21500
2400
17000
5800
12900
2700
12100
12300
3600
700
17400
19200
11600
21000
24100
8200
8200
3900
16700
10600
2200
21800
4400
3300
5600
6200
4000
3400
8400
1100
2100
0
11900
800
17100
1500
20800
8200
13000
18300
8500
17900
300
18700
22400
19000
11700
6500
9000
14900
19400
14800
18700
11200
19100
2200
9500
17600
200
100
20200
18000
18700
6600
9600
7300
6100
19100
17300
21600
19900
14900
2500
1700
4800
800
600
11000
12900
2900
18500
22000
5300
17200
3500
4500
11100
600
