0
-0.8711
-0.8714
-0.84945
-0.85975
-0.86275
-0.8426
-0.863
-0.84015
-0.84125
-0.8744
-0.8694
-0.8071999999999999
-0.86905
-0.8336000000000001
-0.85215
-0.8825
-0.8068
-0.8269500000000001
-0.8202499999999999
-0.8532000000000001
-0.81365
-0.86915
-0.8147500000000001
-0.88135
-0.8404
-0.8291
-0.8487
-0.882
-0.87405
-0.9104
-0.869
-0.8606499999999999
-0.8656
-0.83005
-0.8579
-0.846
-0.8555
-0.8668
-0.8807
-0.84385
-0.86975
-0.84005
-0.8996
-0.83145
-0.8568
-0.8387
-0.87795
-0.88785
-0.84595
-0.8449500000000001
-0.8261499999999999
-0.8511
-0.88175
-0.8552
-0.8338
-0.8289500000000001
-0.89315
-0.86495
-0.86145
-0.82965
-0.88785
-0.8522000000000001
-0.9093
-0.877
-0.87675
-0.906
-0.8338500000000001
-0.86385
-0.8844
-0.85795
-0.80865
-0.8563000000000001
-0.8233
-0.88945
-0.8929
-0.85405
-0.8728
-0.8453
-0.8802
-0.8777
-0.84365
-0.8471
-0.8643
-0.8839
-0.8586
-0.8977
-0.84145
-0.87825
-0.8569
-0.88825
-0.8508
-0.8284
-0.88745
-0.8814
-0.8874500000000001
-0.8457
-0.8753
-0.83775
-0.8451
-0.8491500000000001
-0.8643
-0.8028
-0.88005
-0.8545
-0.8685
-0.85605
-0.8636
-0.8433
-0.8931
-0.86355
-0.89105
-0.90735
-0.8479
-0.8311
-0.88215
-0.90845
-0.8361
-0.889
-0.8818
-0.8815500000000001
-0.8572000000000001
-0.8310500000000001
-0.86475
-0.87095
-0.8377
-0.8305
-0.8592
-0.8412499999999999
-0.86875
-0.89465
-0.86485
-0.8672500000000001
-0.84105
-0.8357999999999999
-0.8795999999999999
-0.8379
-0.84735
-0.85285
-0.87345
-0.8764
-0.84305
-0.8796
-0.8243499999999999
-0.88
-0.8959
-0.85825
-0.8427
-0.8119000000000001
-0.87865
-0.8985
-0.8344
-0.8747499999999999
-0.8472
-0.81545
-0.90125
-0.82985
-0.8567
-0.88025
-0.8896
-0.8815999999999999
-0.9088
-0.88965
-0.8335
-0.8683000000000001
-0.8592500000000001
-0.90885
-0.86
-0.8616
-0.8624
-0.8513
-0.8462000000000001
-0.90045
-0.8825
-0.8761
-0.8496999999999999
-0.9039
-0.8478
-0.8892
-0.8139000000000001
-0.8754500000000001
-0.86725
-0.86615
-0.87515
-0.79505
-0.85715
-0.8464499999999999
-0.90075
-0.86395
-0.89725
-0.8875500000000001
-0.87885
-0.8624499999999999
-0.8407
-0.8841
-0.84285
-0.82255
-0.8709
-0.8848
-0.8441
-0.85355
-0.8896
-0.83785
-0.8665
-0.8808
-0.8310500000000001
-0.89585
-0.7835000000000001
-0.86865
-0.88295
-0.85775
-0.82945
-0.91205
-0.8160000000000001
-0.87685
-0.8711500000000001
-0.84875
-0.8663
-0.84785
-0.8548
-0.87185
-0.8798
-0.84325
-0.84975
-0.89805
-0.8504
-0.8795999999999999
-0.7948000000000001
-0.87975
-0.8531
-0.8402000000000001
-0.8571
-0.86765
-0.86495
-0.81425
-0.88685
-0.86345
-0.8615
-0.8815999999999999
-0.8713500000000001
-0.9096
-0.8795
-0.8775999999999999
-0.833
-0.9005
-0.8659
-0.82345
-0.8703000000000001
-0.8618
-0.8549
-0.8663
-0.8701
-0.8087
-0.85645
-0.86055
-0.84895
-0.83075
-0.8882
-0.87035
-0.8947
-0.86925
-0.8751
-0.82975
-0.83935
-0.82235
-0.8607
-0.8735999999999999
-0.8595999999999999
-0.8542000000000001
-0.86105
-0.8694500000000001
-0.8085
-0.8969
-0.861
-0.86175
-0.8281000000000001
-0.85605
-0.8522
-0.8449
-0.86745
-0.8481000000000001
-0.88715
-0.84955
-0.8782000000000001
-0.88
-0.86585
-0.80905
-0.7702500000000001
-0.8136
-0.8751500000000001
-0.86655
-0.8059000000000001
-0.8665499999999999
-0.9064
-0.83925
-0.8158000000000001
-0.8137
-0.8567
-0.8894
-0.84545
-0.88915
-0.8685
-0.8206
-0.8326
-0.88005
-0.8684
-0.79085
-0.83215
-0.8083
-0.87355
-0.86825
-0.827
-0.8320000000000001
-0.8609
-0.8291
-0.8874
-0.87985
-0.91155
-0.8739
-0.80015
-0.8458
-0.8682
-0.8561
-0.8330500000000001
-0.8467
-0.8394
-0.8734999999999999
-0.825
-0.8496
-0.84675
-0.84455
-0.85405
-0.86155
-0.84765
-0.85005
-0.8766
-0.8828
-0.8533
-0.8502
-0.88365
-0.81975
-0.86365
-0.8514
-0.83835
-0.8449
-0.82665
-0.8501
-0.8187
-0.84495
-0.8242
-0.87595
-0.86685
-0.8577
-0.87465
-0.86045
-0.8548
-0.8045499999999999
-0.89845
-0.9019
-0.8634499999999999
-0.8392499999999999
-0.8768
-0.86515
-0.8125
-0.827
-0.86185
-0.82935
-0.8513999999999999
-0.87035
-0.87045
-0.7831
-0.8406499999999999
-0.84055
-0.8512500000000001
-0.8725499999999999
-0.84145
-0.8462000000000001
-0.8021
-0.8452
-0.8464
-0.86365
-0.8519
-0.84695
-0.81715
-0.84595
-0.84545
-0.84195
-0.8751
-0.82995
-0.85005
-0.85425
-0.7996000000000001
-0.8876
-0.8746
-0.84425
-0.8149000000000001
-0.8342499999999999
-0.87025
-0.7898
-0.8914
-0.8226
-0.86775
-0.827
-0.83055
-0.8396
-0.86305
-0.85625
-0.82785
-0.8501
-0.84195
-0.8718
-0.85955
-0.85325
-0.857
-0.87325
-0.8613999999999999
-0.7914000000000001
-0.8476
-0.8923
-0.84205
-0.7875000000000001
-0.87525
-0.8591500000000001
-0.85055
-0.8605499999999999
-0.87315
-0.8094999999999999
-0.8240000000000001
-0.8128
-0.88125
-0.8242
-0.8305499999999999
-0.82075
-0.85845
-0.8220000000000001
-0.8956
-0.86215
-0.8508
-0.8391500000000001
-0.8024
-0.89435
-0.8795499999999999
-0.8795
-0.75525
-0.8566
-0.8109
-0.87735
-0.8135000000000001
-0.8885000000000001
-0.89395
-0.8633500000000001
-0.8332999999999999
-0.8841
-0.874
-0.8299000000000001
-0.8806
-0.8214
-0.86345
-0.8486
-0.91695
-0.87795
-0.83475
-0.8749
-0.8319500000000001
-0.85565
-0.91205
-0.84485
-0.8966
-0.84135
-0.85885
-0.8142
-0.809
-0.8049499999999999
-0.87155
-0.9115
-0.8188
-0.8863
-0.8383499999999999
-0.7918000000000001
-0.8343
-0.8373999999999999
-0.8226
-0.80535
-0.7957
-0.8265
-0.8445
-0.79955
-0.87615
-0.8230999999999999
-0.84235
-0.8453999999999999
-0.8357
-0.86085
-0.83455
-0.83135
-0.8409
-0.79895
-0.91905
-0.8309
-0.88095
-0.9032
-0.89805
-0.81445
-0.8859
-0.82595
-0.8594499999999999
-0.83045
-0.8022499999999999
-0.83995
-0.8624
-0.88825
-0.86165
-0.83635
-0.85005
-0.83615
-0.8794
-0.7974
-0.85105
-0.84365
-0.8605
-0.7847500000000001
-0.84415
-0.8502
-0.8612500000000001
-0.8215000000000001
-0.892
-0.8631
-0.86825
-0.85825
-0.85385
-0.8408
-0.85505
-0.8355
-0.8348500000000001
-0.8372
-0.83185
-0.8829
-0.8142
-0.81415
-0.7993
-0.8829
-0.8575
-0.8377
-0.8641
-0.88655
-0.8523499999999999
-0.75225
-0.8762
-0.86895
-0.9021
-0.8737
-0.7878000000000001
-0.85405
-0.83125
-0.8481000000000001
-0.8855999999999999
-0.85305
-0.85185
-0.8202
-0.78145
-0.8625
-0.78725
-0.84905
-0.8251000000000001
-0.7972
-0.84975
-0.8266
-0.854
-0.8049
-0.85765
-0.7895999999999999
-0.8048500000000001
-0.8934
-0.8261000000000001
-0.8592500000000001
-0.8652500000000001
-0.8392000000000001
-0.7781500000000001
-0.82505
-0.8634
-0.8263
-0.76725
-0.84915
-0.85195
-0.83865
-0.89645
-0.8008000000000001
-0.8902
-0.8123500000000001
-0.7450000000000001
-0.88305
-0.8358
-0.8468500000000001
-0.89175
-0.70635
-0.8286500000000001
-0.8351
-0.841
-0.8585
-0.69515
-0.84295
-0.84175
-0.89345
-0.83815
-0.84475
-0.8083
-0.8754
-0.87095
-0.8362
-0.7911000000000001
-0.80275
-0.7786500000000001
-0.86955
-0.82875
-0.8647499999999999
-0.8187
-0.8996999999999999
-0.8408
-0.8803000000000001
-0.8767
-0.85445
-0.84375
-0.8379000000000001
-0.8113
-0.80785
-0.84545
-0.8874500000000001
-0.81705
-0.8471500000000001
-0.85075
-0.81105
-0.8250000000000001
-0.8531
-0.7502
-0.8261499999999999
-0.7999
-0.8586
-0.84055
-0.78325
-0.80495
-0.84865
-0.85225
-0.89025
-0.85955
-0.8632
-0.828
-0.84995
-0.8296
-0.8248
-0.8563000000000001
-0.83365
-0.81215
-0.87025
-0.8764
-0.8266
-0.8310500000000001
-0.88645
-0.83855
-0.8166
-0.8290500000000001
-0.8884
-0.8866
-0.8509
-0.84605
-0.85995
-0.80635
-0.8523499999999999
-0.84075
-0.8559
-0.80365
-0.8194
-0.8093
-0.7924
-0.8164
-0.8686
-0.82135
-0.8672500000000001
-0.8701
-0.83725
-0.7950999999999999
-0.8077
-0.85375
-0.7675
-0.8551
-0.8328500000000001
-0.87505
-0.86345
-0.81415
-0.8244499999999999
-0.8463
-0.80005
-0.8663
-0.86885
-0.8036
-0.84345
-0.7799499999999999
-0.82015
-0.7737499999999999
-0.8842
-0.8105
-0.8471
-0.81325
-0.7617
-0.7936000000000001
-0.8393
-0.88075
-0.87315
-0.8342
-0.90875
-0.84865
-0.8258
-0.8469
-0.8139
-0.8114
-0.8145
-0.847
-0.8468
-0.82745
-0.8393
-0.8755000000000001
-0.81165
-0.8430500000000001
-0.86205
-0.8001
-0.8926
-0.8661
-0.8051
-0.8602
-0.81955
-0.857
-0.8338000000000001
-0.8068000000000001
-0.83245
-0.69
-0.86475
-0.8581
-0.81985
-0.86975
-0.85995
-0.8016000000000001
-0.86505
-0.81545
-0.77795
-0.87035
-0.8069
-0.89215
-0.80835
-0.8515
-0.8764000000000001
-0.8058500000000001
-0.8062
-0.7996000000000001
-0.84305
-0.83245
-0.8563000000000001
-0.8543999999999999
-0.78465
-0.8808
-0.8669
-0.7949
-0.8143499999999999
-0.8585499999999999
-0.84575
-0.7431
-0.77155
-0.7841
-0.84075
-0.8153
-0.8155999999999999
-0.8336
-0.8310500000000001
-0.83145
-0.799
-0.8225
-0.82255
-0.8059499999999999
-0.78375
-0.8125
-0.8130999999999999
-0.86715
-0.8551
-0.8271
-0.81595
-0.84325
-0.8986
-0.8826
-0.84825
-0.78915
-0.82095
-0.88395
-0.85565
-0.7888
-0.8050999999999999
-0.84015
-0.8197
-0.80025
-0.8644499999999999
-0.87545
-0.77915
-0.8279
-0.8291
-0.80725
-0.81105
-0.8391
-0.85535
-0.7965500000000001
-0.8388500000000001
-0.8468
-0.84585
-0.8447
-0.8126
-0.82725
-0.84315
-0.83275
-0.88195
-0.7271999999999998
-0.86025
-0.8613500000000001
-0.8346
-0.786
-0.8377500000000001
-0.8503000000000001
-0.8039499999999999
-0.78745
-0.8449
-0.84545
-0.83025
-0.84135
-0.8664499999999999
-0.8238
-0.84665
-0.7897500000000001
-0.84155
-0.8337
-0.7054499999999999
-0.84215
-0.8260000000000001
-0.8199
-0.7802
-0.8279000000000001
-0.8351500000000001
-0.8613
-0.8608
-0.8125
-0.8516
-0.8169000000000001
-0.7624500000000001
-0.83385
-0.76595
-0.8675999999999999
-0.8180000000000001
-0.78585
-0.8095
-0.8471000000000001
-0.9057
-0.86635
-0.8037000000000001
-0.82425
-0.835
-0.78405
-0.818
-0.7443
-0.78715
-0.8204499999999999
-0.84395
-0.88095
-0.9047
-0.8423
-0.7826500000000001
-0.76695
-0.7588
-0.7994
-0.77415
-0.7815
-0.81795
-0.77
-0.8271
-0.81245
-0.7976000000000001
-0.81855
-0.8327
-0.80995
-0.7885
-0.7791
-0.8811
-0.80755
-0.72295
-0.8533999999999999
-0.8067500000000001
-0.83745
-0.85595
-0.8099500000000001
-0.8472500000000001
-0.8412499999999999
-0.7288
-0.79915
-0.8728
-0.88645
-0.8597
-0.7333500000000001
-0.8109000000000001
-0.7518499999999999
-0.7767
-0.8128500000000001
-0.776
-0.8480000000000001
-0.8148
-0.89515
-0.8643
-0.7860499999999999
-0.8045
-0.7918499999999999
-0.7982
-0.76615
-0.79755
-0.74505
-0.74665
-0.76775
-0.85385
-0.83265
-0.8421000000000001
-0.84345
-0.81325
-0.7200500000000001
-0.8014
-0.7915000000000001
-0.7948999999999999
-0.78685
-0.80335
-0.7487
-0.8511500000000001
-0.8385
-0.73095
-0.7864000000000001
-0.8632
-0.8313
-0.83945
-0.83235
-0.8087500000000001
-0.8208500000000001
-0.8047000000000001
-0.71675
-0.8917
-0.80265
-0.8083
-0.8351
-0.7886500000000001
-0.8022499999999999
-0.80555
-0.85115
-0.78905
-0.74315
-0.8484499999999999
-0.81715
-0.8063
-0.8410500000000001
-0.8084500000000001
-0.78025
-0.7904
-0.7886
-0.7424
-0.8605
-0.802
-0.7627499999999999
-0.90955
-0.8187
-0.8855999999999999
-0.8029499999999999
-0.83575
-0.8279000000000001
-0.7947500000000001
-0.8584
-0.81165
-0.8204
-0.7986500000000001
-0.83085
-0.8674999999999999
-0.8326499999999999
-0.7074499999999999
-0.74895
-0.8175
-0.8115
-0.83965
-0.7718
-0.8412
-0.7809
-0.8774
-0.7443
-0.7830999999999999
-0.79735
-0.83785
-0.7999499999999999
-0.80025
-0.86625
-0.80955
-0.7645500000000001
-0.8232499999999999
-0.8169500000000001
-0.80285
-0.8537
-0.819
-0.8177000000000001
-0.6855
-0.8086
-0.8143
-0.72055
-0.8103
-0.8084
-0.82975
-0.87205
-0.86025
-0.8139000000000001
-0.87715
-0.6982499999999999
-0.84385
-0.8148000000000001
-0.79645
-0.824
-0.8565
-0.74935
-0.76915
-0.81225
-0.8235
-0.82585
-0.7335499999999999
-0.7444000000000001
-0.7862
-0.77865
-0.7321500000000001
-0.85105
-0.77385
-0.7912
-0.76645
-0.8312999999999999
-0.70165
-0.8161
-0.87335
-0.8233
-0.85945
-0.80815
-0.7452
-0.76985
-0.7796500000000001
-0.70885
-0.86805
-0.76885
-0.7341
-0.7315
-0.7498
-0.7708499999999999
-0.8333
-0.83235
-0.7667
-0.7574000000000001
-0.7484
-0.8099500000000001
-0.7033000000000001
-0.8163
-0.7541
-0.83175
-0.8187500000000001
-0.8045
-0.8095
-0.76665
-0.83285
-0.8729
-0.76485
-0.8015000000000001
-0.7401500000000001
-0.7608499999999999
-0.7628999999999999
-0.7554000000000001
-0.7004999999999999
-0.88465
-0.7775
-0.79055
-0.8039
-0.77055
-0.73905
-0.85075
-0.76355
-0.85685
-0.85365
-0.78985
-0.82875
-0.7503500000000001
-0.8149500000000001
-0.7618
-0.70665
-0.8854500000000001
-0.8532
-0.79415
-0.8221
-0.7535
-0.7946
-0.7071999999999999
-0.7180000000000001
-0.8386499999999999
-0.81515
-0.8653500000000001
-0.775
-0.8603000000000001
-0.7534000000000001
-0.81385
-0.8555
-0.71425
-0.81335
-0.85575
-0.8569
-0.83735
-0.8564499999999999
-0.6898
-0.68125
-0.8120499999999999
-0.8774
-0.8176
-0.74635
-0.78375
-0.7497
-0.8376
-0.7725
-0.77885
-0.80885
-0.8000999999999999
-0.8705
-0.845
-0.7525499999999999
-0.8064
-0.7281
-0.81225
-0.68855
-0.8159000000000001
-0.7919
-0.74535
-0.8161
-0.6857500000000001
-0.82985
-0.6569999999999998
-0.7218
-0.7946500000000001
-0.6733499999999999
-0.72765
-0.6430999999999998
-0.78125
-0.755
-0.7929999999999999
-0.817
-0.734
-0.7445999999999999
-0.7683500000000001
-0.7866500000000001
-0.7286999999999999
-0.7846
-0.8128
-0.78765
-0.7362500000000001
-0.866
-0.7665
-0.77915
-0.7154499999999999
-0.8412999999999999
-0.80495
-0.7524500000000001
-0.84925
-0.6849999999999999
-0.7074500000000001
-0.79335
-0.75255
-0.71095
-0.6360999999999999
-0.77515
-0.57935
-0.80615
-0.8621
-0.75735
-0.82585
-0.7898000000000001
-0.7762
-0.8383
-0.7763
-0.80405
-0.80225
-0.8004500000000001
-0.48750000000000016
-0.71665
-0.8382499999999999
-0.6598999999999999
-0.8420000000000001
-0.7938500000000001
-0.8082
-0.7745
-0.7751
-0.7756
-0.84685
-0.7959
-0.85455
-0.8685
-0.7661500000000001
-0.6914499999999999
-0.80825
-0.74535
-0.7458
-0.8048
-0.8063
-0.72765
-0.7120500000000001
-0.7209000000000001
-0.76215
-0.75695
-0.7880499999999999
-0.78825
-0.8181499999999999
-0.8297
-0.6902
-0.73395
-0.75155
-0.7322500000000001
-0.8289
-0.83685
-0.7573
-0.7109000000000001
-0.7242
-0.79765
-0.7179000000000001
-0.7687
-0.77765
-0.6855499999999999
-0.80105
-0.79185
-0.84155
-0.8384499999999999
-0.79355
-0.7876
-0.6971
-0.7358499999999999
-0.7173499999999999
-0.85345
-0.77505
-0.8026500000000001
-0.6851499999999999
-0.7986500000000001
-0.7998999999999999
-0.7532
-0.6937
-0.78355
-0.7797000000000001
-0.8078000000000001
-0.743
-0.7483
-0.7825500000000001
-0.6756
-0.72735
-0.79725
-0.7255500000000001
-0.8045
-0.8299500000000001
-0.79585
-0.6699999999999999
-0.81835
-0.76535
-0.77355
-0.82775
-0.54325
-0.7546999999999999
-0.6620000000000001
-0.5108499999999999
-0.72715
-0.8110999999999999
-0.7686
-0.7202000000000002
-0.7616999999999999
-0.7485999999999999
-0.7555000000000001
-0.85695
-0.72195
-0.7758499999999999
-0.8209500000000001
-0.7888000000000001
-0.5818499999999999
-0.84245
-0.7602
-0.7865500000000001
-0.6980500000000001
-0.7661000000000001
-0.79435
-0.8317
-0.7793
-0.7354999999999999
-0.75665
-0.8101
-0.78745
-0.7975
-0.75305
-0.756
-0.78545
-0.7797000000000001
-0.7282
-0.8341500000000001
-0.84225
-0.7073
-0.7109000000000001
-0.7156500000000001
-0.6605000000000001
-0.6462
-0.77085
-0.8227
-0.6017000000000001
-0.6228
-0.81425
-0.7192999999999999
-0.7139
-0.72095
-0.7104
-0.82605
-0.8601
-0.6757
-0.7015999999999999
-0.7676
-0.6577500000000001
-0.75995
-0.7335
-0.7622500000000001
-0.66435
-0.7873999999999999
-0.7918499999999999
-0.6634000000000001
-0.58355
-0.7899499999999999
-0.7062
-0.7758
-0.647
-0.8052
-0.6604500000000002
-0.74105
-0.7212000000000001
-0.7843
-0.79885
-0.7326999999999999
-0.8177
-0.7791
-0.7139
-0.79085
-0.8747
-0.6353000000000001
-0.6462999999999999
-0.6297499999999998
-0.80925
-0.6791
-0.84385
-0.82185
-0.71915
-0.7007999999999999
-0.70575
-0.66055
-0.7064999999999999
-0.75545
-0.8410500000000001
-0.7824
-0.7224
-0.7811
-0.7606499999999999
-0.7545999999999999
-0.6947000000000001
-0.73445
-0.6779
-0.81165
-0.7672999999999999
-0.6859
-0.6569
-0.8217000000000001
-0.7092499999999999
-0.79915
-0.7870999999999999
-0.7286499999999999
-0.7825500000000001
-0.824
-0.81495
-0.6214500000000001
-0.84255
-0.8253
-0.756
-0.65665
-0.8253
-0.79145
-0.86895
-0.8574999999999999
-0.7225
-0.74785
-0.7946
-0.78285
-0.8209
-0.80635
-0.7638
-0.7865500000000001
-0.7283999999999999
-0.7456499999999999
-0.78985
-0.6998
-0.72975
-0.79305
-0.8141999999999999
-0.7340500000000001
-0.7567
-0.77735
-0.85395
-0.85415
-0.84585
-0.7179
-0.7742
-0.7142499999999999
-0.8842
-0.66065
-0.7764500000000001
-0.53075
-0.76375
-0.8798
-0.84135
-0.63045
-0.7138
-0.7135500000000001
-0.7844
-0.7009000000000001
-0.81175
-0.7423000000000001
-0.80425
-0.72285
-0.76285
-0.63645
-0.7835
-0.7661
-0.80065
-0.8492999999999999
-0.7708
-0.7581500000000001
-0.763
-0.7864
-0.7829
-0.70405
-0.6496
-0.78465
-0.75275
-0.66705
-0.7290000000000001
-0.67825
-0.8374
-0.6429499999999999
-0.79875
-0.74605
-0.6421000000000001
-0.5945999999999999
-0.8501000000000001
-0.6789499999999999
-0.8152
-0.8095000000000001
-0.69425
-0.82335
-0.78785
-0.7281500000000001
-0.7943
-0.6299999999999999
-0.6707000000000001
-0.6594
-0.72985
-0.73275
-0.6416499999999998
-0.49215
-0.7103499999999999
-0.7839499999999999
-0.79215
-0.707
-0.6881999999999999
-0.7724
-0.7974000000000001
-0.8440000000000001
-0.6595
-0.89225
-0.6897
-0.53375
-0.8589
-0.7383
-0.8438
-0.7953
-0.6024499999999999
-0.77095
-0.8400000000000001
-0.71515
-0.5752999999999997
-0.75875
-0.5721
-0.85535
-0.7866500000000001
-0.7901499999999999
-0.7422
-0.7089
-0.7221
-0.8068500000000001
-0.6834
-0.8673
-0.81555
-0.6978
-0.5912
-0.8190999999999999
-0.7005999999999999
-0.6699999999999999
-0.77605
-0.6443999999999999
-0.72675
-0.6260000000000001
-0.68365
-0.7006
-0.79185
-0.83595
-0.72905
-0.80645
-0.8428
-0.7813
-0.7557499999999999
-0.7801
-0.5774999999999999
-0.6808000000000001
-0.7523
-0.60175
-0.7801
-0.7472000000000001
-0.6364500000000001
-0.7455499999999999
-0.6245499999999999
-0.54125
-0.7013
-0.7078
-0.748
-0.7619
-0.4609
-0.7755
-0.5258
-0.7768
-0.67675
-0.79855
-0.76785
-0.51745
-0.7144999999999999
-0.6477
-0.7636499999999999
-0.7638999999999999
-0.76725
-0.64015
-0.79035
-0.6271
-0.6829
-0.70505
-0.4292999999999999
-0.71855
-0.37580000000000013
-0.48355000000000004
-0.5403499999999999
-0.7683
-0.8370500000000001
-0.5921000000000001
-0.7535000000000001
-0.7946
-0.6268499999999997
-0.8449
-0.6592499999999999
-0.7472000000000001
-0.64405
-0.7479
-0.7826000000000001
-0.5745
-0.4461999999999998
-0.5795000000000001
-0.68495
-0.7221500000000001
-0.88495
-0.5098500000000001
-0.87845
-0.6654
-0.77625
-0.64035
-0.6114999999999999
-0.5602500000000001
-0.6100499999999999
-0.7265000000000001
-0.5918999999999999
-0.7354499999999999
-0.8178000000000001
-0.74935
-0.7418
-0.5303499999999999
-0.70625
-0.6562499999999999
-0.5959
-0.7017499999999999
-0.5771000000000002
-0.32084999999999975
-0.7633500000000001
-0.6354
-0.7114999999999999
-0.58985
-0.6535
-0.79565
-0.85145
-0.6507000000000001
-0.6939
-0.74045
-0.6922999999999999
-0.6097499999999998
-0.87725
-0.5772000000000002
-0.77205
-0.6505500000000002
-0.7865
-0.1825500000000002
-0.7984
-0.6367500000000001
-0.7477
-0.7811
-0.8019
-0.701
-0.54255
-0.72075
-0.6887
-0.5122
-0.6717500000000001
-0.7216
-0.6771499999999999
-0.8014
-0.7166
-0.6432
-0.7922
-0.6098999999999999
-0.7795
-0.7453000000000001
-0.7245
-0.69465
-0.72365
-0.7923
-0.7542
-0.6733
-0.7112
-0.57095
-0.7144999999999999
-0.5207999999999999
-0.6825
-0.8066
-0.6351
-0.6015999999999999
-0.69455
-0.6968000000000001
-0.79165
-0.49544999999999983
-0.6310000000000001
-0.5194000000000001
-0.6049
-0.5693999999999999
-0.6003499999999999
-0.67795
-0.8492999999999999
-0.40889999999999993
-0.7737
-0.64045
-0.6831999999999998
-0.7301
-0.7456499999999999
-0.7495499999999999
-0.7415
-0.5488000000000001
-0.3661000000000001
-0.6987
-0.72865
-0.7275
-0.37349999999999983
-0.81195
-0.80185
-0.5184999999999998
-0.7663500000000001
-0.57345
-0.80635
-0.7251
-0.6465000000000001
-0.83465
-0.5585500000000001
-0.6911999999999999
-0.5281
-0.6209499999999999
-0.45500000000000007
-0.7886
-0.23170000000000002
-0.82925
-0.7321
-0.6864000000000001
-0.74125
-0.6267999999999999
-0.736
-0.69065
-0.6855
-0.6407
-0.7902
-0.34509999999999996
-0.7282500000000001
-0.8419
-0.5017500000000001
-0.6270500000000001
-0.6295499999999999
-0.6721500000000001
-0.7885500000000001
-0.5702499999999999
-0.611
-0.6149500000000001
-0.7205999999999999
-0.36144999999999994
-0.5427000000000002
-0.5379
-0.63515
-0.73525
-0.5333499999999999
-0.49319999999999997
-0.7025999999999999
-0.68885
-0.6543
-0.6895
-0.6300000000000001
-0.6257499999999998
-0.5548
-0.8483
-0.59095
-0.3760999999999999
-0.7879999999999999
-0.82225
-0.7151500000000001
-0.52125
-0.6578
-0.5612
-0.6872499999999999
-0.5979
-0.6977999999999999
-0.7662499999999999
-0.5026999999999998
-0.50545
-0.6569
-0.11350000000000071
-0.8158
-0.7052
-0.6709
-0.60565
-0.6900499999999999
-0.72715
-0.69235
-0.77275
-0.8241499999999999
-0.5925
-0.7959499999999999
-0.8195
-0.7731499999999999
-0.81965
-0.5459000000000002
-0.7733999999999999
-0.631
-0.5801
-0.48534999999999995
-0.66885
-0.6139500000000001
-0.48575
-0.78935
-0.5278499999999999
-0.4097000000000002
-0.7262
-0.6809499999999999
-0.5851000000000002
-0.7165
-0.75155
-0.71685
-0.7826
-0.74665
-0.4655999999999999
-0.6963
-0.4172499999999997
-0.6955499999999999
-0.5747500000000001
-0.7979
-0.7501
-0.59765
-0.5723
-0.7117
-0.77195
-0.66215
-0.71665
-0.6895000000000001
-0.6280499999999998
-0.7274
-0.7742
-0.5198
-0.7061
-0.5062000000000002
-0.6184000000000001
-0.71035
-0.6937500000000001
-0.7648499999999999
-0.68805
-0.5241499999999999
-0.72765
-0.7467
-0.7528999999999999
-0.6862499999999999
-0.7078
-0.6690499999999999
-0.6972499999999999
-0.43405000000000016
-0.81115
-0.39410000000000023
-0.7361500000000001
-0.7821
-0.61745
-0.5833999999999999
-0.6509
-0.6265499999999999
-0.6776500000000001
-0.69095
-0.5202499999999999
-0.5938499999999999
-0.77
-0.7154500000000001
-0.5774999999999999
-0.617
-0.7302500000000001
-0.8387
-0.8318
-0.5659
-0.69455
-0.6467999999999999
-0.6608499999999999
-0.74455
-0.77135
-0.7340499999999999
-0.5678999999999998
-0.6784
-0.72335
-0.5464499999999999
-0.7155
-0.6270500000000001
-0.5520499999999999
-0.43495000000000006
-0.6194000000000001
-0.61895
-0.6360499999999998
-0.7193
-0.56435
-0.8156000000000001
-0.7925500000000001
-0.6332499999999999
-0.5566500000000002
-0.32215000000000016
-0.73095
-0.6724
-0.4898500000000001
-0.6284500000000001
-0.7853000000000001
-0.5196999999999999
-0.7292
-0.6428499999999999
-0.5720999999999999
-0.7852
-0.65675
-0.4284
-0.6087
-0.72175
-0.7365999999999999
-0.64225
-0.6546000000000001
-0.4628
-0.7873
-0.5382999999999999
-0.68005
-0.42874999999999985
-0.6080500000000002
-0.6102000000000001
-0.5905500000000001
-0.5562499999999998
-0.65455
-0.5376000000000001
-0.7703499999999999
-0.01100000000000001
-0.64665
-0.5438
-0.39275000000000004
-0.52745
-0.71115
-0.6501999999999999
-0.60185
-0.43525000000000036
-0.5704
-0.5532999999999999
-0.56535
-0.15195000000000014
-0.6607000000000002
-0.54285
-0.58235
-0.4646000000000001
-0.6873
-0.8451500000000001
-0.6615
-0.4696500000000001
-0.5066
-0.3094500000000001
-0.7486999999999999
-0.78425
-0.6314000000000001
-0.5872999999999998
-0.7194499999999999
-0.4234
-0.5499999999999998
-0.58605
-0.76635
-0.8323
-0.85695
-0.66675
-0.8184499999999999
-0.70435
-0.7706
-0.15295000000000036
-0.84075
-0.8624499999999999
-0.9209
-0.42769999999999997
-0.5496000000000001
-0.6903
-0.65345
-0.5068999999999999
-0.8575999999999999
-0.75665
-0.5802499999999999
-0.7541
-0.5303499999999999
-0.5864
-0.6788000000000001
-0.67365
-0.42180000000000006
-0.6324500000000001
-0.5278
-0.5089499999999998
-0.4489000000000002
-0.7144
-0.2963999999999998
-0.5107999999999999
-0.3545499999999999
-0.5860499999999998
-0.7140000000000001
-0.5938
-0.79515
-0.55755
-0.7424999999999999
-0.36585
-0.79935
-0.5405500000000002
-0.5942000000000001
-0.71235
-0.5539499999999999
-0.7277499999999999
-0.62835
-0.38475000000000015
-0.11170000000000013
-0.37434999999999996
-0.6488499999999999
-0.45619999999999994
-0.42615000000000003
-0.84575
-0.60115
-0.8042
-0.69185
-0.7282
-0.6021500000000001
-0.3628500000000001
-0.7253500000000002
-0.7464999999999999
-0.62965
-0.38790000000000013
-0.11139999999999983
-0.3245000000000001
-0.7418500000000001
-0.7745
-0.6891
-0.6623500000000002
-0.4691000000000001
-0.28994999999999993
-0.58625
-0.4938
-0.7001999999999999
-0.5306500000000001
-0.6439499999999998
-0.11304999999999987
-0.38475000000000015
-0.6428499999999999
-0.62285
-0.5255
-0.5868500000000001
-0.5546500000000001
-0.70905
-0.45109999999999995
-0.73655
-0.46929999999999994
-0.6437499999999999
-0.4860500000000002
-0.4689500000000001
-0.4748000000000001
-0.5283000000000001
-0.49424999999999986
-0.3224499999999999
-0.6912499999999999
-0.54265
-0.38305
-0.6575499999999999
-0.11355000000000026
-0.7618
-0.42084999999999995
-0.6488499999999999
-0.7111999999999999
-0.70425
-0.6205500000000002
-0.3386499999999999
-0.4140999999999999
-0.7364499999999999
-0.7041999999999999
-0.67595
-0.68005
-0.4425999999999999
-0.7779
-0.40460000000000007
-0.5267499999999998
-0.6487499999999999
-0.6148
-0.47734999999999983
0.09675000000000034
-0.6777
-0.3407500000000002
-0.4578500000000001
-0.2641000000000001
-0.7311
-0.6047
-0.7522
-0.32340000000000013
-0.8309
-0.5975499999999999
-0.7372
-0.5832499999999999
-0.24595000000000022
-0.5206999999999999
-0.7903
-0.9198
-0.5318499999999999
-0.7297500000000001
-0.61775
-0.39549999999999985
-0.5364000000000001
-0.82755
-0.4139999999999999
-0.6159
-0.3039500000000003
-0.2568499999999998
-0.0881500000000005
-0.7221
-0.2963000000000001
-0.488
-0.4165
-0.76545
-0.2654500000000003
-0.66305
-0.5589500000000001
-0.75275
-0.29559999999999953
-0.69715
-0.84235
-0.6903499999999999
-0.7475500000000002
-0.4003500000000001
-0.5383
-0.8467
-0.6212000000000001
-0.6491
-0.7454000000000001
-0.68285
-0.3141499999999997
-0.77105
-0.47429999999999994
-0.7714000000000001
-0.41059999999999997
-0.29259999999999986
-0.4881500000000001
-0.6727499999999997
-0.7676499999999999
-0.60575
-0.6517999999999999
-0.6585999999999999
-0.6853499999999999
-0.4935999999999998
-0.6861999999999999
-0.3769499999999999
-0.7207999999999999
-0.5098499999999999
-0.5339
-0.50255
-0.80235
-0.5635499999999999
-0.73285
0.0389999999999997
-0.7908999999999999
-0.39905
-0.59595
-0.4355499999999999
-0.42764999999999986
-0.6423500000000001
-0.4698000000000002
0.017449999999999743
-0.6059999999999999
-0.7054500000000001
-0.2807500000000004
-0.5285500000000001
-0.57195
-0.40564999999999984
-0.45679999999999976
-0.5952500000000001
-0.6486499999999997
-0.60495
-0.30600000000000016
-0.56195
-0.4452499999999999
-0.6804499999999999
-0.42510000000000003
-0.5226500000000001
-0.7600499999999999
-0.48760000000000003
-0.4293500000000001
-0.45775
-0.3229000000000002
-0.63665
-0.2863999999999999
-0.4214
-0.5456
-0.4315
-0.49340000000000006
-0.18325000000000036
-0.2135999999999998
-0.75115
-0.5693999999999999
-0.49144999999999994
-0.73465
-0.6191
-0.30825
-0.57525
-0.13205000000000056
-0.55635
-0.4767
-0.39534999999999976
-0.6149499999999999
-0.48039999999999994
-0.5708000000000002
-0.2738999999999998
-0.63025
0.36894999999999945
0.10355000000000003
-0.6476
-0.6612000000000002
-0.3928999999999997
-0.6855
-0.2088500000000002
-0.24774999999999991
-0.13754999999999995
-0.45809999999999995
-0.2512500000000002
-0.6106
-0.60685
-0.28265000000000007
-0.55785
-0.26459999999999984
-0.5085000000000002
-0.5969499999999999
-0.49665000000000004
-0.7016
-0.4545000000000001
-0.33664999999999967
-0.7203999999999999
-0.50555
-0.59175
-0.5092
-0.2788999999999999
-0.14659999999999995
-0.5888500000000001
-0.5448999999999999
-0.6286499999999999
-0.42455
-0.6234500000000001
-0.5399500000000002
-0.23600000000000043
-0.58515
-0.7381000000000001
0.18934999999999969
-0.41359999999999963
-0.6547000000000001
-0.5067999999999999
-0.6375
-0.2319500000000001
-0.46240000000000003
-0.2838000000000004
0.08884999999999987
-0.35965000000000014
0.08085000000000031
-0.5548000000000001
-0.6705000000000001
-0.3317500000000003
-0.5124500000000001
1.0159500000000001
-0.3277500000000002
-0.42720000000000014
-0.6494500000000001
-0.6398499999999999
-0.5311999999999999
-0.5215
0.27715000000000045
-0.4986499999999999
-0.29984999999999984
-0.1387000000000005
-0.6029
-0.49740000000000006
-0.6238999999999999
-0.7223999999999999
-0.5886499999999999
-0.19145
-0.5568000000000002
-0.71155
-0.3011499999999999
-0.6747999999999998
0.19489999999999985
-0.1837500000000004
0.13254999999999972
-0.36655000000000015
0.46830000000000016
-0.2460500000000001
-0.040850000000000164
-0.3814500000000003
-0.41305000000000025
-0.5414000000000001
-0.65015
-0.3286000000000001
-0.03365000000000018
-0.5229
-0.3573000000000002
-0.41015
-0.56165
-0.1853499999999999
-0.06079999999999974
-0.8312999999999999
-0.1280000000000001
0.35514999999999985
-0.5751499999999999
-0.3469500000000002
-0.4425999999999999
-0.5347499999999998
-0.052649999999999975
-0.4271499999999999
-0.52915
-0.5586500000000001
-0.27620000000000045
0.11464999999999947
-0.20329999999999993
-0.18725000000000014
0.10879999999999979
-0.35275
-0.29795000000000005
-0.34565
-0.5789499999999999
-0.7273499999999999
-0.4709000000000001
-0.3727999999999998
-0.25470000000000037
-0.019300000000000095
-0.3771
-0.3411000000000002
-0.41784999999999983
-0.6178500000000002
-0.40935
-0.47924999999999973
-0.1858500000000003
-0.36549999999999994
-0.33514999999999984
-0.4851500000000001
-0.55185
-0.29984999999999984
-0.5632999999999998
0.4588500000000002
-0.5324499999999999
0.20254999999999979
-0.14929999999999966
0.20704999999999973
-0.4908999999999999
-0.44900000000000007
-0.0902999999999996
-0.54115
-0.4747
-0.2957000000000003
-0.2706000000000005
-0.4808000000000002
-0.6381999999999999
-0.4058999999999999
-0.5053
-0.05300000000000016
-0.26854999999999984
-0.49370000000000014
-0.60975
-0.5506
-0.3399000000000001
0.3036500000000004
-0.63725
0.39589999999999903
-0.42144999999999966
-0.5775
0.32955000000000045
-0.6659999999999999
-0.3095499999999999
0.2735500000000002
-0.32410000000000005
-0.5893000000000002
-0.48995
-0.57475
-0.6513499999999999
-0.2198500000000002
0.3422499999999997
-0.6001000000000001
0.2643500000000003
-0.62325
-0.5591499999999999
-0.40200000000000025
-0.27025000000000055
-0.20730000000000004
-0.47224999999999995
-0.17435000000000034
-0.43215000000000026
-0.3012499999999998
-0.46235000000000004
-0.6445000000000001
-0.2590999999999999
-0.39390000000000003
-0.47989999999999977
-0.4049999999999999
-0.7297
-0.3023499999999999
-0.17789999999999984
-0.56565
-0.26785000000000014
-0.031649999999999845
-0.29835000000000067
0.28035000000000054
-0.16869999999999952
0.20234999999999959
-0.03275000000000039
-0.41200000000000003
-0.3063000000000001
0.9169999999999996
-0.18490000000000006
0.3392999999999997
-0.26385000000000014
-0.6646999999999998
-0.6363999999999999
-0.6660999999999999
-0.13584999999999992
-0.19000000000000006
0.07019999999999982
-0.7114
0.05755000000000021
-0.15890000000000049
-0.07440000000000002
-0.1886500000000002
-0.23685000000000045
-0.46919999999999984
-0.34245000000000003
0.6381000000000003
-0.3275000000000001
-0.27460000000000007
-0.3114500000000001
0.06745000000000001
-0.47475
-0.6934
-0.69645
0.46215000000000006
-0.5095500000000001
-0.7792
-0.6108499999999999
0.2965499999999994
-0.5824500000000001
0.3696500000000005
0.34195
-0.4822000000000001
0.12229999999999963
-0.1270000000000001
-0.7051499999999999
-0.5250999999999999
-0.5780999999999998
-0.4365
-0.4996499999999999
-0.09124999999999994
-0.53145
-0.3083
-0.37015
-0.4239499999999998
-0.11010000000000053
-0.42289999999999983
-0.29215
-0.3337000000000001
-0.3973
0.9542499999999989
-0.3861
-0.33274999999999977
0.037399999999999656
0.3875499999999992
-0.34009999999999985
-0.6152
0.5742000000000003
1.0218000000000003
-0.3370000000000002
-0.4495499999999998
0.2036999999999991
-0.5598500000000001
-0.5330999999999999
-0.39955000000000007
-0.4650500000000002
0.05074999999999963
-0.3750499999999999
-0.5403500000000001
0.15644999999999953
-0.1116499999999997
0.12485000000000013
0.4070999999999996
-0.30210000000000026
-0.17305000000000004
0.19135000000000013
-0.17930000000000013
-0.36150000000000004
-0.30134999999999956
-0.53425
-0.2007
-0.4575
0.44814999999999916
-0.1559499999999998
-0.4216000000000002
-0.3639
-0.5338
-0.04435
-0.2832999999999998
-0.37050000000000005
-0.4277500000000001
-0.1352000000000001
0.18749999999999978
-0.30499999999999994
-0.6748
-0.6396
0.2770000000000006
-0.3375
-0.5535000000000001
-0.5341
-0.20519999999999972
-0.6027499999999999
-0.20784999999999987
0.3626999999999998
-0.6537499999999999
-0.27815
-0.09620000000000017
-0.33719999999999994
-0.4735499999999999
-0.25614999999999977
-0.4608000000000002
-0.1711499999999997
-0.5543000000000002
0.29620000000000046
-0.53615
-0.08384999999999976
-0.2633
-0.3894500000000001
-0.5222
-0.18350000000000022
-0.46230000000000004
-0.3924000000000002
-0.6890499999999999
-0.10390000000000021
0.3980000000000008
0.1540999999999999
-0.22385000000000033
-0.713
0.0866499999999999
-0.5755000000000001
-0.48429999999999995
-0.0550499999999996
-0.2852499999999999
-0.3611000000000003
0.1286499999999995
1.456249999999999
-0.49575000000000014
-0.2565000000000003
-0.5103500000000001
0.7544000000000008
0.45685000000000064
-0.2254499999999997
-0.4960000000000001
0.2300999999999993
-0.16880000000000028
-0.08679999999999988
-0.6597
0.8628000000000005
-0.31060000000000054
-0.60835
0.23424999999999874
-0.6640499999999999
-0.662
-0.5506
-0.3408
0.021949999999999914
-0.18509999999999993
-0.4024500000000003
1.3820499999999982
-0.25664999999999993
0.06665000000000076
-0.31350000000000067
0.14215
0.6226999999999998
1.1853499999999992
-0.4556500000000001
-0.10630000000000006
-0.3296999999999999
-0.5770499999999998
0.8111500000000005
0.19799999999999995
-0.39035
-0.6597
1.0521500000000001
-0.12265000000000048
0.27569999999999917
0.9870999999999994
-0.10554999999999981
-0.4647000000000002
1.0732999999999993
-0.23865000000000025
1.0671500000000012
0.8626500000000012
0.20874999999999932
-0.4905499999999998
0.2621
0.699550000000001
-0.26070000000000015
0.004349999999999632
-0.057800000000000296
0.4232999999999991
0.5318499999999997
-0.3517
-0.3524499999999998
0.4573499999999995
1.64725
0.3034499999999998
-0.19365
0.3239000000000003
-0.47545000000000004
-0.6830999999999999
-0.06240000000000001
0.8735499999999994
-0.25480000000000014
-0.18954999999999989
-0.3424499999999999
-0.47240000000000004
-0.4801000000000002
-0.5300500000000001
0.16325000000000056
0.27615000000000056
-0.2785500000000001
1.2160500000000014
0.47354999999999925
0.36580000000000035
-0.06494999999999984
-0.42655
-0.05314999999999981
-0.2862499999999999
-0.2009500000000003
0.34770000000000056
0.33829999999999916
0.5430000000000001
0.39339999999999975
-0.23724999999999996
0.35509999999999997
0.7317000000000005
0.0019500000000003403
-0.16189999999999982
0.8785000000000001
0.06689999999999996
0.42645000000000066
-0.49075
0.22419999999999907
-0.13989999999999958
2.2431
0.44660000000000055
0.5763499999999988
0.5265499999999999
-0.42000000000000026
0.9470499999999986
1.0021000000000013
0.07669999999999977
2.0699
0.6065500000000001
-0.22185000000000032
0.7916000000000001
0.17174999999999963
-0.33785
0.95075
-0.34714999999999985
-0.08070000000000022
0.09040000000000026
0.3827499999999999
-0.7913
-0.3699499999999999
0.33264999999999945
-0.2570999999999998
-0.34809999999999985
-0.32679999999999987
-0.1611999999999998
-0.22935000000000028
-0.04884999999999995
-0.29090000000000005
-0.3062
-0.47165
0.41779999999999906
-0.3426999999999998
-0.7252000000000001
1.6574999999999989
0.3598999999999992
0.2304999999999997
-0.62375
1.2299000000000002
2.0743500000000012
0.8336499999999996
-0.4556500000000001
1.5786499999999992
0.6570999999999996
0.45984999999999876
-0.5338
-0.4890000000000001
0.2379
0.5716500000000007
-0.18179999999999996
0.027449999999999752
0.3655999999999999
-0.6446999999999998
-0.07600000000000051
0.45184999999999964
0.5776999999999997
-0.3484999999999998
0.5058499999999997
0.29739999999999944
-0.18745000000000034
-0.1950000000000005
1.3298999999999994
1.440449999999999
-0.17830000000000013
0.2790499999999998
0.9015000000000004
0.7653500000000006
0.9842999999999984
-0.49740000000000006
-0.6938500000000001
-0.8729
0.031649999999999956
-0.614
-0.8578
-0.8667
-0.8348
-0.87885
-0.87205
-0.89105
-0.8464
-0.88815
-0.86535
-0.8501000000000001
-0.86815
-0.8104
-0.83435
-0.85665
-0.7715000000000001
-0.8589
-0.8651
-0.86195
-0.87635
-0.8626
-0.8365
-0.8260500000000001
-0.8432499999999999
-0.83315
-0.83245
-0.7186000000000001
0.01894999999999958
0.13329999999999975
-0.6014499999999999
1.5978000000000017
0.1667500000000004
0.2532500000000004
0.4333499999999999
-0.5185
-0.2380500000000001
-0.18299999999999994
-0.09005000000000007
-0.55265
-0.15715000000000023
-0.4394999999999999
1.706200000000003
1.4003
0.8050999999999995
1.0527000000000015
0.06260000000000066
0.8008499999999994
0.9330500000000004
-0.6106499999999999
-0.6818
-0.7060500000000001
-0.6694499999999999
-0.70465
-0.4306500000000003
-0.65345
0.08929999999999927
0.3085999999999991
-0.3337499999999999
-0.3109000000000002
0.4099999999999988
1.6163499999999984
-0.45600000000000007
-0.6805000000000001
-0.5881000000000001
-0.5233500000000001
-0.6263500000000002
-0.73755
-0.43100000000000005
0.39290000000000025
-0.20004999999999984
0.6115499999999996
0.8069999999999993
0.7110000000000005
-0.47539999999999993
-0.7777499999999999
-0.7827
-0.863
-0.855
-0.8777
-0.8375
-0.85965
-0.7983
-0.8381000000000001
-0.8369
-0.4167000000000002
-0.86355
-0.7056500000000001
-0.21699999999999997
-0.8803
-0.60245
-0.8367
-0.8535999999999999
-0.8089500000000001
-0.8811
-0.8332
-0.86125
-0.8259
-0.8457
-0.87075
-0.8697
-0.86875
-0.71265
-0.894
-0.8909
-0.85095
-0.82025
-0.8209
-0.82055
-0.67215
2.3863000000000016
0.7332500000000004
5.095000000000003
3.1381999999999985
0.6119999999999992
0.6355000000000002
0.2221999999999995
-0.5201
-0.2133000000000007
0.0629499999999994
0.5443999999999993
1.4962000000000009
-0.3483500000000004
-0.14420000000000022
-0.7275499999999999
0.21779999999999955
-0.31394999999999984
1.149249999999999
3.63565
1.5404500000000003
1.4195000000000007
0.49229999999999974
1.694200000000003
0.9028499999999997
-0.3955999999999996
-0.29840000000000033
-0.6063000000000001
0.29024999999999923
-0.46140000000000014
-0.4804999999999999
0.2481500000000001
1.4901999999999993
1.4286499999999989
-0.41174999999999995
1.383049999999999
1.4558499999999994
0.0005999999999999339
-0.7562
-0.6064499999999999
-0.8100499999999999
-0.8405
-0.89105
-0.8423
-0.88965
-0.8117000000000001
-0.8251999999999999
-0.88185
-0.86505
-0.8472999999999999
-0.7848999999999999
-0.84175
-0.8209500000000001
-0.84915
-0.7825500000000001
-0.8453999999999999
-0.81645
-0.87125
-0.7959
-0.88925
-0.83365
-0.85615
-0.84175
-0.8555
-0.8793
-0.8709
-0.2409
-0.7188
0.09454999999999991
3.383049999999998
-0.40454999999999985
0.7011000000000001
-0.6263000000000001
-0.8325
-0.6930499999999999
-0.6978
-0.6119999999999999
-0.1828000000000004
-0.30810000000000015
1.2600500000000001
1.0976999999999992
0.11000000000000032
3.2208500000000004
4.060300000000004
0.4512499999999995
3.2154
0.5083500000000001
0.23774999999999968
2.5681999999999987
0.16705000000000014
0.05400000000000049
-0.04695000000000016
-0.015799999999999814
0.007549999999999946
-0.5583999999999998
-0.6569500000000001
-0.62965
-0.7029
0.20595000000000008
-0.5847499999999999
-0.02949999999999997
-0.7202999999999999
-0.4306
-0.6616000000000002
1.8215000000000003
-0.6082000000000001
0.21320000000000072
0.39575000000000005
2.9483
4.672199999999993
1.252250000000001
4.582400000000004
0.38225
6.889850000000002
2.5540000000000016
1.6624500000000002
-0.6696500000000001
-0.10285000000000033
5.691500000000002
8.435650000000013
11.453950000000006
3.8965000000000023
3.3081500000000013
1.7924000000000029
0.10529999999999973
-0.0361999999999999
-0.7805
-0.19124999999999992
-0.5819
-0.7419499999999999
-0.7757999999999999
-0.66685
-0.7888
-0.6829999999999999
-0.7686
-0.71515
5.0431
5.821200000000005
5.73185
0.34079999999999955
0.14354999999999984
6.216000000000002
8.657350000000003
2.5779000000000023
-0.2982500000000001
3.379649999999999
0.42389999999999994
7.071649999999998
-0.6191499999999999
8.035649999999999
3.156950000000001
0.9698
-0.07590000000000063
-0.7168
-0.38014999999999977
-0.12690000000000023
-0.80735
2.2518000000000025
1.7612999999999985
3.3283000000000014
1.6650000000000014
6.051450000000005
0.508799999999999
1.1813000000000016
-0.2840999999999999
0.4851499999999991
0.04145000000000043
-0.10535000000000005
-0.62905
0.060049999999999715
0.23635000000000006
-0.2875500000000001
-0.5036999999999999
-0.8248500000000001
-0.83245
-0.75685
-0.81315
0.15910000000000002
-0.5408000000000001
-0.8055
-0.7462500000000001
-0.8533
-0.8310000000000001
-0.83935
-0.89025
-0.8432
-0.85495
-0.8506499999999999
-0.6052000000000002
-0.74075
-0.47114999999999996
-0.696
0.04380000000000006
1.9716499999999977
4.280250000000001
2.0665
4.252300000000003
3.7500000000000036
0.1637499999999994
0.45849999999999946
1.3926999999999996
-0.5463500000000001
-0.4190999999999998
-0.5195999999999998
-0.7351500000000001
-0.771
-0.8171499999999999
-0.7453000000000001
-0.6179499999999999
-0.7954
-0.8253
-0.78905
-0.7793
-0.7462
-0.7225
-0.8169500000000001
-0.8543499999999999
-0.79385
-0.86085
-0.73935
-0.7612
-0.76035
-0.4193999999999999
0.11104999999999965
3.0273499999999993
2.5656
0.30499999999999994
4.084950000000006
0.8808999999999989
0.2441499999999992
4.741600000000003
-0.22840000000000016
5.8756499999999985
3.8433499999999947
0.059099999999999486
4.140900000000002
8.786049999999998
1.41955
0.24869999999999992
-0.7132
-0.31600000000000006
0.34904999999999986
-0.6415500000000001
-0.6085499999999998
-0.6183000000000001
-0.76855
-0.75575
-0.7888
-0.08094999999999997
-0.75805
-0.70035
-0.05345
-0.7555
-0.07944999999999991
-0.6915500000000001
-0.7024
-0.5453999999999999
-0.22084999999999977
2.010200000000001
1.2235500000000004
1.7077999999999993
1.0024000000000006
5.312449999999999
1.5772500000000012
12.612849999999998
2.02065
7.2682000000000055
9.938900000000015
13.378699999999993
38.41549999999997
0.6169999999999984
19.75369999999995
3.783649999999998
0.3441000000000001
6.072900000000007
-0.63735
6.975850000000001
5.857400000000003
2.3305999999999996
0.2138500000000001
-0.09904999999999975
-0.5226999999999999
-0.5688999999999999
-0.6987999999999999
0.43304999999999927
2.1881500000000016
-0.6477499999999999
-0.6112500000000001
-0.6945999999999999
-0.71585
-0.6675500000000001
0.032950000000000035
0.25964999999999994
-0.7234999999999999
-0.43684999999999996
0.04014999999999924
-0.4432499999999999
-0.5992500000000001
-0.6468500000000001
-0.75885
-0.39044999999999985
-0.20740000000000025
-0.7148
-0.74075
-0.6874
-0.07859999999999978
-0.6876
-0.4854999999999998
-0.6836500000000001
0.7280999999999997
0.07340000000000013
-0.67645
0.5636999999999999
-0.6668999999999999
-0.6523500000000001
0.7504499999999994
-0.46940000000000015
1.496350000000001
-0.6897
1.328549999999999
8.70615
0.6895500000000008
0.18244999999999978
6.130750000000002
3.122
1.13495
-0.25859999999999983
1.567149999999999
-0.6913499999999999
1.8110999999999997
8.85015
7.237350000000006
1.8112999999999992
69.89960000000012
4.1506500000000015
1.1050999999999993
5.4046
10.539999999999981
2.522949999999999
2.0513500000000007
6.204199999999999
-0.5246000000000001
13.975299999999983
1.8760500000000015
3.9360000000000017
13.811849999999964
1.0751499999999994
-0.7215999999999999
2.3848000000000007
-0.77255
-0.8633500000000001
-0.87015
-0.8137
-0.8505
-0.85875
-0.8251
-0.87115
-0.8317000000000001
-0.8438
-0.8433
-0.8595999999999999
-0.8649
-0.8204
-0.87365
-0.79745
-0.8481500000000001
-0.8601
-0.84945
-0.8128500000000001
-0.85575
-0.6991
-0.8415
-0.86075
-0.869
-0.8566
-0.85055
-0.85495
-0.84145
-0.8768
-0.84415
-0.8651
-0.8059499999999999
-0.89575
-0.8322
-0.83985
-0.8665499999999999
-0.87335
-0.84755
-0.82085
-0.8691
-0.86415
-0.8325
-0.83315
-0.8167500000000001
-0.84335
-0.8406499999999999
-0.8492
-0.8832
-0.8639
-0.8714999999999999
-0.8787
-0.86825
-0.86615
-0.8449
-0.85345
-0.8813
-0.843
-0.87325
-0.8606
-0.8843
-0.8211999999999999
-0.8165
-0.8236
-0.8677999999999999
-0.85185
-0.84685
-0.86975
-0.88805
-0.8574999999999999
-0.87615
-0.8751
-0.83925
-0.8486
-0.8392
-0.8281000000000001
-0.80985
-0.8332
-0.8118000000000001
-0.84245
-0.8902
-0.85295
-0.8649000000000001
-0.85305
-0.8367500000000001
-0.82275
-0.83635
-0.8330000000000001
-0.8672
-0.84045
-0.8684000000000001
-0.84175
-0.8446
-0.8818
-0.84935
-0.81525
-0.8564
-0.84815
-0.8693
-0.82785
-0.8617
-0.84945
-0.85815
-0.87495
-0.87975
-0.8624499999999999
-0.8546
-0.8814
-0.8649
-0.8645499999999999
-0.8695999999999999
-0.8487
-0.8193
-0.8150000000000001
-0.88515
-0.8451500000000001
-0.84305
-0.86185
-0.84605
-0.85285
-0.8355000000000001
-0.8805
-0.89825
-0.8442500000000001
-0.864
-0.81955
-0.84775
-0.87865
-0.76725
-0.8689
-0.8689
-0.8611
-0.8565999999999999
-0.88225
-0.861
-0.59425
-0.84805
-0.82775
-0.87965
-0.88225
-0.8612
-0.8507
-0.8709
-0.8826499999999999
-0.87365
-0.83105
-0.83405
-0.8713
-0.825
-0.85495
-0.8637
-0.8602
-0.82405
-0.8393
-0.8539
-0.8418
-0.861
-0.82775
-0.8694999999999999
-0.8805999999999999
-0.82565
-0.8724
-0.8343
-0.6498500000000001
-0.84175
-0.87735
-0.8503
-0.7464999999999999
-0.8508
-0.86525
-0.3571
-0.82865
-0.88215
-0.83765
-0.8539500000000001
-0.7697
-0.82355
-0.86025
-0.8155
-0.8353
-0.8143
-0.84985
-0.86095
-0.78395
-0.8805999999999999
-0.8517
-0.8161
-0.8362499999999999
-0.5589499999999998
-0.8434999999999999
-0.8548
-0.8765
-0.88295
-0.8883
-0.8299000000000001
-0.8794500000000001
-0.8604
-0.8603999999999999
-0.86155
-0.8567
-0.89795
-0.8601
-0.8591
-0.85275
-0.8553000000000001
-0.8756
-0.861
-0.8646
-0.8691
-0.81945
-0.82335
-0.86655
-0.8545
-0.85685
-0.8464499999999999
-0.7961
-0.8097
-0.8629
-0.88735
-0.8206
-0.88285
-0.8426499999999999
-0.798
-0.8696
-0.86985
-0.87455
-0.85465
-0.86615
-0.86695
-0.85675
-0.8169
-0.8119999999999999
-0.8692000000000001
-0.8428
-0.86425
-0.8522
-0.8443
-0.8514999999999999
-0.8342
-0.82925
-0.8706499999999999
-0.72705
-0.8565
-0.86505
-0.879
-0.8837
-0.8412
-0.8483499999999999
-0.8564499999999999
-0.8863
-0.84845
-0.8577
-0.83925
-0.82005
-0.8561000000000001
-0.85955
-0.885
-0.8063
-0.8399000000000001
-0.8757
-0.82785
-0.8114
-0.8728
-0.14045000000000019
-0.8759
-0.84825
-0.8634999999999999
-0.8284
-0.82545
-0.86875
-0.82445
-0.8458000000000001
-0.8753500000000001
0.3708499999999999
2.0714500000000005
0.9897999999999998
1.4781999999999993
0.44535000000000036
-0.4166500000000001
15.72619999999998
4.1419
0.5942999999999992
0.0414000000000001
2.4689500000000004
1.4345500000000002
-0.6832499999999999
-0.02110000000000034
-0.5952
0.6756000000000006
4.097849999999999
0.8275499999999993
0.2920499999999997
1.3503999999999996
0.5707
-0.61605
-0.45320000000000005
-0.6533499999999999
0.3786499999999995
-0.6498999999999999
-0.3210999999999997
-0.75075
-0.6113999999999999
-0.6003999999999999
-0.69755
-0.63995
-0.6414000000000001
-0.7048999999999999
-0.56595
-0.1740999999999997
-0.73695
-0.7076499999999999
-0.5887999999999999
-0.72715
-0.6959500000000001
0.20149999999999957
-0.6933
-0.6468
-0.6608
-0.7435499999999999
-0.3556
-0.5649000000000001
-0.6764499999999998
-0.70575
-0.73305
-0.6834500000000001
-0.7572
-0.69225
0.0411999999999999
-0.6760499999999998
-0.1047499999999999
1.9529999999999994
-0.1298499999999997
-0.7131500000000002
5.857700000000002
2.602749999999999
9.110850000000006
12.67144999999998
3.652399999999999
11.980249999999996
0.8535000000000004
9.505199999999999
4.787550000000001
0.15254999999999996
0.3635499999999994
3.703450000000002
-0.73635
4.35475
14.451050000000006
6.361050000000007
18.547200000000046
4.719700000000002
-0.4318000000000002
1.257350000000002
3.1532500000000008
12.802399999999992
3.4667499999999993
10.43780000000001
7.585800000000001
8.977950000000005
1.8081999999999998
4.991949999999992
3.285300000000002
4.862099999999999
0.41659999999999964
-0.41470000000000007
0.15270000000000006
-0.67485
-0.6559999999999999
-0.7217
-0.15264999999999995
-0.2856999999999996
-0.6783999999999999
0.8428499999999999
-0.6439
-0.7979999999999999
-0.76505
-0.6452500000000001
-0.65015
0.5421499999999999
-0.8633
-0.6573
-0.46130000000000004
-0.6672
-0.6988
-0.7289
-0.6753
-0.2610999999999998
0.04520000000000013
-0.0025500000000000522
-0.16135
0.6851999999999994
0.12195000000000022
15.17234999999998
-0.3217
13.37949999999999
-0.13005
-0.3831
5.262150000000001
6.139150000000003
2.6128500000000017
9.288399999999996
8.054200000000003
0.44985000000000075
1.5296999999999992
7.209299999999999
13.321550000000004
6.6023000000000005
0.9686999999999992
5.5271
0.6408999999999989
0.8421999999999992
0.3965000000000005
-0.7584500000000001
-0.06859999999999988
0.28025000000000033
-0.63585
-0.6074499999999998
-0.6815
-0.693
-0.8628
-0.8587
-0.8171999999999999
-0.8663
-0.8743
-0.84555
-0.8345
-0.8504499999999999
-0.855
-0.8579
-0.86165
-0.84735
-0.8463
-0.84165
-0.8386
-0.8347500000000001
-0.8095
-0.7312000000000001
-0.76295
-0.7356999999999999
-0.7289
-0.6802500000000001
-0.5620500000000002
-0.6043000000000001
-0.7319
-0.6887999999999999
-0.5616500000000001
-0.7693
-0.6980000000000001
-0.54145
-0.5225
-0.71515
-0.73175
-0.74395
-0.08895000000000008
-0.7362
-0.665
0.23699999999999943
-0.6616500000000001
-0.6179000000000001
-0.67485
-0.5098
-0.6968000000000001
1.130850000000001
-0.24075000000000002
-0.6169500000000001
0.5973499999999998
-0.28379999999999994
1.3764500000000015
-0.016400000000000414
0.5185
0.5803000000000003
1.9280999999999993
6.492599999999999
4.968400000000003
4.3593500000000045
0.5760500000000006
0.33780000000000054
5.072650000000005
4.550449999999999
8.373249999999993
1.047699999999999
-0.3171999999999999
7.1551499999999955
0.3103499999999999
-0.7734999999999999
-0.6459999999999999
-0.65615
-0.4415500000000002
0.5957000000000006
-0.6923
-0.5097
-0.4778000000000001
-0.6466999999999998
-0.3585499999999999
-0.7219
-0.6854
-0.1694500000000002
1.0658000000000007
-0.6664000000000001
-0.32520000000000004
-0.67775
-0.7264999999999999
-0.6485500000000001
-0.7067999999999999
-0.47224999999999984
-0.5740000000000001
-0.80015
-0.6580000000000001
-0.6126499999999999
-0.5706
0.826149999999999
-0.7157
-0.45074999999999976
-0.70585
-0.6947000000000001
-0.6325000000000001
-0.6908000000000001
-0.7535499999999999
-0.647
-0.6732
-0.6679499999999999
-0.6939000000000001
-0.4160999999999998
1.0391999999999988
-0.5843499999999999
-0.6750999999999999
0.4001999999999999
2.4865000000000004
-0.7315999999999998
2.693250000000002
-0.10635000000000006
-0.06964999999999999
1.4690499999999997
8.046199999999997
1.17355
-0.7845
10.434649999999998
-0.7159
7.978149999999999
0.9732000000000003
0.09939999999999993
1.4196500000000003
2.0614000000000003
6.2726999999999995
0.8035000000000005
8.330600000000008
1.4794500000000004
-0.61175
14.22739999999999
3.5017499999999986
-0.2894500000000001
2.641150000000002
-0.35635000000000017
-0.5635
3.879599999999999
1.7467499999999987
-0.29059999999999997
-0.7243499999999999
-0.6657500000000001
-0.47589999999999977
-0.70655
4.027800000000001
-0.1966000000000001
-0.04294999999999993
8.984650000000007
0.2829500000000005
4.8190500000000025
-0.65615
1.7075999999999998
-0.5911500000000001
-0.0714999999999999
-0.6498
-0.16275000000000028
3.6325000000000003
-0.6989999999999998
-0.4241499999999999
-0.6636500000000001
-0.6507999999999999
0.3180500000000004
-0.8014
-0.35640000000000016
0.7912500000000002
-0.66425
-0.6557999999999999
2.954599999999998
-0.47540000000000004
-0.6777500000000001
-0.70575
0.5594499999999998
-0.49570000000000003
-0.6906999999999999
-0.019700000000000162
-0.6591500000000001
1.3869000000000025
1.3084000000000016
-0.64235
-0.6980000000000001
-0.3968499999999999
-0.4851500000000001
1.6365999999999978
-0.08809999999999996
0.07079999999999975
-0.6428499999999998
-0.5923
-0.35585
7.859299999999994
0.32565
-0.5908
-0.6764
0.5680999999999998
4.614450000000006
-0.67635
-0.01705000000000001
2.2965500000000008
-0.3809999999999999
0.8455999999999999
1.1294499999999994
0.744349999999999
0.9592000000000003
0.45365000000000055
0.3294499999999996
-0.62965
-0.43204999999999993
-0.4167000000000002
-0.64355
-0.5533000000000001
-0.03310000000000013
4.6878
0.015000000000000124
-0.12264999999999993
5.900150000000005
0.9382000000000008
-0.64035
20.248150000000003
1.348399999999999
4.016149999999998
0.8719999999999997
1.5174500000000015
0.7839999999999994
4.731400000000002
1.6130500000000003
4.627200000000001
3.5630499999999996
0.8737500000000002
0.4521999999999988
6.212799999999998
1.0763000000000003
13.496449999999964
6.8765500000000035
3.3236500000000033
-0.7608
9.077050000000002
17.432000000000013
0.9979499999999994
1.0963000000000007
4.328849999999999
1.0344999999999995
6.695100000000002
-0.01739999999999975
10.110150000000006
0.2109500000000002
0.26065000000000005
0.43704999999999994
0.4921500000000001
8.870200000000004
1.0212499999999998
0.29384999999999906
-0.025800000000000378
0.5391500000000009
-0.68615
0.18310000000000026
-0.09055000000000013
1.2498500000000003
0.9330000000000005
0.5644
14.282349999999994
1.9632000000000005
5.798200000000002
-0.7829499999999999
2.3165500000000003
-0.78915
3.678699999999999
0.7979499999999997
5.063949999999999
10.9801
0.8666499999999995
2.2791500000000005
3.166350000000002
3.3150499999999985
8.703449999999995
6.8106
0.3691
1.802900000000001
-0.007050000000000223
6.371250000000002
36.11100000000004
0.6288999999999996
5.798300000000001
0.5931499999999998
-0.6319
3.342600000000002
3.324650000000001
4.881449999999999
11.075800000000005
0.8515999999999992
0.39254999999999995
0.14670000000000005
1.750049999999999
7.073749999999999
0.8244499999999995
2.7149999999999985
0.8452000000000004
0.40814999999999935
0.33145
-0.5790500000000003
0.8899000000000006
0.1766500000000002
0.7829999999999995
3.0736500000000007
0.18789999999999996
1.0474999999999999
-0.6781
-0.3307
-0.7274499999999999
0.6814999999999991
0.13875000000000015
-0.7259000000000001
-0.0591999999999997
-0.7027000000000001
0.7342500000000005
1.2864000000000004
-0.53635
-0.6314
-0.3012499999999999
-0.7099500000000001
-0.6939500000000001
-0.049250000000000016
-0.08409999999999995
0.6058999999999999
-0.6259000000000001
-0.8669
-0.4986999999999999
0.20540000000000003
-0.6985999999999999
0.2662
-0.6168499999999999
-0.08330000000000004
1.6068499999999997
-0.58365
-0.47245000000000004
5.457900000000002
1.2392499999999997
-0.46109999999999984
-0.06695000000000007
0.7966
-0.2359500000000001
3.6224999999999996
-0.6852500000000001
-0.6528
-0.08484999999999965
-0.2835000000000003
-0.8424499999999999
-0.86725
-0.85945
-0.85765
-0.85315
-0.83735
-0.8295
-0.8637
-0.88315
-0.8096
-0.8677
-0.7965
-0.58945
-0.08619999999999983
-0.75475
-0.5336999999999998
-0.6545000000000001
-0.28464999999999996
-0.5090999999999999
-0.72235
-0.71245
-0.69225
-0.7231
-0.6641
-0.65855
-0.6608999999999998
-0.14715000000000056
-0.8331999999999999
-0.8450500000000001
-0.8529
-0.5704500000000001
-0.846
-0.8368
-0.78285
-0.9046
0.5938000000000001
-0.8066500000000001
-0.8953
-0.84905
-0.87985
-0.7758499999999999
-0.84405
-0.8370500000000001
-0.8843
-0.8684
-0.81825
-0.8656999999999999
-0.8461000000000001
-0.859
-0.83605
-0.8068500000000001
-0.8493499999999999
-0.8300000000000001
-0.8624499999999999
-0.85165
-0.8589
-0.84935
-0.8522000000000001
-0.81575
-0.8046
-0.8916499999999999
-0.83455
-0.7765
-0.7354
-0.8593500000000001
-0.8629
-0.8542500000000001
-0.8464
-0.82415
-0.8231
-0.7947000000000001
-0.8636
-0.8752
-0.84745
-0.85365
-0.8438000000000001
-0.5954999999999999
-0.8298
-0.8653
-0.82925
-0.1390999999999999
-0.8138500000000001
-0.86895
-0.8485
-0.872
-0.86145
-0.77765
-0.8543499999999999
-0.8408
-0.8380000000000001
-0.8506
-0.85245
-0.8314
-0.84595
-0.86575
-0.8224
-0.85245
-0.84905
-0.79325
-0.8543
-0.8757
-0.8466
-0.8705
-0.8490500000000001
-0.8624
-0.76675
-0.8439
-0.8350500000000001
-0.78745
-0.8545499999999999
-0.8314
-0.8713
-0.11209999999999987
-0.7821
-0.8607499999999999
-0.87005
-0.8474
-0.8575
-0.8271
-0.8584499999999999
-0.83865
-0.8352999999999999
-0.8732
-0.5952500000000001
-0.8484499999999999
-0.87085
-0.898
-0.8452
-0.842
-0.8324499999999999
-0.8602
-0.8863
-0.8411
-0.87385
-0.8453999999999999
-0.8821
-0.8200000000000001
-0.8396
-0.1613
-0.5986999999999999
-0.6315500000000001
-0.6107499999999999
-0.73895
-0.6733500000000001
-0.7254
0.35065000000000035
-0.61235
-0.83635
-0.20199999999999996
-0.64805
-0.6595500000000001
-0.52155
3.3195000000000023
-0.6998
-0.42504999999999993
-0.5874999999999999
0.19025000000000003
-0.08600000000000019
-0.7137500000000001
-0.6525
-0.6696499999999999
-0.5699
-0.67035
-0.7972999999999999
-0.08489999999999986
-0.5695500000000001
-0.6731999999999999
-0.7051
-0.86635
-0.88045
-0.8704
-0.7774
-0.82765
-0.8929
-0.8643500000000001
-0.86275
-0.8638
-0.87695
-0.83335
-0.8463
-0.8293
-0.19384999999999997
-0.8364
-0.85625
-0.85385
-0.8625
-0.8311000000000001
-0.8512
-0.79195
-0.83375
-0.6623499999999999
-0.4042999999999999
0.4555999999999998
-0.8082
-0.3257000000000001
2.819999999999999
0.08320000000000016
3.792700000000001
-0.58065
0.8188000000000006
0.08529999999999927
-0.4941
-0.4866499999999998
0.06925000000000003
1.3587499999999992
0.8217999999999999
0.4874499999999997
3.7584000000000026
0.038000000000000256
-0.80655
-0.6530499999999999
2.76155
2.2842499999999997
1.5012499999999998
0.45724999999999993
0.24929999999999986
1.7026499999999989
14.229300000000006
-0.8302499999999999
0.10414999999999974
3.340450000000004
6.935449999999997
1.6086999999999985
3.5020000000000007
4.871400000000001
0.21989999999999932
4.85085000000001
1.2506499999999998
0.4393499999999997
0.9559
4.618400000000005
-0.4192
3.14625
-0.54875
4.572400000000004
0.07400000000000007
4.845800000000001
12.999799999999983
0.6850000000000005
2.6364999999999994
0.5304499999999999
1.0528999999999988
2.908650000000002
-0.72605
4.479349999999998
2.5702500000000015
3.27295
6.842850000000002
8.487249999999996
12.449149999999992
1.486699999999999
0.9134000000000002
0.9531000000000007
1.6082
-0.7399500000000001
3.7730000000000006
7.635400000000008
0.8016500000000004
6.708100000000003
1.4160000000000008
0.5739500000000002
7.573150000000002
2.7460999999999975
0.5516500000000006
12.528549999999981
-0.71895
7.601999999999997
0.07705000000000006
4.500600000000003
1.993300000000001
0.28460000000000063
0.8155499999999993
1.9800499999999985
-0.24854999999999972
1.0697
-0.68225
-0.022549999999999848
1.9149499999999966
6.513699999999998
-0.12259999999999993
0.7837000000000001
0.19985000000000008
1.7184499999999994
2.205900000000001
5.835349999999999
-0.5582
0.9938500000000001
0.5160000000000002
0.08424999999999971
5.070000000000001
8.675299999999991
-0.5225000000000001
3.8198500000000006
6.768999999999999
4.307000000000003
9.22070000000001
-0.6780999999999999
0.25405000000000055
-0.15315000000000034
-0.42385000000000006
-0.6180999999999999
-0.6446999999999999
-0.6813
0.4399000000000002
-0.76115
-0.6459
-0.7422
-0.6614000000000002
-0.5497
-0.76845
-0.6941499999999999
-0.748
-0.44910000000000005
-0.63845
-0.6535
-0.7464999999999999
-0.7253000000000001
-0.714
-0.18339999999999967
-0.68215
-0.7178999999999999
-0.64835
-0.75715
-0.79945
-0.7115499999999999
-0.8105
-0.6611000000000001
-0.16969999999999996
-0.74255
-0.7024999999999999
-0.37354999999999994
-0.5081999999999999
-0.6855499999999999
-0.6794
-0.82735
-0.63945
-0.40235
-0.16445000000000032
-0.32005000000000006
-0.69505
-0.4524999999999998
-0.37925
-0.6913
-0.7418499999999999
-0.6894
-0.84455
-0.8636
-0.6544
-0.8133
-0.8411000000000001
-0.85385
-0.7562
-0.6363999999999999
-0.07345000000000002
-0.6688000000000001
-0.6717
-0.70285
-0.5891
-0.6544499999999998
-0.7177
-0.5259
-0.046599999999999975
0.28424999999999967
-0.6513
-0.28395000000000015
0.5455500000000004
-0.7062999999999999
-0.07489999999999997
5.269450000000001
4.0126500000000025
13.158349999999993
3.1655000000000015
-0.37980000000000014
1.6473000000000009
5.6646000000000045
14.099999999999993
0.8836499999999985
1.2855999999999996
8.713449999999991
8.81714999999999
15.912300000000016
1.5524999999999998
9.697750000000003
2.5622500000000032
3.7040999999999995
-0.72665
7.545750000000005
8.471099999999996
14.211649999999983
1.1359999999999992
2.128700000000001
-0.11799999999999988
5.621449999999999
14.301200000000016
1.5205499999999992
2.440400000000001
0.6402999999999992
0.9959
9.1134
-0.8483
1.6744500000000002
4.2998
-0.17440000000000022
1.2585499999999996
3.38605
0.4986499999999998
0.8746500000000008
-0.59125
-0.49330000000000007
-0.5025499999999999
-0.7439
-0.37305
-0.6794499999999999
-0.75415
-0.8368500000000001
-0.8551500000000001
-0.8432
-0.8492
-0.8565
-0.8547
-0.8638
-0.8412000000000001
-0.5818499999999999
-0.8543000000000001
-0.8686
-0.83135
-0.85135
-0.6971
-0.8791
-0.82885
-0.8410500000000001
-0.8621
-0.8099000000000001
-0.8613500000000001
-0.85605
-0.86755
-0.8508499999999999
-0.8597
-0.81645
-0.87905
-0.85085
-0.8762
-0.8145500000000001
-0.85615
-0.81035
-0.87865
-0.85015
-0.851
-0.87095
-0.85295
-0.87875
-0.84405
-0.84135
-0.8336
-0.88235
-0.35075
-0.84255
-0.8214
-0.8443
-0.8548
-0.88835
-0.8076
-0.86015
-0.8693500000000001
-0.8522
-0.82765
-0.87865
-0.86985
-0.85985
-0.8451500000000001
-0.8308
-0.8317
-0.84395
-0.6338999999999999
-0.84465
-0.8218500000000001
-0.8194
-0.8762
-0.8369
-0.82115
-0.8445
-0.8688
-0.55875
-0.8238
-0.8686
-0.87905
-0.8624499999999999
-0.85035
-0.85485
-0.85155
-0.5173999999999999
-0.8317
-0.6666000000000001
-0.8568
-0.8413999999999999
-0.7001999999999999
-0.8313
-0.8876999999999999
-0.87425
-0.85505
-0.8497
-0.8775
-0.8566
-0.8638
-0.8661
-0.7439
-0.8593
-0.8320000000000001
-0.87865
-0.84075
-0.8014
-0.86225
-0.85045
-0.8872
-0.77735
-0.88095
-0.89275
-0.8183
-0.8649
-0.8511500000000001
-0.87125
-0.8569
-0.8683000000000001
-0.86475
-0.85165
-0.8523000000000001
-0.8452
-0.8611500000000001
-0.84235
-0.8362
-0.8544499999999999
-0.8556499999999999
-0.76885
-0.82085
-0.82075
-0.8281000000000001
-0.6037500000000001
-0.84155
-0.8369500000000001
-0.827
-0.8627
-0.8629
-0.7988
-0.776
-0.80435
-0.83055
-0.6491499999999999
-0.758
-0.6047500000000001
-0.6913499999999999
-0.7304499999999999
-0.6685500000000001
-0.67005
-0.8167
-0.75065
-0.8775999999999999
-0.88155
-0.86705
-0.8086500000000001
-0.83115
-0.8122999999999999
-0.8775000000000001
-0.8069
-0.87305
-0.72715
-0.8434
-0.86275
-0.6459
-0.6776999999999999
0.07739999999999947
-0.6866
-0.6873999999999999
-0.4281999999999999
-0.6641499999999998
-0.5965
-0.68995
-0.5292000000000001
-0.4055500000000002
-0.7026500000000001
-0.48939999999999984
-0.6422
-0.6809999999999999
-0.6757
-0.6892499999999999
-0.6920499999999999
-0.6972499999999999
-0.04525000000000001
-0.71835
-0.7139
-0.7659
-0.6929
-0.6742000000000001
-0.5116499999999998
-0.67595
-0.7354999999999999
-0.28859999999999986
-0.49305
-0.5264500000000001
-0.6973499999999999
-0.6648999999999999
-0.7175499999999999
-0.7127999999999999
0.26809999999999956
-0.6753
-0.76205
-0.6849500000000002
-0.0343
-0.07384999999999997
-0.6656
-0.73905
-0.6171999999999997
-0.75235
-0.5500000000000003
-0.71065
0.3258500000000011
-0.6069500000000002
-0.7144999999999999
-0.37424999999999997
-0.24874999999999992
-0.7033
-0.48795
-0.6757
-0.6213
-0.6756499999999999
0.26100000000000034
-0.77965
1.300949999999999
0.3605000000000005
-0.5347
-0.7197
-0.8035
-0.16459999999999997
0.11234999999999995
-0.48319999999999985
-0.6708500000000002
0.11689999999999978
-0.19074999999999998
-0.4113499999999999
-0.71245
-0.68435
-0.5477000000000001
-0.6763999999999999
-0.7464500000000001
-0.6503999999999999
-0.7291
-0.04035000000000022
-0.77715
-0.3735499999999997
-0.12514999999999998
-0.6375
-0.3806999999999999
-0.26774999999999993
-0.4756
-0.6281999999999999
-0.27254999999999996
-0.61905
-0.5496999999999999
-0.6627
-0.6431
-0.66875
-0.6737500000000001
-0.5438000000000002
-0.70065
0.9531499999999997
-0.65645
0.4156499999999994
-0.6181000000000001
-0.56265
-0.09520000000000006
1.3059000000000007
-0.6597
0.29045000000000076
2.1426
-0.6507000000000001
0.33499999999999996
0.7190000000000005
-0.47739999999999994
-0.7159
1.3770499999999992
-0.75085
1.675549999999999
0.8188000000000004
-0.15385000000000038
-0.3747499999999999
1.5306999999999977
3.9328000000000047
0.8453499999999994
-0.4383499999999999
0.26120000000000054
-0.2996
-0.43755
0.7068499999999998
0.47914999999999996
0.69475
3.9525999999999986
-0.48675
0.21685000000000088
4.966750000000002
1.473800000000002
2.8838499999999994
0.00990000000000002
7.9371000000000045
1.0511500000000003
-0.37929999999999997
5.213999999999996
2.5838
2.9824999999999995
2.040250000000001
8.413050000000005
2.8517999999999977
8.837850000000007
0.6610000000000003
-0.8221
2.464549999999999
6.161100000000005
0.5971
5.594100000000002
0.7165999999999995
7.232399999999998
5.223600000000004
6.576800000000004
2.6973999999999974
3.562499999999999
5.414200000000003
4.038550000000005
-0.78825
1.7337000000000002
3.190649999999998
0.44540000000000024
0.6812499999999997
-0.7765
-0.7758
0.38719999999999977
3.3291999999999984
-0.7377499999999999
1.1433999999999997
3.9743499999999985
11.740250000000003
0.29215000000000013
0.8572999999999995
4.6403000000000025
5.629350000000005
-0.7499
13.079549999999992
0.6811999999999996
-0.5357000000000001
10.982499999999993
4.323650000000003
-0.5047
0.01969999999999983
-0.25105
3.8926500000000024
7.8058000000000085
2.3377000000000003
1.1020000000000012
1.2915999999999999
0.2671999999999999
-0.2842
-0.3832
-0.6768000000000001
7.227749999999999
-0.6128500000000001
5.089699999999999
13.403049999999984
0.9909000000000001
1.60175
-0.7464999999999999
4.07155
7.183550000000004
6.401749999999998
1.2013999999999991
1.8214500000000005
-0.7296499999999999
4.454149999999999
6.516050000000005
0.1841499999999998
5.814150000000006
0.1190500000000001
5.286450000000005
0.14375000000000027
-0.74275
11.250399999999996
-0.62935
5.024099999999996
5.025399999999999
-0.73465
1.3699000000000003
-0.7423000000000001
8.381400000000005
0.2031500000000006
0.9481500000000007
0.2461500000000001
-0.5627
2.7681500000000003
-0.4383999999999998
0.6330000000000002
0.8169999999999997
11.793399999999997
4.806700000000005
0.9256000000000004
1.9260999999999986
-0.50715
1.52175
-0.057399999999999896
-0.26660000000000006
14.210300000000002
-0.45735000000000015
0.6919500000000005
0.5017000000000009
0.6756999999999995
-0.7088000000000001
7.356150000000001
0.016000000000000014
-0.34394999999999964
-0.3049500000000004
0.8731499999999999
-0.77805
1.4341
0.10489999999999977
-0.8187
2.3005
1.438400000000001
-0.6275
2.0690000000000004
-0.4473999999999999
2.314849999999999
3.7116500000000023
-0.6202000000000001
4.629250000000001
3.57465
-0.3992000000000001
-0.25450000000000006
-0.7196499999999999
-0.08119999999999994
-0.65225
0.8828499999999999
0.03869999999999996
0.26735
1.62635
4.5367999999999995
-0.68455
-0.3174000000000001
0.23160000000000047
0.8294499999999989
2.6370999999999998
0.24589999999999979
-0.40859999999999985
2.9346499999999995
4.8435999999999995
-0.28179999999999994
2.4616
2.7484500000000005
7.146400000000002
0.4078499999999985
1.7168500000000022
1.0737000000000005
-0.7833
4.446799999999999
0.7973999999999992
-0.3220000000000002
3.2414999999999994
6.392549999999998
9.778300000000009
0.7945000000000004
6.543100000000002
0.4107000000000005
12.683749999999996
-0.834
1.7976500000000004
-0.3800000000000002
11.304999999999993
1.290500000000002
8.348650000000001
-0.61655
6.065000000000003
0.9794499999999999
3.3737000000000013
7.881000000000002
6.993850000000003
-0.054749999999999854
4.2505500000000005
1.3550499999999994
2.2121000000000013
13.92075000000001
5.001549999999999
-0.46789999999999987
7.253799999999995
6.063449999999996
0.9870999999999992
-0.54675
2.5234499999999995
1.1088000000000013
3.07015
0.36355000000000026
5.011850000000003
2.932950000000002
12.218999999999998
-0.6463000000000001
2.5781499999999995
-0.7005499999999999
-0.56595
-0.62375
-0.6268
-0.61395
-0.6167499999999999
-0.7520499999999999
-0.34955
1.0979000000000005
-0.68185
-0.63035
-0.70655
0.7374500000000002
-0.7605
-0.63065
-0.7619499999999999
-0.6738999999999999
-0.75625
-0.4633999999999999
-0.7356499999999999
-0.14580000000000037
-0.7567499999999999
-0.7831999999999999
-0.7461500000000001
-0.72485
-0.6306499999999999
-0.5685000000000002
-0.66315
-0.6508
-0.69905
-0.7655000000000001
-0.7204999999999999
-0.70085
-0.67575
-0.7414499999999999
-0.6495
-0.76005
-0.4501499999999997
-0.6782999999999999
-0.6978499999999999
-0.6100999999999999
-0.6991499999999999
-0.7134499999999999
-0.73295
-0.41395000000000004
-0.6232500000000001
-0.5738999999999999
-0.68635
-0.61785
-0.7595000000000001
-0.7198
-0.6352500000000001
-0.6616000000000001
-0.63365
-0.7164499999999999
-0.6901999999999999
-0.6723
-0.6811
-0.6955499999999999
-0.7777000000000001
-0.7122999999999999
-0.6649
-0.70695
-0.64785
-0.7386499999999999
0.22794999999999987
-0.76995
-0.76045
-0.6449499999999999
-0.2531500000000001
-0.6327499999999999
-0.69875
-0.6971499999999999
-0.7162
-0.71115
-0.7693
-0.68895
-0.7295
-0.7628499999999999
-0.7482499999999999
-0.72685
-0.7015499999999999
-0.6394
-0.7605999999999999
-0.6767499999999999
-0.6762999999999999
-0.7175499999999999
-0.6893499999999999
-0.6908500000000001
-0.63455
-0.71195
-0.63735
-0.6547499999999999
-0.5834999999999999
-0.70105
-0.28839999999999977
-0.5502999999999999
-0.6566999999999998
-0.5595999999999999
-0.5680500000000002
-0.82475
-0.6914499999999999
-0.7257499999999999
0.19349999999999978
-0.5147999999999999
-0.7383
-0.5532999999999998
-0.6928999999999998
-0.11460000000000004
-0.6159
-0.4166000000000001
-0.6871
-0.63565
-0.73255
-0.71845
-0.71155
-0.48955000000000015
-0.72865
-0.66065
-0.61185
-0.7319
-0.7721
-0.69225
-0.50475
-0.7065999999999999
-0.5367000000000002
-0.6448499999999999
-0.7205499999999999
3.098350000000001
-0.76645
-0.4022500000000002
2.5169000000000006
-0.6322999999999999
-0.5075
1.8690500000000023
-0.76845
-0.754
-0.6336499999999999
-0.5729000000000001
0.5376499999999993
1.1412999999999989
-0.68465
-0.70835
-0.08329999999999982
3.602700000000003
-0.6582999999999999
-0.5360499999999999
2.751500000000001
-0.17540000000000022
4.526050000000006
1.7367000000000008
1.0855000000000001
1.7422999999999993
4.5889
1.9651500000000004
0.2033499999999997
0.4917000000000009
3.385600000000002
-0.5572
-0.4579500000000002
0.34395
-0.6767500000000002
-0.6449
0.1559000000000006
-0.1448999999999998
-0.6561
2.0223999999999993
-0.68065
0.4409499999999995
-0.67405
-0.68485
-0.6846
-0.6996499999999999
-0.6912999999999999
-0.73645
-0.6674
-0.7317499999999999
-0.6942499999999998
-0.5193000000000001
-0.74775
-0.7021
-0.75005
-0.7211
-0.23580000000000012
-0.6370499999999999
-0.3550000000000002
-0.6166
-0.68265
-0.5039
-0.3255
-0.4690500000000001
-0.6336999999999999
-0.74815
1.6075499999999998
-0.69865
-0.72085
-0.6305999999999999
-0.6653500000000001
-0.6181500000000001
0.560349999999999
-0.054099999999999815
-0.5417500000000001
-0.75075
-0.5551
-0.5926499999999999
0.5461500000000004
0.25564999999999993
3.987350000000001
-0.1434000000000002
-0.7462
1.2757500000000008
4.278149999999999
1.5452
-0.0677500000000002
1.5340499999999988
0.9997499999999995
3.2530500000000018
8.200449999999991
-0.61765
3.130899999999996
0.39334999999999987
9.475399999999997
