0
45.83934074074081
49.28817777777786
43.63268148148135
44.73171851851837
46.1259444444444
45.148211111111074
46.64978148148148
44.01608888888879
44.52715555555573
45.81981111111104
41.85315555555551
43.564462962962956
29.76726296296301
42.94480740740748
25.104896296296292
6.268992592592589
17.01671111111111
43.025237037036995
40.61784814814803
43.68571851851834
6.595148148148168
42.70457037037035
43.98244814814797
42.246485185185136
43.5633518518518
43.76412592592587
5.241085185185193
36.39631851851843
44.01417407407409
47.41403333333336
43.23198148148159
46.24661481481483
43.933381481481554
43.50355555555562
46.3463518518517
45.35682222222217
23.915918518518566
45.15128888888888
45.634692592592415
44.25413333333329
47.04581851851859
45.13586296296294
46.186629629629614
45.57276666666659
43.4575925925926
42.85761851851861
31.07240370370375
50.28892962962957
47.80713333333302
47.92364444444446
22.752311111111116
4.778725925925918
43.10817407407411
45.752233333333415
45.574337037036976
1.5510111111111113
16.828759259259265
47.90668888888895
6.486137037037039
47.01271851851863
46.10493333333317
16.716237037037054
2.2708111111111102
38.34943333333325
47.1192148148148
27.07564444444449
45.47698888888887
48.51538518518508
14.210981481481465
45.35704074074065
44.25143333333335
45.955311111110944
44.57307037037058
43.743866666666534
45.97056666666658
11.222462962962968
49.263499999999894
44.84492962962971
43.55544814814818
10.660462962962985
47.54268148148145
18.27788148148146
42.95461111111112
44.35196666666668
46.68014444444445
37.05901851851857
16.258311111111112
44.28035185185172
46.135140740740674
8.944562962962978
44.568500000000135
44.711548148147926
46.37009629629632
47.189799999999934
45.66698148148132
41.49877777777775
43.882059259259165
15.587988888888873
44.16676666666657
47.26892592592571
47.14489629629616
45.38249999999986
2.924351851851852
23.20647037037036
44.404174074074085
2.34441111111111
46.38191851851834
4.001633333333335
46.95413333333318
8.287433333333349
45.6803962962964
28.07587777777787
43.66759629629636
44.87956296296277
44.85101851851856
31.473125925925928
45.397048148148116
3.7800555555555526
4.722251851851853
18.239662962962964
44.93511851851853
45.92562962962973
36.67803333333332
22.915622222222236
43.95405555555548
0.6982814814814806
33.38234074074079
48.72946666666664
12.951233333333336
42.33169629629611
48.33530740740723
43.5802592592591
43.7670296296296
19.688540740740763
47.55869259259254
42.74233703703692
27.235059259259362
47.719370370370456
45.7880814814816
45.35719999999988
44.24851481481464
43.70101481481466
46.192511111111145
44.94753703703695
46.10424814814829
48.98132962962981
45.48529259259265
48.108259259259206
46.77004444444455
44.853862962963085
20.353040740740745
44.62352222222215
46.72544444444435
46.69350740740723
47.92259629629628
12.659474074074073
43.18006666666657
47.6796629629628
45.68677777777771
44.91962592592596
43.324500000000036
46.39642222222227
45.48500370370372
22.270562962963005
48.349492592592505
38.01981851851852
46.25832962962952
0.08359629629629572
44.68736296296298
42.75413333333333
16.573751851851856
43.06487407407392
45.148425925925906
47.384270370370515
49.237214814814706
49.30254444444427
43.98591111111107
27.526822222222282
45.59586296296298
43.58511111111121
48.46503333333346
42.96748148148133
45.9197962962962
14.833114814814824
44.146162962962805
43.990540740740656
41.790496296296325
43.639603703703706
21.23903703703702
44.210692592592615
46.4644888888889
44.97885555555543
44.335696296296504
46.85655555555552
42.772266666666575
44.69062962962963
43.39152592592596
42.61729259259249
1.6900444444444434
41.411159259259165
46.02362592592586
44.44587777777768
37.989651851851825
44.39664444444447
42.95955925925919
41.32398888888885
43.93775185185177
44.40736296296286
20.172529629629707
44.608837037036764
39.98872592592596
24.90242962962972
45.126640740740676
24.84762962962968
21.80752222222222
45.03760370370369
46.8049518518517
43.15259259259269
47.75214074074058
42.56387777777794
43.284518518518524
24.76821481481486
45.59586666666651
24.656651851851905
48.45899999999992
44.14485185185163
45.672537037037095
44.2392296296296
3.4899814814814825
43.95552222222222
46.56707037037028
19.403840740740765
44.83404814814806
45.968577777777725
31.880062962962995
45.715677777777906
24.911359259259235
46.3380259259259
43.39344074074071
47.09278518518517
25.648896296296375
44.288459259259064
36.291229629629655
44.999181481481415
46.265474074073985
42.83674074074077
45.237529629629634
48.437833333333295
44.3371
47.346844444444514
35.567848148148116
31.42497037037039
40.13131481481481
45.57574074074082
42.67851111111117
49.73795185185173
24.595625925925997
17.528144444444465
45.53711851851846
46.62635185185173
45.14008888888893
46.16413333333326
46.149525925925936
31.18893703703707
31.235185185185223
11.103411111111116
48.61143333333328
43.562425925925666
45.43247407407389
36.62903703703705
47.497499999999995
43.28334814814819
19.986040740740744
50.09850740740736
9.330940740740736
13.23881851851852
46.55823703703702
19.762014814814837
45.94402592592592
46.79237777777774
48.96870000000006
44.544677777777615
44.73506666666683
45.592151851851845
46.73838518518516
46.859537037037036
47.626855555555586
32.976488888889
41.00391111111123
43.584455555555635
20.75047037037037
20.98087407407408
44.42520000000003
11.782377777777779
44.65894074074074
43.16008148148141
0.5431407407407407
47.34118148148132
48.21926296296287
1.0377481481481485
44.489570370370316
47.27468148148131
40.17958148148149
47.45010740740712
46.30548888888894
48.81652222222224
51.4281407407406
17.667996296296295
46.488770370370325
43.286651851851666
47.219233333333136
43.817059259259196
49.20642222222204
34.740092592592696
43.76157777777769
37.40040000000001
26.016725925925982
47.92269999999995
12.432837037037055
45.051759259259256
2.3650222222222212
45.60239259259245
43.3949777777778
44.685233333333386
44.83344814814814
17.158548148148174
42.30715925925916
11.750003703703708
7.144751851851867
45.16210000000001
14.514785185185179
45.614762962962914
20.30045185185187
44.23138148148138
43.076055555555456
41.88609259259258
17.006040740740747
45.12175185185176
44.96128148148144
9.17420370370372
42.06912592592587
41.84235185185179
41.3730740740742
6.32290370370371
8.812025925925925
44.86231481481483
44.51107407407402
44.241474074074105
14.273299999999995
46.51888518518516
44.06613703703698
8.170455555555558
44.089981481481516
45.10604444444437
45.198311111111046
43.09193703703709
10.09754814814813
43.50649629629631
43.40689259259255
50.08056666666649
44.4489555555555
47.65127407407396
45.24397407407404
45.45492592592585
45.63766666666679
46.763955555555505
46.972055555555464
49.394496296296296
44.23564444444433
46.82205555555539
46.00021111111112
45.69722592592597
47.12476666666665
34.852074074074054
16.86102222222221
48.5872518518518
54.37764444444431
45.65939259259256
35.887959259259404
32.99411851851856
41.11643333333335
44.71639629629638
44.31128148148139
42.040818518518556
46.30073333333325
3.504666666666668
46.382681481481335
45.81247407407419
43.363755555555414
46.274466666666726
43.421692592592585
46.22189629629633
47.43560740740734
44.925703703703775
38.37287407407404
9.573518518518522
42.019125925925884
38.94161851851856
17.470911111111118
23.675499999999964
44.893637037036925
6.580903703703702
46.43603703703701
41.946581481481516
44.20036666666676
44.01715925925908
42.99575925925939
44.81645925925927
14.488111111111104
43.233966666666554
43.39245925925928
44.49305555555556
43.12842592592592
31.034029629629707
45.037625925925944
44.19862962962951
46.61684814814806
45.74101481481474
36.934992592592515
36.55804814814811
32.05385185185194
39.67681851851843
27.494359259259333
44.302851851851926
43.4277111111111
3.8482925925925935
43.782711111111034
22.072777777777745
45.18759999999997
20.619625925925963
45.62212222222233
46.09654074074077
42.69782592592569
39.5970962962964
30.291500000000067
45.98607777777758
15.714103703703707
44.71985185185179
44.32435555555539
47.35329999999982
45.763337037036926
36.436222222222376
48.73523333333324
45.331985185185076
45.61307407407407
45.07201111111099
45.437907407407494
48.86177777777777
45.28081111111088
21.23029259259263
46.223659259259236
15.396625925925889
7.328185185185186
45.77822592592593
9.608314814814806
33.09401481481488
29.426622222222324
23.359085185185197
39.72994814814803
21.563562962962997
8.670074074074071
42.940885185185294
45.41335925925909
46.340422222221925
2.6519444444444398
46.539125925925944
39.96486666666687
44.152522222222046
50.234781481481505
44.03490370370357
49.5005592592591
43.51588888888892
45.19638888888888
22.613300000000024
43.67397407407387
45.24148148148143
46.91277037037016
43.7978259259257
39.15915925925932
46.38142962962944
46.8259481481481
41.641174074074065
42.80144814814817
44.3259333333333
47.223529629629645
44.54853333333322
43.67318888888879
44.50545555555551
43.46621481481472
12.20725555555555
45.00267407407393
44.14824074074069
19.376685185185202
45.727829629629504
27.52674074074078
46.69568518518505
46.17309999999982
43.077344444444336
43.11588148148133
33.00531851851863
43.28601851851834
33.664885185185206
47.12195555555552
15.641362962962955
42.512422222222185
46.2533333333333
43.34184814814819
41.32476296296297
43.133033333333344
43.94696296296306
19.981877777777804
45.87299259259249
42.29886296296294
1.5947999999999984
44.73951481481471
42.677599999999956
16.33742962962963
49.64431851851835
42.73749629629634
44.85207037037039
12.90651481481481
48.85657037037041
47.8898
36.340533333333255
47.887685185184935
44.509455555555554
40.30877407407395
47.21187037037052
48.392529629629486
52.100348148148136
45.28506296296291
10.99184444444445
48.28018888888902
50.50386296296276
23.835211111111143
46.44807777777766
49.21454444444446
48.09657777777774
43.65684444444428
48.45729999999993
32.476748148148175
48.98090370370358
31.979229629629714
46.29202222222225
46.61225925925919
47.94043333333333
50.068018518518485
42.46056666666666
46.061840740740784
47.19697777777767
48.41948148148165
44.44987407407404
30.9586407407408
48.85067037037025
49.89434444444415
47.70161851851855
46.71324814814814
44.9677037037038
48.412618518518386
43.19665185185167
48.38237777777756
49.41074814814798
47.32830370370369
30.19548148148152
46.89491851851849
44.86335555555558
41.588888888888974
46.79729999999983
46.934277777777794
43.85127777777779
48.476074074073956
45.803737037036996
47.78884074074073
18.444692592592585
48.216270370370175
45.866959259259254
44.10191481481482
46.01334074074089
39.943718518518466
16.24374074074077
46.74360370370359
10.39247777777779
44.72307407407403
43.29640370370371
45.509625925925924
15.299855555555553
46.94547777777748
37.804077777777756
21.6727074074074
43.997522222222116
44.35092962962973
46.17153703703701
44.59928518518524
45.40037407407401
9.367218518518523
44.50298148148135
48.10174074074065
44.61000740740731
45.38084074074077
40.501281481481385
41.839481481481464
45.24758888888883
47.82272962962961
44.07767037037027
46.3741296296296
46.26378148148134
22.36268518518521
48.04095925925923
27.025311111111186
22.385062962963026
46.128355555555444
47.25449999999994
45.37803333333331
43.375170370370185
47.4352851851852
20.995718518518515
46.30098148148137
49.33529629629613
45.585125925925695
14.477907407407413
17.072470370370375
16.645929629629634
45.05335555555547
27.788888888888902
46.964385185185066
43.70577037037021
48.65305925925916
45.88310370370371
45.12888888888899
45.692688888888824
43.737648148147876
12.768637037037044
49.044581481481394
48.77798888888881
46.734022222221846
48.56080000000012
44.922977777777824
22.7976518518519
45.09977407407407
48.4695407407406
9.80608518518518
31.969296296296264
45.51642592592595
26.293440740740795
46.816792592592826
45.4831037037035
16.98505925925925
15.50705925925925
46.30318148148169
44.18006666666651
48.00885185185182
47.601962962963086
43.31993703703706
47.436722222222116
44.02219259259257
