0
161300
166800
152500
155300
155100
151500
160600
153600
152700
156900
152700
151100
107900
152300
92600
25900
62400
151300
140800
149900
24700
152200
151600
154400
153500
148300
19400
125600
154100
165600
147100
158800
149800
150000
156200
154500
85100
153600
152800
152100
158000
151100
155600
158400
150100
149900
107200
166400
162900
160500
81300
18700
154100
157500
156700
11100
62800
161700
24400
163400
160200
59500
11100
130500
158800
95700
156300
162500
52600
158600
157500
154200
154900
153000
161100
40400
164700
155600
151600
43100
160600
66100
151500
155700
157800
131000
57000
150800
158600
32300
151200
157000
157400
156600
157900
145200
151900
56400
150300
161800
160100
153900
15800
82000
151400
11100
155300
17100
157500
30600
157400
99300
152000
151100
152600
110500
157000
17700
18500
64700
155300
158300
127800
81600
150000
6700
118100
163800
46800
152000
163100
154600
150200
69500
160900
159400
92500
160300
157900
153900
150700
148000
154200
154000
157000
163700
152800
160000
160500
151100
72200
151800
157800
160400
160100
46100
153000
161900
156000
156400
153900
157200
155800
83600
163600
131000
158300
3500
153800
149400
59000
151400
151000
160300
164200
165900
156900
97800
156500
151500
162900
144400
160100
53500
153800
150500
146600
153100
78400
155500
159000
155400
157400
160800
150300
152900
148300
155500
14700
141100
159100
150600
131900
152400
149200
145500
153500
151100
71900
154000
145600
88100
155900
93500
76200
166600
158900
152800
164000
147900
155300
88600
155700
86000
164700
156200
156700
150200
14800
149100
157600
66800
159700
156000
110600
153300
92500
156400
150500
159800
89900
151900
139400
155200
156800
147800
155600
165600
156600
160500
127300
109000
142600
158600
151500
167000
88900
60600
155300
158900
159000
160200
159100
110800
111200
40800
168300
151000
154100
129700
162000
148900
69500
165800
37100
47300
156700
72400
153700
158700
162000
150600
153000
156200
157100
156700
160800
115800
146100
155400
73900
75800
151200
45300
155900
149800
4700
160600
164600
5800
152200
163300
155200
160400
156300
165300
169400
62900
160300
150800
157500
154600
165300
128500
153300
129600
91600
159300
48700
154600
11400
152800
150600
154800
157000
59800
143800
45100
26600
151200
57200
153800
75200
152500
152700
150100
61400
150800
152500
31600
148300
148100
146000
26200
37600
156100
154100
154100
56700
157100
151300
31200
155200
152400
154200
148600
40900
152000
150100
166500
155400
159500
159500
153700
153000
160800
158100
165500
152400
158100
159600
159100
161100
116300
57300
167000
179400
158200
127600
114800
152100
152000
152500
149900
160200
15300
157900
154100
150000
155700
150100
154700
163100
153100
140600
36500
148300
136400
65100
83700
154000
26200
156700
152500
153000
154600
149200
151900
51600
155700
154600
155400
151000
107000
151000
152900
157000
153400
125800
135400
110300
136400
97900
150800
148800
15100
148800
80400
164700
72700
154500
155900
151000
141200
105300
161400
55900
156200
155400
162000
156700
130200
162900
154400
154100
154200
155000
164100
154200
71800
160000
56500
27500
156400
37300
115600
103200
81500
140800
72800
32600
151700
151900
154500
14700
156400
147600
151800
166000
150400
165400
150900
153600
81000
151400
155200
163000
151000
135700
158300
157000
148700
148900
149400
161000
154800
150900
150000
150700
44700
159500
155900
68000
158300
99200
157100
156600
149700
149800
117500
149900
122000
160800
56600
151800
154800
148900
148400
146700
151100
72300
155500
148400
8100
150700
148500
58400
166100
152000
154900
45400
163000
159300
130500
162500
155400
143300
157600
163700
170500
153800
39000
167100
170000
81300
164100
165900
164100
149700
162000
111100
161200
109700
159900
157300
162900
166100
155700
158600
161400
163300
156800
110000
165700
168600
160700
159700
155800
163400
153500
164100
167800
166600
106600
163400
160800
142800
159300
161400
150600
162200
154000
158600
63700
165700
154600
153400
153200
136400
61400
158500
39900
151400
150400
151000
55500
156000
134400
74000
151800
150200
156700
151700
151400
36500
152500
164000
157700
153200
149800
147100
156300
163700
152200
155600
160600
78800
162700
94800
78200
158100
164700
157500
152200
159800
71600
155200
165500
156400
52400
60400
61100
160800
96900
162500
154900
165400
155800
156300
156300
151600
46000
166000
164400
159900
162000
156000
80600
154100
161300
41000
114200
159100
91100
158200
153100
62800
62800
155200
153000
158900
161900
148600
159900
158200
