0
81.0551499999997
32.834489999999995
54.802683333333285
23.838491111111036
79.7354077777775
12.672896666666668
15.882072222222227
26.555104444444485
31.23672666666662
79.80026999999983
80.0855433333334
78.30521333333292
76.99990444444455
7.762682222222217
78.51230444444431
7.015956666666662
80.3330022222218
25.70122666666671
2.6006422222222216
83.91008888888868
40.5085777777778
78.12382777777756
28.28186888888885
12.114577777777779
77.59965555555561
25.455354444444414
76.03052777777754
67.34255777777766
42.31166222222236
23.69007555555556
78.66197999999999
34.222851111111105
77.5274255555552
14.691996666666693
76.54983111111129
39.59054444444445
78.97643888888862
54.60054333333321
44.35202555555554
52.78411777777783
6.676915555555557
74.17222222222199
78.18737666666645
74.7461922222217
41.33194555555558
68.1603711111111
32.65829333333337
81.93310888888867
57.049394444444516
75.76193777777789
18.658365555555534
16.694197777777767
31.04799666666674
48.73299222222237
24.93085444444443
76.62690666666668
77.71218555555544
38.617791111111124
76.63649111111104
78.10922444444431
45.95494333333322
80.79245555555538
78.76362888888893
79.96888111111117
80.14912888888863
79.13871666666674
77.02636111111094
58.56165111111105
28.66960888888888
76.3758633333333
79.11451111111097
17.744098888888907
78.80789444444437
33.49341555555551
39.45925888888879
61.25417333333352
35.83414555555557
77.46208222222207
79.36420777777742
59.377382222222145
77.68093888888872
77.53236222222255
76.16387333333333
78.12009111111092
60.939736666666604
77.85544999999996
77.91596111111106
81.07389555555498
35.391565555555495
76.99949222222207
77.82420666666647
78.06884666666664
3.9485644444444477
78.82068777777778
11.199273333333334
78.0490833333331
76.52716333333309
78.76823222222191
68.94425222222239
47.066626666666565
76.60478777777749
9.24163
78.51764666666661
78.07210888888888
42.51155777777776
37.537480000000095
72.03032666666684
73.8882533333334
40.670898888888885
73.54081222222199
54.67064666666667
76.39723555555548
76.79495666666651
13.045221111111113
3.1499777777777798
77.95785444444434
26.254863333333322
21.050406666666696
2.3437888888888887
76.8582244444444
77.38323444444427
62.3088377777778
26.838713333333327
38.695534444444434
29.81390555555559
38.74987555555555
76.40775999999993
63.53642888888885
16.15145444444443
20.616343333333354
13.675334444444422
44.41069888888894
78.27575333333326
81.60112222222219
75.87558888888859
76.99000444444427
3.7352866666666644
81.36769222222223
81.92192888888891
5.696194444444441
81.80876888888903
77.90484888888888
79.3860888888888
17.37342555555554
77.3738244444444
15.546586666666684
3.3599855555555553
25.054636666666617
79.04857888888871
18.91093999999998
14.593227777777788
77.35155333333337
27.589568888888877
24.379743333333376
11.164406666666666
37.229417777777854
76.62348333333327
62.45732777777766
16.352351111111123
76.56045555555542
80.92880777777737
65.81919444444416
32.380700000000004
78.4730522222223
77.96641222222196
12.615275555555572
22.027916666666645
77.64856666666684
25.283814444444435
79.10842333333316
76.68991555555515
29.170202222222223
23.837497777777774
33.11493888888892
36.715742222222296
76.32519999999992
79.30545555555544
78.47601444444426
33.23113111111114
78.95610444444452
76.93678999999977
7.870420000000003
66.61072333333328
69.21724222222186
36.640546666666665
82.08015333333344
79.2539900000001
76.61161666666652
68.09320777777756
69.71781444444431
81.98074777777782
63.57288000000007
56.42554777777777
83.90109444444441
9.744097777777773
47.64420888888895
22.392572222222235
64.2835222222222
79.35420444444426
36.77208999999998
79.76902777777762
80.7114299999999
24.47956888888885
80.1755722222222
75.68110333333324
77.49310888888905
18.78067999999998
79.931823333333
77.60978888888867
78.2332311111108
78.001282222222
45.70011333333328
35.55315777777785
79.3711744444445
23.970038888888904
48.008629999999826
78.38742888888856
79.50835222222189
81.32737777777739
39.29915222222221
12.518843333333342
14.949376666666657
76.40903111111105
79.63466111111121
81.99919888888904
32.928053333333374
31.02938444444446
60.915653333333516
67.15659888888887
59.98548999999999
77.62466666666653
77.83765999999999
79.14588999999965
1.7190077777777786
79.7700166666668
78.1217211111109
24.698896666666677
79.44656111111094
12.210194444444452
78.88278888888854
73.11315666666646
70.13391555555548
77.74545999999977
82.29516444444421
12.3994
76.29105000000006
78.8150688888886
78.71363444444462
79.3255655555553
46.47773777777778
80.50684999999979
79.0280566666666
74.49871111111119
82.60720111111098
78.75191000000002
58.48133999999999
80.80111888888884
80.75173222222197
79.09828777777751
69.48265777777758
80.59391111111096
17.05029666666665
14.669172222222207
23.246956666666666
77.10415000000012
23.412654444444424
74.56301333333312
79.65147555555558
45.8659233333334
69.98386222222227
76.77364666666666
12.865388888888893
71.39001888888889
79.99688555555522
79.80001777777748
79.54479555555498
78.75888666666644
76.48464888888883
79.2428855555556
57.59762111111119
76.17997777777755
75.9852033333334
81.26294666666686
76.82226555555539
10.617405555555543
22.331705555555562
75.72014888888901
55.16781333333325
76.07367888888894
6.523104444444448
78.70381111111092
81.13936000000001
79.62715111111109
49.59300333333325
35.56155888888896
8.149808888888886
67.46684777777764
81.63327333333302
81.6807177777777
81.00555333333322
79.10272666666665
60.33390000000001
77.5227988888889
60.575067777777726
79.7361855555558
48.91635222222212
78.0963533333333
81.04880444444441
35.17143555555548
28.615853333333337
2.4550555555555547
77.35826111111106
38.82755666666662
77.56434555555549
56.68274111111111
80.04663555555555
46.45466444444451
77.03374777777755
79.4407855555556
74.01997777777771
17.3301766666667
44.340945555555635
14.220550000000006
67.40612777777783
81.25133333333291
44.537938888888725
6.556297777777774
15.037094444444438
77.19232333333315
77.81590444444419
43.66783333333328
77.92368111111092
31.19215111111115
45.05704000000005
78.20633222222231
79.30231222222255
7.900598888888895
28.527494444444443
47.87513444444445
50.98208444444454
12.363273333333359
82.70213444444423
10.88033777777777
60.57200777777785
15.1342711111111
76.86477444444459
79.14337555555538
75.58096999999982
64.13569555555557
33.79481333333333
79.3983899999999
80.29949111111098
58.89311777777777
56.089307777777755
63.66216666666655
75.45533555555551
26.247864444444446
54.44922888888885
69.74370555555527
71.73616333333308
7.900792222222236
40.385512222222225
29.383603333333294
77.76371111111112
78.72330888888845
74.57756777777779
80.077681111111
75.05814333333329
78.20226999999986
78.0372988888888
24.96970666666669
78.61394222222226
76.51195888888894
5.33907444444445
77.54865444444431
77.60819222222229
9.46023111111112
80.92978999999995
40.034178888888924
79.59921444444429
36.684044444444496
62.80424333333335
46.572804444444415
3.121882222222223
40.34201777777772
79.53592777777746
18.836178888888913
77.55814111111084
62.52177555555545
77.2911122222221
62.252780000000044
77.96361777777786
77.75574888888839
79.54372111111105
40.37930222222223
77.38062555555531
62.3857722222222
79.62289777777768
4.621382222222216
33.32427111111107
77.52520888888867
44.55435555555566
80.58703555555554
81.79747999999991
79.8343144444441
78.83433888888895
55.394826666666766
72.14427444444433
31.84723444444443
66.47730444444426
79.97266222222204
78.83890222222213
81.20307000000011
78.33813888888864
6.457871111111104
56.63590333333335
26.806217777777746
77.05032555555533
10.567618888888893
80.50110333333333
79.1004477777778
61.92312666666663
76.79724444444433
77.17765666666668
77.7733077777776
28.473260000000007
55.844186666666836
43.07236111111105
80.01282888888902
82.92166888888879
77.0303711111112
81.98286111111075
79.02707777777772
66.20765888888891
77.17937111111098
3.622366666666667
76.33959777777778
20.32348333333332
61.37304888888888
76.16283222222219
74.8927522222222
78.15649111111088
76.50431444444436
77.25311777777765
75.0885222222224
6.641878888888888
75.8223666666668
20.990475555555552
26.872793333333327
80.34961222222192
81.52562444444419
63.63766333333311
78.71049444444394
11.253005555555548
61.104053333333304
79.13162999999996
78.88939444444438
76.74624666666669
36.15144666666666
28.85445999999993
77.83456222222222
79.75433888888854
15.311944444444443
76.93463666666683
75.66662999999993
74.79226111111099
11.20623444444445
46.084904444444355
75.61444222222231
69.59535444444445
68.86884444444429
74.48512888888878
74.26453666666646
32.34264444444443
78.26381666666639
76.32335222222217
27.931328888888928
80.2063677777776
35.17383777777781
22.202620000000007
40.48431555555545
77.03962777777758
76.19917888888891
76.51059222222199
76.21447555555538
79.50427666666654
79.48378777777792
77.3355899999999
23.653423333333343
77.06041666666628
79.73877222222184
6.889158888888893
78.97726444444443
80.600991111111
76.34408111111111
79.04783888888872
79.21167999999997
73.79198999999981
54.61472222222228
76.36842666666658
83.16764333333298
78.46058777777775
50.28679444444448
70.59044111111106
81.48402999999945
43.36407111111109
31.084244444444458
77.85554444444409
77.92961999999991
79.59984555555538
77.83931777777786
12.519820000000008
80.48178888888862
81.8975600000001
81.46000555555534
65.87416777777779
83.83637666666644
7.460945555555549
10.413768888888873
7.123769999999995
79.55610555555543
49.54978555555537
76.01632777777785
78.04811999999994
79.99801111111121
79.86862888888876
81.34656777777761
77.96861444444428
35.196065555555414
12.948975555555565
20.24024555555556
82.76495555555589
80.45932555555524
43.40752888888875
19.96370222222222
81.87065222222212
47.76826777777765
77.97836777777779
82.02026999999987
82.74960222222197
84.05732222222207
38.986212222222306
39.662598888888944
81.23076555555545
77.60330111111087
6.993323333333333
59.2158611111111
45.33199777777772
31.070058888888887
78.51885444444451
80.97782111111091
79.7450655555557
81.46619333333324
78.56905444444462
77.6771077777776
41.53215000000007
80.17260444444442
80.92424666666663
81.6350944444442
51.38695555555562
65.68128777777767
33.13378888888885
79.86062666666633
14.273111111111096
78.26509777777775
81.63616888888886
76.22508555555555
84.03120888888867
73.78887666666667
58.046268888888875
19.314748888888918
19.4145588888889
44.69890555555558
77.44722333333316
81.26275444444434
42.21736666666661
78.39222444444438
32.31870222222224
80.17997888888858
78.07463666666658
77.40917666666671
82.61278333333317
83.11920444444418
80.04765222222207
37.92659333333327
31.85346333333326
5.96003333333333
81.08213666666649
81.2689022222221
19.59516222222224
78.57231444444437
83.23805111111078
77.68239111111119
76.438512222222
23.003163333333315
77.58815333333345
44.28355888888891
76.74346666666669
80.59798777777792
32.02640222222224
79.15724444444423
60.25609666666676
82.05024444444396
78.1864055555554
81.06579111111121
42.25609222222216
80.23492111111109
79.9740222222221
79.425688888889
24.641021111111144
81.17743333333316
49.01040555555551
38.14332444444446
80.57497888888875
80.82670444444422
79.81372888888887
23.018169999999976
78.74658111111098
33.45153
82.5970099999996
30.54623222222213
40.202452222222085
77.95571222222229
17.599339999999984
77.93022555555558
79.00654444444439
15.732288888888885
32.65294333333329
76.42595333333351
78.32285666666637
20.59071555555556
76.02446111111108
63.910062222222365
77.42352666666655
62.12950000000012
22.931884444444467
80.34901777777742
38.46661777777776
74.48638999999967
17.923377777777766
80.63910666666638
78.65265555555555
78.90587222222209
80.40705222222246
81.62794555555551
70.80626666666645
79.89907444444427
34.19598333333329
28.688277777777763
78.00281444444434
78.5433755555557
68.54630999999995
81.13697777777756
76.02689222222229
79.44374222222213
78.25927777777777
46.600048888888935
80.37725999999978
7.392128888888887
34.88862555555563
82.41692777777759
80.56096555555544
79.10345111111099
81.5556633333334
1.0205855555555567
3.4564911111111067
80.2243644444444
84.1315944444444
22.993771111111144
81.8755599999997
80.6616866666667
79.12872555555549
64.31565888888883
85.6827355555556
82.40078999999983
82.15125777777754
84.62582777777746
43.4648455555554
78.22271222222201
66.73549666666665
82.69946888888856
44.13818222222226
83.85854222222233
19.177706666666676
76.01784000000002
80.70974555555541
81.97773555555548
81.81958666666645
80.32808999999999
15.180615555555562
24.845363333333378
76.74567777777771
12.490136666666661
66.15061666666666
64.22104111111108
37.93252555555549
81.8566555555553
36.224107777777824
80.13403222222225
60.34661666666681
4.076973333333332
40.99080666666674
66.08896
12.544788888888885
14.29201666666669
83.73131111111114
77.2195688888889
24.802903333333344
79.12404222222196
80.02566888888865
77.78021999999972
79.17271333333287
83.16159333333309
81.1037811111108
78.60364222222202
77.52868111111081
52.84017666666651
18.594897777777778
77.23979444444402
45.65286333333325
36.25929666666663
79.192281111111
77.99596999999967
80.82529777777738
15.873018888888897
74.15963777777768
25.188556666666656
81.8978411111109
2.775537777777777
78.7985111111109
78.15310777777775
79.0113211111111
80.94777555555555
81.82028888888847
51.05242666666676
26.196203333333298
81.18154888888888
76.22827777777756
77.45014666666658
78.19370111111085
22.365085555555535
81.1002011111108
80.44534000000004
7.741758888888887
55.31866222222227
23.544922222222215
4.369450000000002
80.45997666666665
78.88279111111089
37.44774555555553
44.03315999999988
80.62478444444434
72.94662777777773
75.35793555555541
51.730301111111004
44.116281111111185
76.14497333333344
58.387686666666546
59.649122222222154
81.50869000000004
78.9024977777773
79.6629266666666
41.31285666666664
76.0964099999999
61.90032666666668
80.74010444444457
79.33369111111128
78.34715555555556
57.52846777777766
80.88100555555557
78.2354244444441
78.55178555555528
79.39725111111079
80.62502888888869
80.37851666666661
75.78299333333308
38.72167888888894
80.13483333333333
79.80450999999992
10.912349999999988
27.539150000000024
48.74688111111127
77.25224333333323
79.06369666666654
80.64812666666634
77.930421111111
56.81818555555561
62.441472222222075
79.9635155555555
77.6227155555555
80.6205077777776
59.073670000000064
6.081168888888892
82.40504333333308
11.448165555555555
22.885036666666668
78.93222333333301
24.165076666666724
80.8701266666664
76.62722222222222
10.54079777777778
33.74890000000001
75.37676555555518
76.54150444444454
71.78508777777783
77.10405888888904
35.42971666666663
55.04242222222217
76.3258866666664
77.43857111111089
76.19578222222222
38.97589555555552
52.03230666666672
25.360263333333315
78.14779333333335
21.14160555555553
76.60029888888873
79.19578666666641
77.33711333333326
79.33341666666666
76.72489999999992
77.21318333333298
26.09285111111109
67.81388111111119
81.38965666666667
81.00707555555555
69.79885666666674
12.006899999999982
78.09716555555553
34.64311222222228
48.82876888888871
79.84326222222246
32.225781111111154
17.30703888888892
80.57352666666665
3.079559999999999
80.5553177777775
52.81768111111101
75.22157222222229
80.50415777777756
81.40788777777814
78.93878666666649
76.36417111111138
22.558606666666673
83.96329444444436
3.936682222222223
44.44351444444443
78.59712777777781
22.42374444444446
21.82092999999998
81.43903444444419
54.34024333333339
13.401924444444443
77.50209888888868
30.37507999999995
78.20186888888878
27.094868888888925
77.17983222222205
76.77809111111108
78.70790333333323
76.2160822222222
58.943528888888984
81.5989688888888
82.5756988888883
8.53580777777777
19.276091111111146
82.10925333333303
75.21170555555554
77.81861777777776
14.884436666666677
76.67001222222235
79.31676222222207
16.227146666666656
