0
152100
62100
102300
45200
149900
24600
31000
52100
57900
150300
151800
147300
143900
15700
145700
13800
150700
48000
5800
156400
77000
150800
55600
23000
150400
49400
149000
127400
79600
45100
147600
65900
144100
28200
146000
80900
146500
105000
84700
104900
13600
140800
148800
139900
79300
131600
63600
154600
107000
142700
36100
32000
57900
93100
46700
143400
150400
75800
142400
143900
91500
152200
149200
148700
148300
148800
144200
110000
54700
143700
148700
34900
148400
65800
76300
117600
66700
146200
149000
116500
146500
147100
148200
148700
116400
144900
146000
149500
69400
143500
146100
145200
8900
150800
24000
147300
142800
146200
131800
89400
140900
18000
147900
145600
81500
71100
140700
141900
76300
142600
109200
145900
145200
27200
7700
146600
51000
39900
5200
145700
150200
116600
52800
73700
59500
73000
144000
119500
33200
39300
28700
85300
148200
152500
147400
143900
7500
153400
151900
12500
156400
146500
149200
33400
145700
30000
7300
48000
148300
37800
28400
146400
52000
46500
22800
70700
143700
120200
33500
144100
150800
129500
62100
147100
146200
24400
42600
145200
48500
148200
145000
56200
47300
62800
69700
144900
146800
148400
62300
152000
145800
16200
130200
132700
69600
154500
152100
141600
131000
134900
153500
118800
110300
157400
19400
92500
42700
121000
149300
70200
149000
151200
47500
148000
145500
143800
36900
149100
148300
145100
148000
87000
68000
147500
47500
91800
147400
147100
152600
76900
26700
29100
142400
149600
153700
61800
60200
114000
127600
114300
147000
147600
146700
4100
148800
149600
48000
147800
23300
146500
138000
132400
144900
152900
25200
144000
146500
148400
148600
88700
149400
147900
141500
154100
147600
110700
150100
150700
150800
129200
153200
32700
28300
45300
143100
44000
141900
147700
87000
133600
145200
25000
133000
147700
149900
149500
148800
144700
150400
109100
146300
147300
154200
145900
21700
44200
144700
105000
146500
14300
149600
155700
149600
96900
68200
16000
126500
151800
151700
152700
150600
117000
147400
113900
148600
91300
146400
150200
67600
54600
5500
144200
73200
145000
106400
149500
93500
145400
149500
136400
33600
86500
27000
130100
150000
88000
13100
28700
146400
145700
83400
146000
62300
86400
150700
148900
16000
53900
95300
98000
23100
153800
21200
116600
31700
143900
146800
142200
120700
65400
148500
150500
110300
107600
122700
144100
50300
103300
131500
136500
16600
76900
57300
146000
147400
143600
148700
143700
144900
146500
49800
149800
146500
10700
145700
149800
19100
154800
75400
149300
69200
122100
89000
6700
81500
149900
36700
144200
117100
148000
119700
147200
145600
147800
81400
146800
120100
148100
9400
64100
151000
87400
151300
153000
149300
145600
109200
138500
61100
125900
150700
148000
151200
148300
13700
107700
50900
148600
20500
151800
149000
118200
144800
143400
146300
53100
105600
82100
150100
154600
147800
151400
148100
124900
143300
7500
145400
42900
116800
145300
142600
147800
143000
147200
142600
14200
144300
39700
51000
153400
152000
121200
147500
23500
118500
149400
149300
145200
68700
54900
144400
148300
29600
149700
142200
141500
23300
87200
141700
132200
129500
141100
139800
62900
147900
143500
53800
149900
67100
42300
76600
143600
143800
145300
145000
150600
149900
144900
48300
142500
148900
15100
149300
153200
146900
147400
149400
139500
103900
144300
157200
147200
97100
131600
150300
83900
58400
143000
146700
147700
147200
23400
149200
152100
151300
124700
156000
14500
21400
14400
147700
93700
143600
149400
150500
150100
150800
145700
65800
25300
38800
154900
148600
81700
38200
154300
90500
148100
152100
152500
158800
76000
74500
149500
145100
15000
112700
86900
58300
147500
149600
148600
150900
150200
148100
78300
150200
151500
154700
94600
125600
61000
148800
28100
145400
151000
146800
154600
137100
109600
36700
38500
85600
148200
152900
80400
147500
66100
151000
147000
147000
152700
155600
152500
71700
60000
12300
148800
151600
36400
149300
156800
147800
142600
44700
146400
84400
149700
149900
59800
146600
114600
152900
145900
154100
80500
149600
148900
152800
47900
150000
91000
72800
148300
151100
149200
45000
148700
64800
153900
58000
76900
148000
34200
146800
146600
32200
62700
144600
147000
38800
149600
121900
146100
118800
42200
148100
73400
139500
33800
152400
148600
149800
148900
153100
131700
149300
65400
54500
151100
148600
129600
153500
145300
148900
146300
86200
150300
15100
65800
154400
153100
150500
150900
2800
7400
148400
154700
44300
152100
151500
150400
120400
158500
153000
152600
157100
81100
148000
128100
153700
83200
156100
36300
144900
149500
154900
153300
150300
29800
47400
145400
23700
125400
119000
73000
154000
68900
149800
114600
8700
76800
126000
24100
28200
156800
144700
48300
146200
149200
144900
150900
157200
149600
148000
144200
102000
35600
147500
86100
68700
149600
149400
150800
32200
141800
48000
152300
5900
148700
149000
149600
153100
150100
96600
50100
152800
143600
145200
148700
42400
150500
148500
16000
105700
48100
9000
150600
146900
70300
82800
153800
142700
143200
97400
83900
143700
110100
113800
153000
146300
150600
78600
144000
114600
151100
147800
149500
108500
152200
145700
146800
147800
149200
151500
143700
72700
150000
148500
21600
52200
92000
143700
148800
151500
146000
106300
120100
147700
147700
149000
115200
12400
151800
23500
45300
146400
45300
152400
143500
21200
65700
139600
145700
136400
146500
67800
106600
147000
145100
143500
74800
99300
47400
147300
42400
147400
146100
147300
146100
144000
144600
50600
128000
151500
153100
130800
23400
146800
65200
90700
151600
62300
34900
149700
7200
152600
98300
142600
153500
151700
147900
147800
43500
155600
9400
84500
147200
42200
41400
152000
104100
26000
145600
59400
150100
52000
149800
144200
145500
142600
113200
154600
154600
16700
37100
153600
142300
149000
29100
145300
147100
31800
