0
-1.8909259259258857
3.725870370370406
-2.4951481481481497
-4.021333333333326
-8.936592592592563
-9.5559074074074
-2.845499999999985
-3.1474259259259165
-6.667074074074052
0.8066666666666837
-1.8811481481481067
-9.874222222222224
-2.58953703703704
-3.6672962962962985
-3.2825000000000046
-4.830203703703681
-11.094092592592595
-5.982611111111082
-5.439462962962968
-3.0387592592592383
2.3189259259259662
-2.4406481481481315
-10.13983333333334
1.259388888888902
-9.352018518518491
0.14888888888890128
-7.3122037037036725
-6.558851851851826
-4.966407407407393
-2.340481481481458
-7.305277777777758
-8.096277777777752
-6.662462962962958
-3.549370370370353
-1.2903518518518307
-5.318240740740743
-3.538037037037014
-5.683185185185162
-6.641185185185191
-17.51390740740734
-4.410148148148151
-10.362592592592568
-14.168222222222234
-4.8463888888888516
-6.931685185185167
-6.714092592592549
-5.607277777777783
-9.540018518518494
0.2573703703703798
-2.3354444444444358
-2.2206666666666655
-8.135870370370345
-6.022277777777759
-5.063277777777753
-1.8850740740740601
-0.9428148148147849
-8.258222222222185
-6.514685185185129
-7.765388888888844
-11.91496296296294
-2.555666666666654
-12.744148148148096
-3.577592592592595
-5.915574074074061
-7.821870370370334
-1.615537037037023
-17.611333333333338
-4.506722222222223
-21.399037037037047
-2.6888333333332928
-9.207203703703684
-5.733388888888894
-7.434222222222174
-5.813740740740738
-4.830296296296298
-0.3855555555555217
-5.109833333333331
-12.637481481481412
-7.5559259259258855
-0.7180555555555581
0.19022222222221963
-16.119185185185152
-13.750462962962965
-4.7967777777777805
-5.119444444444428
-5.8461666666666225
-10.993074074074066
-20.847259259259268
-0.1661296296296113
-3.662277777777762
-16.54216666666661
-5.433203703703681
-4.919499999999985
-8.274370370370374
-13.925814814814784
-3.1258148148148215
-8.275203703703681
-1.1856666666666702
-1.3581666666666359
-4.526277777777778
-8.785370370370337
-8.623259259259271
-1.007574074074093
-20.822018518518487
-8.790037037037
-5.489092592592596
-3.907499999999966
-4.407203703703706
2.5997592592592875
-1.6410740740740428
-6.525351851851853
-5.725148148148133
-1.3945555555555331
-10.513907407407412
-5.430148148148094
-10.973814814814816
-2.958203703703676
-3.070388888888892
-6.391351851851809
3.309481481481506
-5.368999999999973
-10.757296296296314
-5.372018518518505
-16.00387037037034
2.8994259259259736
-3.7594259259259077
-4.488796296296302
-3.6580555555555248
-10.645740740740697
-7.577740740740698
-3.9557777777777803
-10.100629629629635
-0.6012037037036779
-5.206499999999987
-7.2785370370369975
-13.567833333333319
-3.6117407407407414
-2.5539259259259257
-9.557481481481428
-5.762518518518495
-8.240722222222225
-3.079500000000009
-2.8903888888888885
-1.5998333333333368
-7.661351851851801
-6.15459259259256
-4.505111111111116
-2.063425925925893
-17.89279629629628
-3.853537037037041
-6.840870370370374
-7.374592592592559
-6.379351851851857
1.0779259259259382
-5.121407407407416
-7.6075370370370425
-5.729574074074057
-1.1060370370370014
-4.865018518518518
-13.486499999999973
-6.57388888888889
0.679259259259301
-3.271370370370378
-5.587962962962962
-4.622259259259209
-5.398925925925894
-9.30759259259257
0.9352777777777908
-6.570629629629603
-1.0881481481481567
-8.104703703703693
-1.2936481481481192
-7.8658888888888665
-7.8071296296296016
-2.595796296296306
-0.9684259259259339
-5.646037037036985
-3.777166666666626
-3.1494999999999744
-2.7250740740740387
-3.7191296296296272
-7.27233333333334
1.408981481481495
-0.9605925925925735
-0.46844444444445044
-6.067796296296275
1.4468518518518674
-0.43262962962960805
-9.99511111111112
-4.740499999999999
-8.457740740740709
