0
148700
154900
10400
123300
157700
82600
153900
154100
113200
158400
156200
107400
26900
34300
137700
149300
71300
150900
40600
107300
151000
148100
36900
153600
160600
153600
152000
146200
150100
155300
154500
151800
86500
112400
151600
41200
151100
153400
99400
152800
7700
146900
112800
162300
69700
146900
76200
144400
160300
152700
160200
150200
149100
154500
156400
159800
150600
148000
148800
151300
154800
148100
149600
115900
120500
143000
150300
150600
43100
153000
138500
48900
158700
65500
18100
160500
153000
141800
108200
155100
154500
156100
151300
35700
150000
152100
151000
150500
157600
149100
146700
149300
156600
31400
149000
62600
100700
111600
149400
3300
112400
69500
145600
149800
148400
25400
153900
14300
149200
91600
30100
148100
144300
106900
158900
65300
152000
32700
154300
152500
137700
47800
60700
158300
161800
162200
34300
155100
154600
157300
24900
149500
98000
151200
159200
104400
146500
51500
149900
144400
107400
148500
70500
153000
146200
149600
53700
146000
77500
40400
158300
155000
151600
151000
142000
86300
121300
151100
152500
108000
19200
160000
152900
46000
158600
151400
144200
156000
154900
91400
149300
161600
146100
149500
153100
151400
148400
149400
151200
153700
106300
31500
155200
163100
155400
101800
153500
163000
53700
102600
162700
