0
-17.16
-15.01
-6.609999999999999
-12.979999999999999
-13.11
-11.57
-8.690000000000001
-13.559999999999999
-12.629999999999999
-8.31
-14.8
-12.91
-16.92
-17.659999999999997
-14.410000000000002
-13.879999999999999
-12.77
-10.91
-10.069999999999999
-15.88
-9.2
-5.61
-8.850000000000001
-10.219999999999999
-13.66
-15.969999999999999
-10.07
-14.15
-11.54
-11.54
-14.07
-11.420000000000002
-8.76
-18.03
-13.590000000000002
-9.23
-18.3
-16.77
-9.51
-12.290000000000001
-16.43
-15.360000000000001
-14.200000000000001
-7.900000000000001
-12.02
-11.840000000000002
-14.119999999999997
-15.51
-17.2
-15.659999999999997
-9.08
-11.819999999999999
-10.360000000000001
-13.900000000000002
-11.650000000000002
-16.36
-12.590000000000002
-7.9399999999999995
-13.96
-12.149999999999999
-14.63
-15.270000000000003
-13.7
-18.279999999999998
-17.03
-12.100000000000001
-15.21
-13.17
-9.4
-12.810000000000002
-14.100000000000001
-14.029999999999998
-13.09
-6.8100000000000005
-14.900000000000002
-9.219999999999999
-8.24
-11.22
-11.07
-10.55
-12.250000000000002
-17.419999999999998
-15.3
-16.529999999999998
-13.91
-11.979999999999999
-11.523076923076923
-17.21
-17.019999999999996
-9.870000000000001
-8.45
-9.580000000000002
-12.459999999999999
-9.5
-13.790000000000003
-13.18
-9.379999999999999
-18.34
-9.62
-15.960000000000003
-11.38
-11.66
-12.88
-19.05
-18.639999999999997
-10.68
-14.59
-14.620000000000003
-10.66
-10.38
-11.570000000000002
-17.189999999999998
-11.959999999999999
-11.379999999999999
-13.559999999999997
-16.119999999999997
-9.760000000000002
-15.000000000000002
-9.700000000000001
-10.04
-11.68
-14.3
-12.18
-14.04
-10.510000000000002
-13.13
-15.079999999999998
-8.8
-9.899999999999999
-13.200000000000001
-14.389999999999997
-10.09
-15.339999999999996
-13.719999999999999
-10.76
-15.429999999999996
-15.46
-17.119999999999997
-14.770000000000001
-13.440000000000001
-14.54
-7.78
-10.04
-14.279999999999998
-12.14
-9.610000000000001
-13.56
-14.65
-17.09
-14.869999999999997
-14.13
-8.29
-18.060000000000002
-13.709999999999999
-10.250000000000002
-11.620000000000001
-15.010000000000002
-8.280000000000001
-7.800000000000001
-16.15
-12.100000000000001
-11.980000000000002
-11.19
-14.839999999999998
-10.000000000000002
-9.68
-9.799999999999999
-15.049999999999999
-13.680000000000001
-8.580000000000002
-12.0
-13.530000000000001
-14.379999999999999
-19.970000000000002
-11.19
-9.42
-17.750000000000004
-18.220000000000002
-15.759999999999998
-13.899999999999999
-11.079999999999998
-10.03
-12.01
-13.979999999999999
-12.32
-13.01
-15.43
-10.110000000000001
-14.11
-11.290000000000001
-17.02
-12.19
-12.830000000000002
-15.76
-15.159999999999998
-13.280000000000003
-15.069999999999997
-13.799999999999997
-8.490000000000002
-14.25
-15.53
-11.78
-15.390000000000002
-11.659999999999998
-18.66
-12.3
-12.379999999999999
-11.09
-13.78
-9.959999999999999
-10.57
-17.779999999999998
-12.33
-17.44
-12.410000000000002
-14.999999999999998
-15.28
-16.91
-15.920000000000002
-11.08
-18.32
-15.260000000000002
-12.543076923076923
-12.11
-10.06
-13.999999999999998
-13.659999999999998
-15.830000000000002
-13.82
-13.379999999999999
-20.6
-14.23
-18.619999999999997
-19.24
-13.01
-8.040000000000001
-17.400000000000002
-11.120000000000001
-15.540000000000001
-13.91
-5.74
-14.2
-13.489999999999998
-14.619999999999997
-15.839999999999996
-9.62
-16.26
-14.129999999999999
-17.669999999999998
-13.56
-8.08
-10.010000000000002
-9.03
-10.890000000000002
-16.810000000000002
-13.31
-12.69
-15.77
-9.17
-12.49
-13.639999999999999
-16.9
-9.21
-11.08
-15.930000000000003
-11.74
-13.01
-15.879999999999999
-11.09
-13.209999999999999
-15.4
-17.31
-9.63
-11.46
-15.12
-13.170000000000002
-9.819999999999999
-14.470000000000002
-10.8
-15.350000000000001
-10.57
-13.549999999999999
-17.64
-14.620000000000001
-12.360000000000001
-9.98
-12.409999999999998
-10.459999999999999
-14.48
-8.2
-15.370000000000001
-14.07
-13.750000000000004
-12.74
-8.030000000000001
-9.93
-11.620000000000001
-10.53
-16.35
-15.59
-11.830000000000002
-12.4
-12.61
-12.39
-16.090000000000003
-14.94
-11.920000000000002
-10.580000000000002
-13.590000000000002
-15.240000000000002
-10.290000000000001
-11.7
-12.08
-13.970000000000002
-14.700000000000001
-11.479999999999999
-13.61
-10.17
-15.27
-10.81
-12.0
-10.02
-11.489999999999998
-13.65
-13.329999999999998
-8.42
-15.159999999999998
-10.06
-11.35
-16.700000000000003
-8.45
-13.900000000000002
-15.229999999999999
-12.09
-15.4
-13.390000000000004
-14.48
-14.410000000000002
-7.95
-9.41
-9.77
-18.06
-9.75
-16.85
-14.399999999999999
-12.83
-19.009999999999998
-14.149999999999999
-14.830000000000002
-15.140000000000002
-11.809999999999999
-14.299999999999999
-11.139999999999999
-11.89
-18.23
-11.18
-18.550000000000008
-13.05
-15.06
-15.459999999999999
-12.33
-14.52
-15.629999999999999
-11.21
-17.18
-12.6
-13.760000000000002
-14.033076923076926
-7.73
-13.879999999999999
-13.270000000000001
-12.280000000000001
-10.120000000000001
-12.270000000000001
-15.240000000000002
-11.66
-13.440000000000003
-12.620000000000003
-12.37
-12.239999999999998
-9.68
