0
99.6683500000003
42.89877692307696
7.5156769230769225
4.921634615384615
51.65155000000004
3.877357692307691
85.26023461538472
25.103430769230766
39.786757692307745
22.559988461538435
17.75847692307688
73.11108076923105
68.46160384615392
49.74360384615385
26.68532307692303
17.453688461538505
46.1403423076922
31.173569230769168
80.8329000000004
44.85742692307689
30.802542307692274
21.535973076923103
4.010488461538461
16.331315384615404
30.92430769230768
27.10866153846151
17.077930769230772
39.32107692307692
10.924238461538462
33.74127692307687
38.98582692307693
102.17240384615401
37.33110769230775
6.148207692307693
97.95718846153872
81.26390769230788
26.588311538461507
20.00467307692309
41.624130769230746
98.84628846153856
74.6528423076924
61.910450000000104
33.41335384615381
12.861657692307688
20.687934615384624
11.391173076923074
36.17061538461537
71.3427038461539
26.34264615384614
3.87019230769231
38.02334615384616
55.27013846153849
18.793188461538456
48.391507692307734
25.76488076923077
18.187388461538433
98.95387692307726
25.898950000000024
30.313038461538525
50.405373076923006
98.25053076923074
100.72877692307719
46.13240000000007
30.52474230769236
61.91656538461544
46.35714999999999
10.404573076923086
99.12820769230814
98.7408615384614
99.70569615384606
96.6694384615387
10.122730769230763
7.7089384615384695
40.56171538461554
11.82325384615386
39.014480769230744
18.270603846153826
19.31731538461537
97.12628076923093
43.82058846153857
88.73421923076982
46.61888846153854
50.82585000000012
9.855138461538465
101.74179230769256
34.96322692307692
100.59971538461568
97.97053846153874
22.908226923077
16.034903846153846
25.551188461538473
4.330023076923075
23.85720769230766
44.529638461538475
7.205526923076919
12.011184615384625
6.200957692307693
16.32456538461538
25.935803846153934
11.542342307692303
3.952419230769234
24.42171923076921
48.30941923076923
84.37527307692304
52.551457692307686
18.466784615384608
30.911980769230734
32.35119615384618
35.46693461538465
7.465203846153846
50.311796153846316
45.532003846153984
41.33092692307703
16.45333461538459
98.24832307692327
23.802965384615383
61.293023076923184
28.10266153846156
27.02310384615382
3.622823076923077
69.37294230769247
86.0411269230773
88.48524615384629
6.522976923076916
98.39354230769284
17.893780769230787
57.700407692307614
35.99971538461536
58.2689692307693
43.31744230769244
10.36660384615383
22.45905769230763
10.851730769230771
97.60120384615395
99.69072307692339
98.65925000000043
67.82681538461554
30.043065384615378
46.497838461538464
66.24225769230775
59.17449230769251
16.989073076923077
10.728330769230768
47.89093076923082
101.55630000000029
6.7930346153846175
101.1564346153849
102.52648461538539
21.093219230769233
17.69113846153846
18.471438461538455
59.30885769230773
32.43250769230765
103.09784615384667
14.44941153846154
22.895538461538422
80.40195769230783
36.46627307692305
3.6126769230769247
31.278834615384618
69.85327692307712
26.21121538461538
98.60364615384668
55.270161538461764
10.062534615384623
19.121111538461573
6.9824307692307634
23.45000384615382
47.710646153846085
19.319234615384655
9.124069230769232
23.274930769230746
13.629815384615378
13.193819230769222
101.67797692307708
96.19376153846176
98.96897307692295
91.01487307692322
99.58230384615426
18.66638076923078
93.65114615384645
34.72193461538469
9.806211538461547
55.62481923076945
7.132399999999999
33.3647038461538
8.910130769230774
10.071626923076918
97.5477846153849
100.51433846153846
23.499115384615354
73.49263076923101
49.51937692307694
7.180596153846155
23.320661538461557
22.29866153846152
59.02438846153849
13.496076923076908
36.112884615384544
5.516276923076922
57.7082730769233
17.971276923076942
45.283699999999996
9.159546153846147
70.80841538461553
58.89319230769236
23.093576923076874
71.11544615384621
8.203876923076917
29.992349999999984
99.99467692307734
95.50686153846198
23.361423076923053
99.53796153846194
28.15164615384623
93.45820384615432
75.40590000000014
98.70790384615374
75.58655000000026
15.29868461538463
16.80885769230768
32.024061538461545
14.373973076923068
36.23350769230763
40.88887307692301
32.542992307692295
41.54873461538453
48.57250384615396
100.66455769230802
28.901046153846114
40.8578307692309
10.161623076923068
101.11157307692352
80.33760384615387
45.29357692307705
18.912334615384577
85.07571538461544
16.30687692307693
17.256096153846123
3.521876923076926
27.068173076923046
47.85832692307719
24.0794846153846
60.8455730769231
94.5552923076925
41.51135384615394
21.221792307692272
47.211300000000094
51.81033846153847
16.484746153846142
63.31000769230768
104.35629615384644
37.00796538461542
20.372396153846136
65.42167307692318
99.76616923076942
86.44598846153855
54.419065384615415
20.845226923076922
101.1233769230769
99.43207307692329
31.974546153846198
8.307203846153856
69.23880769230783
39.57425384615396
55.46623076923094
68.34631923076954
38.51665000000004
101.57370000000044
11.184050000000008
93.9639192307693
99.37368846153859
99.33014615384589
100.60681923076977
99.2917115384617
13.982330769230769
13.495076923076908
13.182149999999986
28.615107692307657
100.22133461538489
46.07494230769226
23.172503846153898
17.75144230769232
9.896303846153845
45.37111153846148
98.62589615384613
76.26157307692294
100.21882307692309
78.93106538461551
20.21826923076927
50.20119615384619
42.06109230769229
36.8492038461538
97.52463846153867
9.19527692307693
84.51081153846158
3.361830769230769
45.239415384615484
17.318534615384625
12.175957692307678
14.254180769230784
16.70533461538463
34.35295384615376
7.351623076923076
99.31674615384631
41.44688846153858
29.1733615384615
82.89923461538481
47.530757692307645
32.320265384615375
24.812134615384615
17.761392307692343
73.73638461538481
87.12754230769235
13.800715384615396
68.86366923076913
100.85101153846192
52.08803846153858
86.87593846153874
18.263599999999965
87.49568461538486
38.65623846153851
103.38036538461567
17.208203846153836
59.245299999999915
58.582119230769386
67.56875769230781
103.82361153846213
30.624600000000044
43.707653846153896
65.9696346153847
42.92613076923082
14.182238461538432
53.68882307692302
28.348165384615438
101.97076153846211
83.19635384615393
6.854669230769236
3.3554269230769247
99.51313461538493
37.58048461538463
100.35005769230803
8.183634615384614
92.22399615384623
6.7933846153846185
98.15655384615391
10.630723076923058
6.8897807692307635
48.796565384615384
35.62899999999995
99.72864615384637
72.72741923076944
99.11724615384631
13.679942307692283
75.40640384615405
30.081865384615355
58.2425538461539
17.45398846153849
73.79964230769248
86.4367769230772
49.93098846153839
42.07190384615404
4.142511538461538
8.653096153846151
25.904284615384586
99.49774615384646
26.163165384615393
71.1277307692308
86.2318153846153
25.85181538461537
29.884150000000055
63.177569230769365
87.46950384615398
98.64415384615414
100.0456807692308
21.91193846153848
13.730107692307683
99.81119615384635
37.179346153846076
98.86335000000005
62.25341153846154
99.04846538461507
46.77317307692303
5.226080769230774
26.62250384615387
48.303599999999975
60.96697307692295
67.78185769230791
79.98629615384638
19.327603846153817
102.9628769230774
8.232219230769234
66.55608461538476
99.08780384615366
11.280365384615397
5.831196153846153
56.57150384615384
18.70935384615384
93.42815000000024
91.63350000000015
16.66252307692309
47.244130769230765
52.98034230769229
80.73265769230787
12.36491923076924
32.31360384615383
74.38174615384641
26.243099999999988
99.83362307692346
32.64147692307693
99.1794499999999
79.59279615384614
15.499784615384609
9.423342307692314
31.686061538461544
24.901234615384574
14.75743461538462
99.79690769230804
86.87214230769254
22.054200000000023
73.59139230769237
34.20688076923083
103.8287038461543
36.441150000000086
39.70881538461538
5.647492307692312
31.0660923076923
49.52303076923071
26.575507692307696
30.528411538461576
9.738384615384629
53.18552307692334
32.21290384615382
100.66600384615415
43.495046153846
92.32346538461574
15.457646153846174
100.95767692307705
4.098434615384613
39.74159230769233
65.1605346153847
26.28752307692311
11.355065384615353
55.840426923077196
18.04772692307691
101.3853307692311
101.67003461538462
97.86717692307735
99.80811538461599
33.85321923076918
66.68043846153867
95.39317692307648
105.25646153846225
41.414484615384644
19.42525384615389
13.16905384615386
8.073484615384611
10.795388461538465
75.27746153846145
98.26262307692335
34.66847307692308
27.41476923076918
13.84856153846153
39.82110769230778
20.423307692307706
11.124326923076918
98.71757307692299
77.99581923076923
27.503080769230717
45.07114999999993
4.8609346153846165
47.73002692307703
99.33945769230849
2.5907499999999994
31.318846153846117
100.16822307692328
84.87366153846149
19.943057692307686
16.37145769230769
101.86247307692331
35.08826538461531
9.336492307692307
23.932799999999933
10.681438461538471
45.49761153846152
-0.02566153846153807
100.85652692307735
16.3403423076923
99.38238846153831
86.11023461538481
4.237807692307696
10.391569230769218
89.62568846153862
83.04564230769236
35.605003846153906
7.081950000000006
98.24693076923103
10.506769230769244
24.49408846153844
51.52094230769235
15.557615384615382
45.44983461538465
11.56083846153847
101.98349615384632
45.5060230769231
47.5653346153846
24.796242307692303
79.23477307692318
22.532457692307677
102.55254615384672
102.33644615384628
33.40402692307687
57.123250000000134
99.26579230769246
99.54301538461563
105.64273461538514
41.89316153846155
17.263742307692308
103.45541923076962
33.49644230769238
91.88048461538472
45.29633461538464
62.09532692307684
88.06094230769246
17.59585000000002
44.46918076923076
97.06171153846155
99.43366538461521
29.331961538461595
29.4603
101.18301153846141
18.053907692307668
100.95703461538511
27.895484615384557
61.563276923076984
51.971650000000096
47.18256153846157
32.98564230769232
10.190346153846145
98.851976923077
78.17501153846173
11.896276923076917
31.227134615384607
24.899800000000017
87.79646923076926
23.962219230769207
100.79950769230813
99.94701923076934
68.30949230769221
30.978461538461506
14.430465384615399
41.14642307692312
23.54125384615386
100.93480000000034
38.328261538461504
58.70782692307691
102.00108461538524
11.089899999999991
17.427253846153853
7.847861538461535
15.984496153846173
98.4373538461544
57.35331923076948
21.76329615384618
8.677488461538458
44.40299230769235
55.386130769230746
101.24471538461559
100.54330384615409
8.280976923076917
100.49408461538458
51.45682307692303
101.47070769230824
68.01252692307705
59.94927692307697
102.44278076923084
38.00841538461548
15.174619230769224
99.87641153846192
77.04353076923107
54.45499230769222
101.49500769230782
34.84110769230771
101.76716153846141
12.783426923076918
8.969661538461539
99.03801923076934
95.09659230769196
28.102811538461484
40.92952692307686
83.2285538461539
56.08000384615387
100.54936538461575
34.10316153846147
47.326169230769196
103.87186538461576
62.41749615384621
39.516557692307565
43.02665769230771
57.405192307692445
101.6378423076926
100.34757692307697
93.51723846153887
10.945200000000021
98.13262307692331
99.96652307692315
101.96073461538495
5.036584615384618
46.051123076923226
92.817730769231
83.31405384615388
103.85486153846183
42.93750769230769
6.3021307692307715
18.425811538461513
91.60745000000016
9.30039615384614
38.497580769230844
12.543188461538465
68.53381153846148
10.398561538461514
7.7945423076923035
103.00646923076957
12.029542307692298
102.88521153846207
43.12094230769231
66.21921153846162
102.1849653846157
100.81543461538499
17.97553461538461
104.34899615384636
13.275976923076907
6.217580769230776
99.72165000000028
100.46281153846168
61.26374230769226
101.32306923076933
87.23043076923089
33.32893846153835
73.45105384615401
58.551053846153906
32.53810769230771
74.06288846153835
30.56216538461538
102.16181923076935
102.74576923076957
13.121123076923078
28.963526923076895
95.05363461538457
105.38366153846192
6.488976923076923
100.02553076923148
101.91205769230753
102.66633076923135
102.67394230769256
103.75125384615382
9.688361538461537
98.41609230769234
83.54923461538476
36.39594230769225
18.937073076923056
100.11786538461558
43.76782692307704
7.262519230769231
7.037311538461536
81.71028461538496
87.36011538461533
103.3742538461542
94.49476153846183
99.39776538461538
6.568219230769233
38.32829230769236
101.47947692307734
53.65271153846159
63.747742307692405
65.89207307692313
57.135092307692474
101.9135269230772
6.892092307692314
102.37917692307732
28.163146153846203
98.63259615384642
56.224373076923065
99.11391923077005
99.08896923076962
46.81298461538473
5.379503846153845
81.40203461538478
18.31526538461535
48.79961923076914
102.21684230769236
74.08051538461534
23.228892307692302
101.44157307692375
102.8151653846158
101.6172384615388
9.170276923076932
97.3997730769233
102.83642307692367
12.739134615384623
101.60993461538486
17.724596153846157
55.52800000000003
23.311076923076957
82.6352000000005
9.081130769230759
31.91518076923071
75.34901538461538
30.565796153846147
11.185246153846148
26.929549999999978
101.77109615384668
21.32546538461534
101.3619115384619
17.17474230769235
73.77304615384605
38.026230769230786
45.97580384615391
4.1067807692307685
100.61973846153879
37.94601153846153
9.075253846153842
63.01284230769211
23.126280769230696
91.47888846153863
92.9211923076924
104.5923576923082
103.23233846153866
26.91314615384614
100.04620769230795
65.68626923076924
13.131707692307685
102.23469615384617
101.5970807692312
77.54554615384642
24.805334615384613
49.316242307692264
38.0711692307692
83.96594615384622
102.72070000000028
52.8621615384616
102.69410384615405
72.13658461538489
39.805373076923026
20.51068461538459
103.63138461538485
42.269715384615466
94.23766923076944
100.7977269230773
57.09321923076925
105.48349230769244
49.47314999999996
25.996869230769267
18.829980769230765
90.15845769230778
101.24415000000045
97.69446923076988
16.16466538461538
101.12680384615408
74.31638076923109
45.931719230769275
6.7582153846153865
20.521192307692285
65.86304615384618
43.52382692307695
24.541165384615393
7.837092307692306
55.723423076923034
11.228376923076915
103.28463076923127
102.16111923076936
48.90048846153839
41.61908461538462
100.2190576923079
103.29811923076944
46.09054999999996
102.93483076923086
103.78406923076969
101.36249230769246
88.47168461538506
101.50576153846183
55.80825384615397
99.37432307692305
103.35821538461573
68.63309230769215
35.56213461538458
35.20231153846153
11.766530769230775
100.54954230769253
6.847965384615387
75.66120384615392
97.2747692307695
103.38084230769272
31.13331153846154
104.76340769230758
58.99713846153867
103.13057692307721
103.69329615384649
87.98190000000007
102.73682692307719
81.4312230769234
29.794611538461563
48.67108076923087
102.13559230769295
18.06862692307691
101.70400384615418
69.37716153846166
73.89641538461558
57.711815384615356
101.92082307692331
102.48656923076939
41.18040769230775
62.34301538461542
67.8865423076925
82.12003076923082
47.024553846153786
26.250292307692327
79.06494615384631
17.000619230769246
102.23630769230793
94.32435000000025
24.204915384615347
101.3386423076926
102.87033846153885
102.84484230769303
87.00226538461568
69.72069230769222
104.49330769230835
60.662007692307625
55.60225000000002
64.78663461538473
64.05517692307691
102.92273076923134
42.05131923076925
83.54847307692306
100.95190384615437
26.092565384615344
101.05253461538514
101.99755000000013
31.28891923076924
41.79973846153837
101.33077307692334
17.056288461538422
99.63966538461564
59.26921923076921
28.21436923076928
102.76121923076951
10.868488461538472
29.988996153846127
16.75296538461535
42.50416153846155
23.059992307692337
38.9287692307694
106.53441538461567
77.20269230769242
104.68601923076956
60.37900769230788
57.59936153846156
12.378588461538454
100.71443076923133
100.96719615384602
77.82367307692328
102.70133461538491
87.09024230769225
103.96768846153883
90.62605000000015
27.03211153846156
102.17549230769262
62.78388846153865
101.90226923076955
24.761007692307643
4.141961538461537
101.36416538461593
70.74278846153858
101.10111153846161
101.77679615384619
97.99018076923076
101.32611923076948
28.668930769230833
102.92350384615392
68.9524461538462
104.50225000000053
100.37015000000035
25.83807307692302
6.485346153846149
103.87500384615451
25.38155769230766
103.8878153846158
9.441000000000004
29.117234615384614
33.749657692307736
103.35774230769259
44.70314999999993
60.560873076923194
101.70976153846173
21.405638461538494
83.60585769230798
74.17409999999992
44.312561538461544
38.083511538461615
29.561261538461572
96.84920769230801
30.70847692307689
24.8052730769231
77.43682307692326
35.522973076923144
91.45601923076939
13.495588461538475
67.2749192307693
101.21844230769256
102.30206538461532
75.20443846153853
36.00751538461531
60.59957307692305
102.1603269230772
39.06801538461532
104.74815384615401
100.99883846153857
45.869250000000086
40.531923076923064
87.86981923076924
104.271053846154
33.13726923076924
105.89304230769292
30.006199999999954
102.67481538461568
95.59642692307682
99.91044615384638
33.202265384615345
99.90410000000047
70.5659461538464
28.756103846153852
44.29152692307698
22.117173076923084
102.54715000000046
13.392946153846172
102.27427307692356
100.75744615384637
46.10925769230779
29.235376923076917
104.42998461538518
103.08235769230778
102.48757307692334
26.837284615384636
61.87712692307703
62.36000769230776
18.454134615384618
13.232600000000007
101.52055000000009
100.44816538461555
11.004423076923077
73.55093076923093
55.81540384615387
103.62196923076877
44.314823076923126
62.22588076923083
103.09084999999992
101.644830769231
48.00384999999996
27.977149999999966
24.91244615384613
101.4194500000001
92.81452692307722
103.3896807692307
69.36742692307688
19.962153846153846
104.45626538461579
54.93795
6.262080769230768
78.12369230769248
101.5606884615387
26.4756
80.14742307692296
44.388730769230776
100.81063461538467
26.653396153846177
102.77923846153891
95.8327807692308
14.173423076923065
25.382738461538445
103.01303846153874
90.62806538461577
61.6543153846155
44.04600769230783
40.89508846153837
21.06119230769224
101.77320769230782
22.031646153846157
101.07386923076947
101.53972307692341
101.04473461538511
101.34304230769278
3.627473076923077
99.6388153846155
102.98216153846187
23.731934615384635
101.63396923076976
102.43127307692343
102.59834615384639
104.54817692307748
102.28076538461589
106.72879615384633
110.0914307692311
55.22375384615391
104.34598076923135
101.86692307692333
104.0512384615386
104.57287692307742
104.3683000000003
97.56379230769251
104.16878846153857
51.21830384615394
47.52603076923082
26.786796153846147
21.51700384615385
105.50642307692362
104.41381153846172
15.719003846153843
103.63656153846183
104.01149615384627
86.6411230769232
104.19403076923125
58.7512807692309
97.47883461538457
101.6365230769232
101.35084230769237
87.60587307692309
104.80675769230812
69.92249999999999
32.732980769230714
73.69441153846188
13.743015384615392
16.042626923076913
52.893376923076985
42.64810000000009
106.0527730769236
50.48870384615386
40.24143076923082
58.872834615384726
21.530684615384644
80.14562692307723
105.45039615384633
102.09487692307708
37.83051538461528
42.941049999999976
102.08851923076935
16.521365384615386
101.72985000000035
104.89463076923083
101.59501923076944
78.84137307692325
42.27860384615394
105.81959230769242
35.248607692307736
102.59507307692301
81.57807307692345
103.28451538461553
17.584907692307684
62.19978461538468
6.4625999999999975
20.761603846153854
74.6129461538464
66.35654615384607
104.04618846153869
104.39851923076975
98.99022692307693
44.83111538461537
79.87905384615416
42.23605769230768
58.420915384615284
11.001284615384609
105.21273076923082
43.740842307692326
75.1160807692308
102.31845769230809
97.14008461538477
83.4629692307693
17.686638461538433
46.87664615384623
106.13623461538467
94.98738461538461
20.56894615384615
73.5726000000001
14.576449999999982
36.84852692307698
105.90916923076968
45.81954615384623
7.833584615384613
68.20830384615415
59.105188461538525
27.423284615384652
50.491576923077126
11.617784615384608
86.50735384615407
101.23523076923102
103.7427115384615
