0
133900
58400
10300
7300
70200
6100
115200
34800
55500
30500
24600
98500
93400
67400
36500
24000
64100
41900
107900
62300
42000
30000
5800
22600
42500
37100
23100
54500
14900
45400
53200
136300
50300
8700
133200
111400
35800
27400
56900
133200
100500
83200
46600
17800
29400
15700
49900
97300
36600
5600
53500
76000
26600
65900
34800
25300
133800
36400
42200
67700
133600
136400
62400
42000
85000
63700
14400
133500
134600
134100
130600
14000
11000
55100
16700
53000
24500
26500
132300
59100
119900
63000
68900
13600
136900
48000
135700
133200
31100
21900
35700
6600
32100
60400
10300
16400
8700
22600
34900
16000
5500
32800
67900
114500
72400
25500
42600
44400
47600
10200
69100
62200
55800
22900
132700
33000
83300
38400
37500
5300
94000
116900
119800
9000
133000
24400
77600
48600
79600
58900
14100
30800
15300
136300
134000
132600
91500
42100
63000
90600
79700
23500
15300
66000
135200
9900
136000
137300
28900
24000
25300
80200
43800
138000
20200
31800
110100
50800
5100
43700
96100
35600
132800
74800
13800
26700
10100
32300
66500
26800
13300
32200
18700
18500
137700
133300
134000
123600
133700
25700
126300
46300
13700
75700
10400
45300
12700
14200
130800
134500
33000
101100
66200
10600
31900
30600
79900
19400
48900
7700
78100
25900
61100
13200
96700
79700
32400
96400
11600
41600
135100
129400
31300
135900
39200
127200
104000
135000
101400
21600
23000
43600
19600
50300
56000
44600
58000
66100
136100
39200
55600
14400
135300
109000
61000
25500
114900
22000
23600
5100
36500
64900
33300
83300
127800
55700
29000
63700
69500
22300
85400
140600
49900
27500
88500
134200
118900
73300
28500
136400
136600
44400
11500
94500
54400
75100
93900
52000
136500
15600
127700
134500
136700
135500
134600
19200
18100
18200
38600
136000
62800
32300
25100
14100
61800
134100
105400
135300
107100
27600
67800
57600
50500
133200
12900
115100
4900
65500
24200
17800
19200
22900
46600
10500
134100
56500
39700
111300
64600
46000
33300
25100
99600
118700
18700
93900
137200
69500
118900
24700
117800
53900
138300
23200
80600
79600
93200
138500
44200
60900
90500
59500
20100
74200
38200
135900
112900
9400
5100
134700
51500
134800
11200
126300
9900
133700
14400
10100
65500
48100
135400
97800
132800
18600
102500
40800
79100
24000
99200
115600
66900
58300
5900
11900
35900
134100
35600
97200
118800
35600
40300
84800
118100
132400
134900
30500
19100
134100
50900
132600
85200
135700
63800
7500
37500
66300
83300
91900
109400
27100
137700
12000
91800
136300
16100
8000
77800
25800
126100
126100
23500
64700
71900
112700
17200
44000
100300
36400
136600
44100
135200
108100
21600
13400
43600
34600
20300
133500
117400
29900
100500
46500
138900
49400
53800
8200
43300
67300
36000
41000
13800
71600
44000
135000
60000
125300
21000
136400
6000
53700
89200
36500
16100
75300
24600
136200
137300
131200
133100
47100
91600
131200
139800
56700
27100
18000
11200
14900
102100
134000
46900
38000
18900
54200
29500
15500
135300
105600
37400
61100
7300
64900
134800
3900
43100
135300
113800
26900
23000
137900
48600
13400
32500
14900
61800
600
136400
22500
134500
117800
6100
14600
120200
112200
49200
10400
132300
14600
34400
69300
21300
61900
16200
136700
61200
64500
34200
108000
30800
136700
136700
45400
76700
133000
135700
141200
57900
23800
138100
45900
124300
61900
85700
121300
24700
60800
134600
135700
39700
40300
137200
24300
136000
38500
83100
70200
64400
47200
14500
135100
107300
16800
42400
35100
119900
32800
136100
135500
94000
42300
20000
56000
32300
135200
51400
81800
137300
15600
24500
11100
22300
132400
78300
30100
12300
61500
77700
137000
136300
11600
137300
72900
138700
92200
81800
138800
51200
21100
134600
103700
74500
137400
47700
137200
18100
12400
135500
129100
38400
57100
111600
77800
134400
46200
64000
139600
86000
54200
58100
77100
135600
135100
125400
15600
134000
135300
137300
7300
62500
127100
112900
141100
58100
8800
25400
123500
13200
53000
17500
93000
15000
10800
139400
17300
138500
60200
90400
138300
136000
25500
139300
18100
8800
135200
135900
83600
136800
119300
46100
98600
79100
43800
99400
42100
136800
138100
18300
40200
128200
142400
9000
137500
138700
138800
136900
140200
13700
134300
112600
48500
26100
135700
59700
10700
9800
110000
117500
138900
126800
134400
9400
52400
137700
73500
86200
89800
77100
136400
9500
137700
37900
132800
75500
135500
134200
64500
7600
108700
25200
66600
138200
101900
31600
136600
138300
135800
12900
134000
137900
17700
137300
24900
75400
32400
110500
12700
43900
103200
41800
15800
36400
135400
29100
137200
23800
101600
51700
62200
6200
137100
51400
12800
88800
32200
125400
125200
140000
139700
36600
134800
88700
17800
139300
137500
104200
34600
66700
52300
113300
137800
72200
138900
98300
54700
28100
139900
57700
126400
136400
78300
140800
67600
36700
25700
121800
136500
130300
22600
136300
101100
62700
9600
27700
88600
58400
33000
10800
76800
15500
138800
136800
65600
56700
134800
139400
62400
140100
139400
136900
119100
135900
75200
135300
139600
92700
48900
47500
16600
136900
9600
102500
134200
139500
42300
141300
81200
137700
139300
119600
137700
109300
41000
66000
136900
24600
136300
94300
100600
78500
136600
136800
55500
83700
92700
111500
64800
36800
106800
23700
137400
128700
33000
135600
138400
136900
117500
95300
140000
82800
75400
87900
87000
137500
56200
113200
135000
36900
134700
137800
41900
56500
135300
24000
134400
80900
38000
136800
14900
41800
22600
57900
32900
52300
142200
104400
140700
81500
78700
17500
134900
138000
105400
138600
118700
139700
122200
37100
135600
85100
138100
34700
5900
137000
98100
137200
136700
133600
136800
38700
137600
95100
139100
135200
35200
9300
138900
34700
138300
13000
39800
45100
138200
59800
82000
138500
29200
112700
100100
60500
52700
39700
129600
41500
33900
106700
48200
123800
18800
90000
136900
137000
102000
48600
83300
136400
52500
141500
135800
62400
54700
119900
138900
45800
140800
41600
138300
132500
136700
44700
133900
95100
38800
59700
30000
137800
18400
137900
136700
62000
40200
139900
140000
137900
37200
83100
84100
25500
18200
137800
135700
15700
99800
76500
140700
59900
84200
139100
136200
65000
37700
34000
136500
124700
140100
93500
27100
139600
74100
8800
104400
135800
36400
108000
60800
137300
36600
138400
128400
19600
34400
138400
121400
83700
59400
59100
29000
136100
30100
136800
135300
136000
135600
5300
135700
138500
32000
135500
137900
139300
139000
135700
141900
146600
73900
138800
136600
139700
139000
139100
130400
138400
68700
64700
36600
29700
141800
139800
21900
141100
139300
118400
138800
79000
134700
137900
138200
118400
140000
94900
43900
102100
18700
22000
71400
58500
141800
68700
54300
78800
29400
107800
140600
137700
51200
58500
138100
22600
137800
141400
139400
105400
57000
142100
49000
137900
109300
139600
24300
84000
9100
28400
101600
89900
141000
139400
133800
61600
109000
56800
78500
15100
142700
60200
103700
138700
130800
113400
24000
62600
141200
126900
27500
98800
19500
50600
140700
61300
11200
92100
79900
37200
67500
16400
115500
137500
139800
