0
-12.940000000000003
-12.870000000000001
-6.24
-16.78
-14.45
-17.98
-14.209999999999997
-12.170000000000002
-11.819999999999999
-11.59
-10.3
-15.35
-12.850000000000001
-10.219999999999999
-11.0
-10.44
-16.47
-12.030000000000003
-16.860000000000003
-15.150000000000002
-9.63
-13.27
-15.63
-11.84
-12.09
-8.7
-8.219999999999999
-16.800000000000004
-14.030000000000001
-13.620000000000001
-16.573076923076925
-12.58
-13.46
-15.130000000000004
-12.760000000000002
-13.99
-10.459999999999999
-8.08
-8.969999999999999
-6.300000000000001
-9.3
-14.79
-17.519999999999996
-12.62
-13.780000000000001
-15.97
-12.68
-8.97
-10.49
-11.280000000000001
-12.09
-9.16
-19.46
-11.44
-11.770000000000001
-11.180000000000003
-13.840000000000002
-11.56
-11.97
-11.299999999999999
-7.779999999999999
-10.65
-18.91
-15.34
-8.41
-14.83
-11.8
-14.62
-16.9
-15.96
-16.44
-13.1
-11.38
-14.590000000000002
-14.130000000000003
-19.070000000000007
-8.93
-10.410000000000002
-13.05
-14.81
-17.89
-9.51
-11.67
-9.03
-16.08
-13.049999999999999
-16.61
-12.793076923076923
-13.870000000000001
-9.13
-9.91
-9.0
-13.329999999999998
-10.180000000000001
-13.850000000000001
-9.690000000000001
-12.880000000000003
-14.700000000000001
-11.54
-10.753076923076923
-11.770000000000001
-12.91
-12.929999999999998
-12.22
-13.989999999999998
-10.12
-11.950000000000001
-13.63
-13.459999999999999
-14.750000000000002
-10.64
-10.47
-11.719999999999999
-17.860000000000003
-13.93
-9.860000000000001
-9.53
-17.34
-15.63
-17.689999999999998
-12.06
-14.469999999999999
-15.380000000000003
-15.860000000000005
-13.620000000000001
-13.440000000000001
-14.530000000000001
-13.090000000000005
-12.610000000000003
-15.83
-15.440000000000001
-8.649999999999999
-14.73
-17.24
-18.53
-11.94
-13.029999999999998
-16.32
-7.710000000000001
-12.42
-17.889999999999997
-12.19
-11.790000000000003
-17.880000000000003
-11.180000000000001
-10.850000000000001
-10.27
-15.030000000000001
-8.049999999999999
-11.28
-15.063076923076924
-12.3
-13.700000000000001
-11.879999999999999
-14.39
-15.27
-14.990000000000002
-11.3
-15.350000000000001
-10.75
-14.569999999999997
-13.060000000000002
-14.810000000000002
-15.06
-11.960000000000003
-16.57
-14.099999999999998
-12.33
-10.8
-12.56
-11.27
-13.94
-16.279999999999998
-15.57
-13.450000000000001
-15.280000000000001
-10.510000000000002
-12.36
-16.67
-11.11
-13.953076923076923
-19.65
-8.780000000000001
-12.819999999999999
-17.99
-12.13
-14.210000000000003
-11.610000000000001
-15.51
-8.879999999999999
-12.770000000000001
-15.02
-13.96
-19.32
-10.040000000000001
-7.65
-11.249999999999998
-9.88
-10.66
-14.16
-15.37
-16.57
-11.43
-11.190000000000001
-10.510000000000002
-18.58
-10.190000000000001
-15.099999999999998
-7.39
-12.590000000000002
-14.32
-12.700000000000001
-10.9
-9.58
-11.06
-17.8
-16.9
-13.05
-10.75
-9.96
-12.59
-15.450000000000003
-12.69
-14.09
-18.090000000000003
-10.6
-13.11
-13.639999999999999
-15.59
-15.850000000000001
-13.129999999999999
-11.33
-14.040000000000001
-13.05
-15.05
-14.349999999999996
-13.05
-12.69
-12.35
-11.26
-9.73
-13.48
-9.780000000000001
-13.96
-15.530000000000001
-12.550000000000002
-13.1
-13.660000000000002
-14.83
-18.759999999999998
-11.51
-12.84
-12.04
-11.659999999999998
-10.99
-12.209999999999999
-19.26
-16.330000000000002
-11.330000000000002
-16.810000000000002
-10.700000000000001
-11.270000000000001
-14.22
-12.320000000000002
-11.95
-16.343076923076925
-18.0
-15.660000000000002
-15.910000000000002
-13.990000000000002
-13.39
-10.36
-11.46
-15.45
-9.96
-13.08
-14.19
-17.82
-10.290000000000001
-12.040000000000001
-10.23
-12.740000000000004
-13.700000000000003
-12.6
-16.18
-14.840000000000002
-13.12
-12.330000000000002
-13.390000000000002
-21.35
-15.06
-11.793076923076924
-13.059999999999999
-9.920000000000002
-10.000000000000002
-15.090000000000002
-16.58
-10.14
-10.129999999999999
-8.33
-14.709999999999999
-12.970000000000002
-13.01
-14.79
-15.07
-8.680000000000001
-15.319999999999999
-11.52
-10.950000000000001
-17.55
-9.96
-15.249999999999998
-12.11
-11.2
-8.8
-9.77
-11.96
-10.409999999999998
-14.149999999999999
-17.723076923076924
-20.110000000000003
-14.549999999999997
-17.973076923076928
-9.87
-12.85
-17.83
-16.14
-10.73
-12.360000000000003
-13.400000000000002
-17.400000000000002
-12.95
-14.1
-14.210000000000003
-12.08
-10.379999999999999
-11.379999999999999
-15.95
-10.100000000000001
-11.680000000000001
-11.579999999999998
-16.39
-14.580000000000002
-14.339999999999998
-12.16
-18.06
-15.33
-14.11
-15.779999999999998
-11.75
-15.203076923076924
-12.739999999999998
-14.240000000000002
-15.170000000000002
-13.55
-13.879999999999999
-15.169999999999998
-16.130000000000003
-14.919999999999998
-11.780000000000001
-7.18
-17.75
-13.620000000000001
-15.460000000000003
-14.59
-17.8
-13.630000000000003
-10.920000000000002
-10.9
-17.14
-16.009999999999998
-14.069999999999999
-13.179999999999998
-12.83
-18.309999999999995
-10.68
-9.81
-12.88
-10.500000000000002
-15.129999999999999
-16.82
-11.09
-12.530000000000001
-16.55
-11.520000000000001
-15.4
-16.43
-18.860000000000003
-13.93
-10.4
-13.63
-18.78
-10.66
-14.500000000000002
-8.96
-12.730000000000002
-15.42
-13.93
-7.07
-11.99
-9.940000000000001
-15.720000000000002
-15.71
-13.43
-11.52
-8.16
-14.379999999999999
-12.45
-12.02
-14.440000000000001
-13.996153846153847
-15.31
-16.0
-14.680000000000003
-16.849999999999998
-14.540000000000001
-8.290000000000001
-20.75
-14.77
-10.560000000000002
-13.86
-14.19
-12.399999999999999
-14.329999999999998
-13.83
-17.060000000000002
-11.830000000000002
-15.820000000000002
-15.919999999999998
-11.669999999999998
-12.14
-17.72
-13.57
-17.83
-12.860000000000001
-10.910000000000002
-16.759999999999998
-6.46
-14.120000000000001
-11.239999999999998
-15.760000000000003
-16.543076923076924
-13.48
-11.673076923076922
-12.160000000000002
-8.489999999999998
-16.660000000000004
-16.630000000000003
-8.530000000000001
-13.13
-11.28
-10.45
-10.680000000000001
-12.709999999999999
-11.140000000000002
-11.8
-17.45
-15.713076923076924
-14.47
-10.96
-12.239999999999998
-11.240000000000002
-17.080000000000005
-17.0
-14.83
-14.360000000000005
-14.560000000000004
-14.71
-13.36
-13.13
-12.459999999999997
-9.88
-13.860000000000001
-8.799999999999999
-15.239999999999998
-10.86
-15.64
-11.959999999999999
-13.169999999999998
-13.110000000000001
-10.27
-12.260000000000002
-10.42
-17.9
-10.960000000000003
-15.459999999999999
-12.459999999999999
-13.45
-16.13
-9.66
-13.059999999999999
-15.843076923076925
-19.290000000000003
-14.920000000000002
-11.03
-17.049999999999997
-16.700000000000003
-19.16
-13.8
-14.270000000000001
-9.57
-15.960000000000003
-10.369999999999997
-10.81
-13.560000000000002
-15.689999999999996
-11.43
-17.86
-16.47307692307692
-12.149999999999999
-14.110000000000003
-13.39
-17.619999999999997
-16.849999999999998
-17.49
-10.709999999999999
-15.05
-15.09
-10.18
-16.09
-10.64
-12.27
-13.270000000000001
-12.16
-14.790000000000003
-15.260000000000002
-9.129999999999999
-12.849999999999998
-14.23
-13.46
-14.13
-10.740000000000002
-11.409999999999998
-15.000000000000002
-15.059999999999999
-17.919999999999998
-11.37
-7.51
-10.83
-8.43
-12.07
-12.729999999999999
-13.98
-13.799999999999999
-12.160000000000002
-15.240000000000002
-11.650000000000002
-7.550000000000001
-16.29
-11.77
-13.540000000000001
-12.820000000000002
-15.050000000000002
-15.479999999999999
-16.330000000000002
-10.88
-11.129999999999999
-11.01
-12.8
-15.69
-11.770000000000001
-15.339999999999998
-16.959999999999997
-8.01
-10.220000000000002
-10.1
-11.9
-12.870000000000001
-15.850000000000003
-13.483076923076926
-16.709999999999997
-9.43
-10.450000000000001
-15.750000000000002
-13.110000000000001
-16.970000000000002
-17.349999999999998
-17.16
-17.933076923076925
-10.91
-14.830000000000004
-14.27
-12.67
-13.16
-10.66
-13.670000000000002
-18.2
-15.243076923076925
-15.21
-7.290000000000001
-15.74
-16.25
-8.22
-11.21
-14.629999999999999
-17.46
-13.920000000000002
-14.233076923076926
-15.469999999999999
-18.753076923076925
-18.45
-16.71
-11.87
-16.47
-9.36
-13.52
-13.35
-16.36
-8.49
-16.990000000000002
-15.55
-17.840000000000003
-16.700000000000003
-10.07
-11.589999999999998
-13.063076923076924
-10.870000000000001
-16.7
-12.120000000000001
-17.88
-13.12
-13.56
-10.64
-10.22
-11.749999999999998
-16.349999999999994
-17.71
-13.18
-11.19
-13.149999999999999
-10.83
-15.089999999999998
-10.260000000000002
-11.15
-8.129999999999999
-19.78
-11.830000000000002
-11.63
-15.16
-8.579999999999998
-12.55
-19.870000000000005
-15.259999999999998
-14.906153846153847
-17.610000000000003
-14.260000000000002
-10.850000000000001
-16.950000000000003
-15.07
-13.160000000000004
-9.46
-18.490000000000002
-15.76
-13.463076923076922
-15.710000000000003
-17.81
-18.3
-19.26
-18.239999999999995
-15.88
-11.96
-14.049999999999999
-14.179999999999998
-19.87
-10.630000000000003
-15.430000000000001
-11.260000000000002
-14.290000000000001
-10.73
-18.03
-13.260000000000003
-16.060000000000002
-14.259999999999998
-14.78
-12.02
-16.53
-18.44
-13.969999999999999
-14.229999999999999
-13.32
-14.11
-11.910000000000002
-14.519999999999998
-13.399999999999999
-14.989999999999998
-16.200000000000003
-15.570000000000004
-12.980000000000004
-15.52
-13.580000000000002
-11.5
-10.63
-14.150000000000002
-10.889999999999999
-16.333076923076923
-16.480000000000004
-13.93
-13.209999999999999
-11.82
-15.329999999999998
-13.72
-11.65
-16.75
-13.12
-15.330000000000002
-12.770000000000001
-16.89
-16.14
-15.0
-11.950000000000001
-12.550000000000002
-14.39
-10.360000000000001
-14.340000000000002
-12.13
-8.2
-9.75
-19.18
-14.920000000000002
-9.180000000000001
-15.560000000000002
-19.05
-12.74
-14.860000000000001
-17.689999999999998
-13.37
-14.669999999999998
-12.020000000000001
-8.98
-13.200000000000001
-15.243076923076924
-13.22
-16.200000000000003
-10.850000000000001
-12.410000000000002
-11.483076923076922
-12.719999999999999
-12.549999999999999
-13.94
-13.940000000000001
-8.3
-11.97
-16.240000000000002
-15.91
-16.060000000000002
-11.59
-9.04
-11.73
-15.989999999999998
-14.850000000000001
-20.040000000000003
-15.533076923076926
-17.88
-15.419999999999996
-12.86
-12.640000000000002
-14.93
-16.6
-15.299999999999999
-12.25
-12.930000000000003
-12.92
-10.770000000000001
-16.750000000000004
-13.66
-19.98
-16.15
-7.279999999999999
-14.450000000000001
-13.35
-15.523076923076923
-12.73
-16.770000000000003
-14.120000000000001
-14.120000000000003
-13.309999999999999
-12.12
-13.29
-17.8
-11.230000000000002
-13.32
-14.499999999999998
-11.35
-16.603076923076927
-15.56
-18.42
-15.829999999999998
-12.39
-13.456153846153848
-18.59307692307692
-18.236153846153847
-13.499999999999998
-12.629999999999997
-11.47
-16.78
-15.350000000000001
-19.880000000000003
-11.63
-13.13
-9.290000000000001
-15.760000000000002
-10.89
-15.290000000000003
-10.843076923076923
-13.77
-14.68
-16.43
-11.55
-9.553076923076924
-10.95
-13.250000000000004
-14.56
-14.829999999999998
-16.630000000000003
-10.400000000000004
-13.479999999999999
-15.960000000000003
-8.650000000000002
-8.963076923076922
-14.079999999999998
-12.59
-18.61
-8.233076923076922
-18.973076923076924
-11.683076923076925
-11.89
-14.85
-15.683076923076925
-10.73
-12.920000000000002
-12.500000000000002
-13.45
-14.83
-17.580000000000002
-10.77
-12.35
-20.053076923076922
-15.800000000000002
-10.353076923076921
-11.940000000000001
-13.329999999999998
-10.52
-10.03
-14.203076923076923
-19.399230769230766
-16.88307692307692
-11.250000000000002
-11.040000000000003
-9.56
-12.639999999999999
-17.1
-13.700000000000001
-11.68
-11.66
-10.69
-11.709999999999997
-10.780000000000001
-15.800000000000002
-13.44
-10.010000000000002
-12.260000000000002
-14.330000000000004
-11.8
-18.07
-14.933076923076925
-14.670000000000002
-15.019999999999998
-18.950000000000003
-14.69
-13.990000000000002
-15.930000000000001
-13.710000000000003
-11.853076923076923
-7.710000000000001
-10.580000000000004
-12.959999999999997
-9.070000000000002
-9.560000000000002
-13.570000000000002
-13.983076923076922
-15.41
-12.16
-11.27
-9.860000000000001
-14.790000000000001
-16.870000000000005
-11.93
-13.39
-14.88
-11.18
-19.583076923076923
-14.440000000000001
-9.879999999999999
-11.350000000000001
-14.43
-8.0
-13.230000000000002
-14.363076923076925
-13.72
-9.82
-17.756153846153847
-13.21
-15.410000000000004
-9.89
-15.050000000000002
-11.879999999999997
-14.669999999999998
-18.523076923076925
-16.99
-16.560000000000002
-17.369999999999997
-13.43
-12.010000000000002
-12.329999999999998
-12.450000000000003
-15.31
-12.820000000000002
-12.19
-8.4
-10.46
-12.780000000000001
-13.7
-12.520000000000001
-12.18
-16.509999999999998
-15.19
-16.61
-19.043076923076928
-14.930000000000001
-15.67
-10.47
-13.240000000000002
-17.25
-13.819999999999999
-8.49
-10.72
-12.43
-16.53
-13.510000000000002
-12.983076923076922
-14.400000000000002
-15.44
-10.160000000000002
-11.27
-16.17
-17.103076923076927
-13.25
-9.930000000000003
-12.853076923076923
-14.09
-17.79
-12.870000000000001
-16.43
-16.64
-16.340000000000003
-9.43
-13.0
-11.899999999999999
-15.650000000000002
-14.783076923076926
-13.01
-10.32
-15.710000000000003
-14.703076923076923
-15.749999999999998
-16.68
-15.000000000000002
-14.459999999999997
-17.150000000000002
-13.010000000000002
-12.06
-19.31
-15.293076923076923
-11.853076923076923
-14.080000000000002
-21.900000000000002
-15.133076923076924
-13.450000000000003
-12.379999999999997
-14.809999999999997
-12.610000000000001
-9.32
-13.243076923076924
-14.100000000000001
-8.95
-16.133076923076924
-11.549999999999999
-14.820000000000004
-11.65
-14.33
-15.83
-15.3
-18.940000000000005
-14.39
-14.190000000000003
-19.346153846153847
-14.760000000000003
-11.309999999999999
-11.6
-15.130000000000003
-11.809999999999999
-11.473076923076922
-16.590000000000003
-15.74
-15.223076923076922
-12.540000000000001
-13.709999999999997
-16.26307692307692
-11.413076923076922
-11.14
-9.68
-8.103076923076923
-13.38
-15.98
-15.370000000000005
-11.320000000000002
-12.580000000000002
-11.696153846153846
-11.549999999999999
-15.78
-19.490000000000002
-9.240000000000002
-10.12
-11.879999999999999
-14.863076923076921
-13.99
-16.613076923076925
-9.89
-12.74
-11.709999999999999
-14.239999999999998
-9.179999999999998
-16.36
-17.193076923076923
-9.63
-14.100000000000001
-13.299999999999999
-12.560000000000002
-11.99
-15.52
-10.74
-12.79
-15.010000000000002
-12.209999999999999
-10.219999999999999
