0
-0.9295
-0.9085
-0.9253
-0.933
-0.8985000000000001
-0.9572
-0.8913
-0.9014
-0.9073
-0.9535
-0.9275
-0.9538
-0.9308
-0.9570000000000001
-0.9193
-0.9343
-0.8935
-0.9418
-0.8783000000000001
-0.9053
-0.9554
-0.9345
-0.948
-0.9176
-0.962
-0.9051
-0.9196
-0.8972
-0.8974
-0.9348
-0.9356
-0.8978
-0.9344
-0.9219
-0.9591000000000001
-0.9331
-0.9259
-0.9209
-0.9215
-0.9217
-0.9503
-0.8913
-0.9131
-0.9676
-0.9235
-0.918
-0.8857
-0.8882
-0.9109
-0.9334
-0.8364769230769231
-0.9476
-0.8985
-0.9485
-0.9576
-0.9335
-0.9568
-0.8991
-0.9263
-0.9323
-0.954
-0.9057999999999999
-0.9459
-0.9659
-0.926
-0.9666
-0.963
-0.937
-0.9588
-0.8853
-0.9274
-0.9067999999999999
-0.9009
-0.9217
-0.8983
-0.9368
-0.9031
-0.9558
-0.9631
-0.9152
-0.9126000000000001
-0.9257
-0.9333
-0.8955
-0.9008
-0.8836
-0.9466
-0.9225
-0.9192
-0.9041
-0.8944
-0.9259999999999999
-0.9098999999999999
-0.903
-0.9386
-0.9013
-0.9381
-0.969
-0.9435
-0.6712538461538462
-0.9226
-0.9031
-0.9621
-0.9137
-0.9658
-0.9304
-0.9162
-0.9063
-0.9242
-0.9428
-0.8733
-0.8964
-0.9498
-0.9351
-0.9013
-0.9683
-0.9064
-0.923
-0.9465
-0.9579
-0.918
-0.8922
-0.9241
-0.9621
-0.9129
-0.9136
-0.8986000000000001
-0.9316
-0.8142769230769231
-0.9158000000000001
-0.8912
-0.9723
-0.9202
-0.9133
-0.9173
-0.9304
-0.9026
-0.9042
-0.9122
-0.9318
-0.9123
-0.8636999999999999
-0.8926000000000001
-0.9521000000000001
-0.9264
-0.9395
-0.9111
-0.9247000000000001
-0.9338
-0.8924
-0.9309999999999999
-0.9494
-0.9215
-0.9037000000000001
-0.875
-0.8933
-0.9538
-0.9338
-0.9037999999999999
-0.9531000000000001
-0.9253
-0.925
-0.9364
-0.8826
-0.9289000000000001
-0.9411
-0.9343
-0.9226
-0.9288
-0.9450000000000001
-0.9849
-0.9129
-0.9358
-0.907
-0.8906000000000001
-0.8943
-0.9634
-0.9472
-0.9236
-0.9197
-0.9319
-0.9163
-0.8995
-0.9400999999999999
-0.9698
-0.9213
-0.9512
-0.8732
-0.9511999999999999
-0.9369
-0.9027
-0.902
-0.9543
-0.9337
-0.9271
-0.9886
-0.897
-0.9471
-0.8993
-0.9144
-0.9261
-0.9505
-0.8844
-0.9197
-0.9157
-0.9113
-0.9172
-0.8889
-0.9035
-0.925
-0.8947999999999999
-0.911
-0.9542
-0.8762
-0.9416
-0.9066
-0.9431
-0.8899
-0.9555
-0.9173
-0.926
-0.8748
-0.8959
-0.9317
-0.9679
-0.9084000000000001
-0.9158
-0.9138
-0.8882
-0.9412
-0.9636
-0.9474
-0.9332
-0.9498
-0.9097
-0.9390999999999999
-0.89
-0.8988
-0.9344
-0.9584
-0.9078
-0.9062
-0.8956
-0.9022
-0.937
-0.9509
-0.9515
-0.9497
-0.8862
-0.8546
-0.9338000000000001
-0.9116
-0.9247
-0.9541999999999999
-0.922
-0.9481
-0.9262
-0.9376
-0.8763000000000001
-0.9248
-0.9306
-0.9269000000000001
-0.9771
-0.9508
-0.9440000000000001
-0.9206
-0.9548000000000001
-0.9316
-0.9394
-0.9424
-0.9259000000000001
-0.9053
-0.9597
-0.8226769230769231
-0.9289000000000001
-0.9218
-0.925
-0.8872
-0.8511
-0.9308000000000001
-0.9122
-0.9388
-0.8952
-0.8867999999999999
-0.8974
-0.8755
-0.9334
-0.951
-0.9074
-0.9009
-0.9549000000000001
-0.927
-0.9473
-0.9732
-0.9028
-0.8689
-0.9420000000000001
-0.9059
-0.9103
-0.9528
-0.9752
-0.907
-0.9472
-0.9534
-0.8954
-0.9274
-0.8814
-0.9692999999999999
-0.9381
-0.9145
-0.9054
-0.9196
-0.8986
-0.9488
-0.9202
-0.9682000000000001
-0.9617
-0.9219999999999999
-0.9377
-0.8939
-0.8928
-0.851276923076923
-0.9206
-0.9586
-0.9433
-0.9593
-0.9611
-0.9563
-0.9109
-0.9087
-0.9323
-0.9101
-0.9116
-0.9121
-0.9263
-0.9226
-0.9547
-0.9248999999999999
-0.928
-0.9565
-0.9584
-0.8968
-0.9259999999999999
-0.9295
-0.912
-0.8909
-0.9104
-0.9546
-0.9163
-0.9232
-0.9135
-0.9593
-0.9573
-0.9099
-0.873
-0.9267
-0.9187000000000001
-0.9093
-0.918
-0.8836999999999999
-0.9294
-0.927
-0.954
-0.9375
-0.9557
-0.9325
-0.9198
-0.908
-0.9175
-0.8685
-0.8732
-0.9051
-0.9103
-0.9341
-0.9135
-0.9469
-0.9313
-0.9115
-0.9516
-0.944
-0.9292
-0.928
-0.837376923076923
-0.9285
-0.9135
-0.9196
-0.9162
-0.9433
-0.9107
-0.9116
-0.9061
-0.9216
-0.9198000000000001
-0.790976923076923
-0.9145
-0.9296
-0.9443
-0.8639
-0.9504
-0.9377
-0.9255
-0.9404
-0.9241
-0.9202
-0.9501
-0.9128
-0.9355
-0.9234
-0.9191
-0.9151
-0.9189
-0.9065
-0.9029
-0.8948
-0.9908
-0.8305769230769231
-0.92
-0.9146
-0.9016
-0.9075
-0.9468
-0.9365
-0.9349
-0.8808
-0.9296
-0.9162
-0.94
-0.8929
-0.8844
-0.9559
-0.9164
-0.9149
-0.9228
-0.9365
-0.9371
-0.9111
-0.9221
-0.8997999999999999
-0.9286
-0.8807
-0.9441
-0.8936
-0.9315
-0.9023
-0.9289000000000001
-0.9373
-0.9097
-0.9217
-0.9237
-0.8996
-0.9114
-0.9251
-0.9131
-0.9390000000000001
-0.9506
-0.9608
-0.9265
-0.9221
-0.9155
-0.9634
-1.0089
-0.9851
-0.9214
-0.9535
-0.9598
-0.904
-0.9033
-0.8926000000000001
-0.8821
-0.9741
-0.9307
-0.9616
-0.9335
-0.9709
-0.9107000000000001
-0.9559
-0.9338
-0.9044
-0.8992
-0.953
-0.9023
-0.9388
-0.7942769230769231
-0.9676
-0.9431
-0.9182
-0.9636
-0.9243
-0.9621
-0.897
-0.9917
-0.9269000000000001
-0.9437
-0.9525
-0.8688
-0.9375
-0.9269000000000001
-0.9459
-0.9106000000000001
-0.9529
-0.8822
-0.8923
-0.9342
-0.9443
-0.94
-0.8854
-0.9634
-0.8807
-0.9796
-0.9522
-0.8924000000000001
-0.933
-0.9378
-0.919
-0.9372
-0.9026
-0.8765000000000001
-0.9548
-0.9031
-0.9398
-0.9617
-0.9495
-0.9332
-0.9143
-0.9596
-0.9464
-0.8779
-0.8976
-0.941
-0.9417
-0.9296
-0.923
-0.9497
-0.9087
-0.9044
-0.790976923076923
-0.9005
-0.8996
-0.9403
-0.9273
-0.8736
-0.9359999999999999
-0.9171
-0.9296
-0.8816
-0.9039
-0.9007
-0.9126
-0.9439
-0.9502
-0.9283
-0.9178000000000001
-0.9171
-0.8941
-0.9269000000000001
-0.9124
-0.9109
-0.8908
-0.9296
-0.9067000000000001
-0.9424
-0.9366
-0.9218
-0.8845999999999999
-0.9096
-0.9365
-0.9227
-0.9336
-0.9179
-0.8805000000000001
-0.9705
-0.9547
-0.8906000000000001
-0.9547
-0.952
-0.9476
-0.9686
-0.9307
-0.9521000000000001
-0.9577
-0.827276923076923
-0.8948
-0.9721
-0.9628
-0.9384
-0.845276923076923
-0.9368
-0.9028
-0.9037
-0.9283
-0.9245
-0.9612
-0.913
-0.8928
-0.9305
-0.9285
-0.8857999999999999
-0.9145
-0.9767
-0.9255
-0.9282
-0.967
-0.9331
-0.9307
-0.8883
-0.9306
-0.9245
-0.8848
-0.9260999999999999
-0.917
-0.9489000000000001
-0.9151
-0.8947
-0.9288000000000001
-0.9359999999999999
-0.9345
-0.9611
-0.9314
-0.9618
-0.9585
-0.958
-0.9257
-0.9132
-0.953
-0.9452
-0.9407
-0.9132
-0.8596999999999999
-0.8913
-0.9573
-0.931
-0.9244
-0.9390000000000001
-0.8983
-0.9345
-0.8824
-0.9132
-0.9319
-0.9106
-0.9068
-0.9558
-0.804076923076923
-0.8382769230769231
-0.9431
-0.9134
-0.9164
-0.8993
-0.9417
-0.8899
-0.8821
-0.8899
-0.9248000000000001
-0.9074
-0.907
-0.9887
-0.9408000000000001
-0.9204
-0.9041
-0.9622
-0.9498
-0.9553
-0.9065
-0.9071
-0.9339
-0.9684
-0.9188
-0.922
-0.9222
-0.9276
-0.8973
-0.9195000000000001
-0.9463
-0.9036
-0.9618
-0.9537
-0.9029
-0.9212
-0.9060999999999999
-0.8954
-0.9006000000000001
-0.9571
-0.9269
-0.9126
-0.9461
-0.9061
-0.9016000000000001
-0.9277
-0.9545
-0.9111
-0.9011
-0.9682
-0.9129
-0.965
-0.9003
-0.9082
-0.8836999999999999
-0.9154
-0.8725
-0.9994999999999999
-0.9442
-0.9225
-0.9443
-0.96
-0.9013
-0.8905000000000001
-0.9206
-0.9166
-0.9365
-0.9483
-0.9186
-0.9218999999999999
-0.9400999999999999
-0.986
-0.9390000000000001
-0.8824000000000001
-0.9151
-0.9376
-0.9619
-0.9165
-0.9187
-0.9306
-0.912
-0.9318
-0.8380769230769232
-0.9826
-0.9455
-0.9083
-0.9093
-0.9014
-0.9366
-0.9456
-0.894
-0.9319
-0.8868
-0.9446
-0.8922
-0.9268
-0.9045
-0.9137
-0.9225
-0.9264
-0.9595
-0.8984
-0.9511000000000001
-0.8933
-0.905
-0.9849
-0.8755000000000001
-0.9318
-0.9499
-0.9339000000000001
-0.9092
-0.8911
-0.9102
-0.9021
-0.8879
-0.8904
-0.8755999999999999
-0.894
-0.9379
-0.9097000000000001
-0.8944000000000001
-0.9836
-0.9154
-0.9391
-0.8972
-0.9064
-0.9087000000000001
-0.8664
-0.9058999999999999
-0.9422
-0.9237
-0.9002
-0.9098
-0.851976923076923
-0.9244
-0.9223
-0.9392
-0.9042
-0.9142
-0.9608
-0.8723
-0.8931
-0.8714
-0.9395
-0.9559
-0.9329000000000001
-0.9218
-0.9544
-0.8137769230769231
-0.9249999999999999
-0.9074
-0.9188
-0.9369999999999999
-0.9252
-0.7843769230769231
-0.9149
-0.7164538461538461
-0.9125
-0.9288
-0.9461
-0.9371
-0.9191
-0.9395
-1.0
-0.9025
-0.9459
-0.9238000000000001
-0.9342
-0.9201
-0.9051
-0.8783
-0.8972
-0.9356
-0.8317769230769231
-0.9006
-0.9131
-0.9501999999999999
-0.923
-0.9395
-0.9087999999999999
-0.9296
-0.9208
-0.9569
-0.9376
-0.9126
-0.9480999999999999
-0.9454
-0.9309000000000001
-0.8874
-0.9144
-0.9383
-0.9096
-0.9138999999999999
-0.9245
-0.9134
-0.9374
-0.9480999999999999
-0.929
-0.9304
-0.9391
-0.9277
-0.8992
-0.9415
-0.8872
-0.8884
-0.8629
-0.8996
-0.8994
-0.9676
-0.9491
-0.9215
-0.9388
-0.8895
-0.9511999999999999
-0.9332
-0.9288
-0.9108
-0.9468
-0.8921
-0.9143
-0.948
-0.9337
-0.9148000000000001
-0.9347
-0.9587
-0.9282
-0.909
-0.9382
-0.9461
-0.9016
-0.9719
-0.9182
-0.8974
-0.791876923076923
-0.8889
-0.9041
-0.9329
-0.9148
-0.9099
-0.9265
-0.9315
-0.9123
-0.9511
-0.9349000000000001
-0.9195
-0.8734
-0.9347
-0.9387
-0.9423
-0.9299000000000001
-0.9565
-0.9097999999999999
-0.8954
-0.926
-0.9016
-0.8803769230769231
-0.9277
-0.9420999999999999
-0.9076
-0.9275
-0.9043
-0.9461
-0.9091769230769231
-0.92
-0.9225
-0.9488
-0.9145
-0.8935
-0.8922
-0.8769
-0.8945
-0.9228
-0.91
-0.9279999999999999
-0.9096
-0.9782000000000001
-0.9399
-0.9107000000000001
-0.8814
-0.9655
-0.9073
-0.9025
-0.9211
-0.908
-0.9552
-0.9064
-0.9124
-0.787176923076923
-0.9034
-0.9022
-0.9602
-0.9225
-0.8863
-0.9216
-0.9156
-0.9524
-0.9049
-0.9531000000000001
-0.9346
-0.896
-0.9099
-0.9744
-0.9196
-0.9298
-0.9264
-0.915
-0.9126
-0.9232
-0.9828
-0.8669
-0.919
-0.9499
-0.9265
-0.9297
-0.94
-0.9122
-0.9239
-0.9267
-0.9276
-0.8853
-0.9666
-0.9299
-0.9373
-0.9334
-0.9517
-0.8921
-0.8126769230769231
-0.9630000000000001
-0.9237
-0.8949
-0.9183
-0.9272
-0.9559
-0.8959769230769231
-0.8967999999999999
-0.9363
-0.9082
-0.9193
-0.9306
-0.8485
-0.9258
-0.8336769230769231
-0.9141
-0.9235
-0.8971
-0.8577
-0.8856
-0.9093
-0.9246
-0.9155
-0.9469
-0.9263
-0.912
-0.8925000000000001
-0.9246
-0.9106000000000001
-0.9466
-0.9430000000000001
-0.9486
-0.8872
-0.9084
-0.9173
-0.9274
-0.9538
-0.9204
-0.9833
-0.938
-0.9037
-0.9474
-0.9552
-0.9429
-0.9523
-0.9579
-0.9648
-0.9866
-0.9072
-0.9801
-0.9267
-0.9186
-0.9197
-0.9161
-0.9302999999999999
-0.9267
-0.9902
-0.9294
-0.9599
-0.9530000000000001
-0.9543
-0.9551999999999999
-0.8773
-0.9418
-0.9354
-0.9383
-0.9366
-0.9032
-0.928
-0.8817
-0.869376923076923
-0.8878
-0.9086000000000001
-0.9207
-0.9067
-0.9099
-0.9276
-0.9843
-0.777276923076923
-0.8672
-0.9611
-0.919
-0.911
-0.9311
-0.8415
-0.6956538461538462
-0.8902
-0.9086
-0.9229
-0.9430000000000001
-0.8803
-0.9322
-0.8712
-0.9576
-0.9592
-0.9383
-0.9595
-0.9537
-0.9351
-0.9194
-0.9675
-0.893
-0.9325
-0.9062
-0.888
-0.9268
-0.9
-0.9011
-0.9252
-0.9177
-0.9516
-0.9262
-0.9102
-0.9407
-0.9243
-0.8832
-0.8887
-0.9364
-0.9359000000000001
-0.9358
-0.9426
-0.9018
-0.8872
-0.8956
-0.9573
-0.9333
-0.9499
-0.9257
-0.9214
-0.9264
-0.9556
-0.9328
-0.9293
-0.9382
-0.9175
-0.9264
-0.9086000000000001
-0.9447
-0.9398
-0.9162
-0.8783
-0.8953
-0.9481
-0.8271
-0.9516
-0.9501000000000001
-0.8821
-0.9056
-0.9387
-0.9017000000000001
-0.965
-0.9533
-0.9109
-0.9527
-0.965
-0.9442
-0.9648
-0.9437
-0.9779
-0.9480999999999999
-0.9111
-0.9444
-0.9580000000000001
-0.9146
-0.9278
-0.9033
-0.8734000000000001
-0.9501999999999999
-0.8987
-0.9296
-0.9397
-0.9256
-0.9328
-0.9342
-0.9297
-0.9567
-0.8988
-0.9436
-0.8680769230769231
-0.9300999999999999
-0.8705
-0.9254
-0.908
-0.9302
-0.9082
-0.8984
-0.9587
-0.9427
-0.9731
-0.9171
-0.9589
-0.8984000000000001
-0.9475
-0.9215
-0.8816
-0.9289
-0.9286
-0.9031
-0.9267
-0.9205
-0.9392
-0.8973
-0.9403
-0.9380000000000001
-0.9233
-0.9403
-0.8996999999999999
-0.9172
-0.8914
-0.9168
-0.9305
-0.9435
-0.9281
-0.9539
-0.895
-0.8941
-0.9386
-0.9002
-0.8815
-0.9318
-0.9301
-0.9018
-0.9386
-0.8992
-0.9122
-0.9263000000000001
-0.9564
-0.9421999999999999
-0.9215
-0.9049
-0.8947
-0.9483
-0.9157
-0.908
-0.9105000000000001
-0.9708
-0.9499
-0.9363
-0.9095
-0.9413
-0.9312
-0.9148
-0.9254
-0.9959
-0.9693
-0.9811
-0.9363
-0.9148000000000001
-0.8659
-0.8983
-0.9316
-0.9237
-0.8663000000000001
-0.8971
-0.9124
-0.8882
-0.8612
-0.9646
-0.8796
-0.9162
-0.933
-0.9007000000000001
-0.9605
-0.9287
-0.9349000000000001
-0.9716
-0.8817
-0.9526
-0.9383
-0.8804000000000001
-0.9518
-0.9481
-0.9411
-0.9144
-0.9062
-0.9133
-0.9373
-0.8776
-0.967
-0.9343
-0.8581
-0.9420000000000001
-0.9673
-0.8998
-0.9549
-0.8891
-0.9751
-0.9288000000000001
-0.928
-0.8872
-0.9016
-0.914
-0.9142
-0.9319999999999999
-0.9222
-0.9315
-0.9176
-0.8883
-0.8683769230769232
-0.9351
-0.9009
-0.9311
-0.9158
-0.888
-0.9326
-0.898
-0.9184
-0.9359
-0.9621999999999999
-0.8942
-0.9787
-0.9551000000000001
-0.9507
-0.9259999999999999
-0.9081
-0.9215
-0.9697
-0.9814
-0.9796
-0.9511000000000001
-0.9165
-0.9294
-0.9169
-0.8878999999999999
-0.9421
-0.9285
-0.9004
-0.8296769230769231
-0.8919
-0.9009
-0.8499000000000001
-0.8787
-0.9103
-0.9509
-0.905
-0.8898999999999999
-0.8889
-0.9351
-0.9283
-0.7818769230769231
-0.859
-0.9094
-0.799776923076923
-0.8998
-0.9357
-0.9324
-0.9251
-0.9382
-0.9193
-0.928
-0.9427
-0.9390000000000001
-0.9333
-0.9585
-0.9117999999999999
-0.9556
-0.9536
-0.9692999999999999
-0.9259
-0.8887999999999999
-0.9328
-0.9077999999999999
-0.9605
-0.9503
-0.9405
-0.9256
-0.9057
-0.9224
-0.8936
-0.9207
-0.9348000000000001
-0.9528
-0.9218
-0.9247
-0.9319
-0.9006
-0.9326
-0.886
-0.909
-0.9042
-0.9530000000000001
-0.8698999999999999
-0.9651
-0.9147
-0.9167
-0.9675
-0.9378
-0.905
-0.8602
-0.9391
-0.9329999999999999
-0.9209
-0.9197
-0.9153
-0.9149
-0.9244
-0.9606
-0.9084
-0.9308
-0.9092
-0.9025000000000001
-0.9248000000000001
-0.9024000000000001
-0.9079
-0.9163
-0.9198
-0.8576999999999999
-0.9345
-0.8878
-0.8798
-0.818176923076923
-0.9355
-0.9319
-0.9166
-0.9707
-0.9257
-0.9051
-0.9266
-0.9598
-0.8952
-0.894
-0.8804
-0.9446
-0.9515
-0.8916
-0.9112
-0.9095
-0.9478
-0.955
-0.94
-0.9485
-0.9105
-0.9175
-0.9348000000000001
-0.9391
-0.9322
-0.9385
-0.8712
-0.9309000000000001
-0.9237000000000001
-0.9135
-0.9101
-0.9648
-0.9225
-0.9624
-0.8887
-0.7854769230769231
-0.9815
-0.9425
-0.9493
-0.9302
-0.9131
-0.9035000000000001
-0.8885000000000001
-0.9300999999999999
-0.8723
-0.9156
-0.917
-0.959
-0.9034
-0.8614999999999999
-0.9121
-0.8909
-0.8085769230769231
-0.8351999999999999
-0.9196
-0.9363
-0.9266
-0.8859
-0.8986999999999999
-0.9507
-0.913
-0.9202
-0.7818769230769231
-0.8526769230769231
-0.9318
-0.8678
-0.9137
-0.9673
-0.9739
-0.8881
-0.9607
-0.9259
-0.9075
-0.9272
-0.9309
-0.7498538461538461
-0.9346
-0.8792
-0.9128000000000001
-0.8675999999999999
-0.9426
-0.9681
-0.881576923076923
-0.9470000000000001
-0.9121
-0.8976000000000001
-0.9271
-0.9527
-0.9263
-0.9189
-0.9176
-0.9312
-0.9483
-0.905
-0.8838769230769231
-0.9423
-0.9002
-0.9364
-0.9002
-0.9377
-0.8847
-0.9496
-0.9251
-0.8642
-0.7985769230769231
-0.9195
-0.8955
-0.8949
-0.951
-0.9404
-0.9158
-0.9391
-0.9652
-0.9133
-0.9296
-0.9556
-0.9198999999999999
-0.9042
-0.9196
-0.9784
-0.8865
-0.8801
-0.9861
-0.9657
-0.9559
-0.9517
-0.9806
-0.9212
-0.9355
-0.9085
-0.9024
-0.9566
-0.9746
-0.9129
-0.8906
-0.8365769230769231
-0.9732000000000001
-0.9517
-0.9246
-0.8063769230769231
-0.9337
-0.8637999999999999
-0.9739
-0.9079999999999999
-0.9467
-0.9077999999999999
-0.9023
-0.9583
-0.8959
-0.9272
-0.9248
-0.9472
-0.9325
-0.8958
-0.9372
-0.6557538461538461
-0.9017999999999999
-0.8021769230769231
-0.9277
-0.7782769230769231
-0.9228
-0.9378
-0.8953
-0.8844
-0.9569
-0.8795999999999999
-0.9722999999999999
-0.9268
-0.796876923076923
-0.9582
-0.8999
-0.9303
-0.957
-0.8786
-0.9188999999999999
-0.9235
-0.8022769230769231
-0.823976923076923
-0.8024769230769231
-0.8785
-0.9284
-0.9091
-0.9028
-0.9109999999999999
-0.9462
-0.8892
-0.9447
-0.9175
-0.88
-0.8826999999999999
-0.8888
-0.8897999999999999
-0.8956999999999999
-0.9346
-0.9334
-0.9261
-0.9509
-0.9057
-0.9413
-0.9046
-0.859
-0.8826
-0.9284
-0.9410000000000001
-0.8893
-0.9180999999999999
-0.8948
-0.9213
-0.9154
-0.8988
-0.9859
-0.923
-0.9423
-0.9192
-0.9178
-0.8572000000000001
-0.9438
-0.9078
-0.8988999999999999
-0.9165
-0.9148000000000001
-0.8777
-0.9713
-0.9121
-0.8889
-0.8944
-0.8842
-0.8834
-0.9462
-0.9294
-0.8602000000000001
-0.942
-0.9298
-0.8695999999999999
-0.9326
-0.9297
-0.9488
-0.9464
-0.9636
-0.9121
-0.9172
-0.9563
-0.9082
-0.9189
-0.9142
-0.9833
-0.8904000000000001
-0.9176
-0.9353
-0.9376
-0.9171
-0.9226
-0.9299999999999999
-0.9558
-0.9253
-0.904
-0.9218
-0.8884
-0.9004
-0.9248999999999999
-0.9301999999999999
-0.9369000000000001
-0.8841
-0.8852
-0.8928
-0.8198769230769231
-0.908
-0.9289000000000001
-0.9255
-0.879
-0.9495
-0.9217
-0.9522
-0.9485
-0.9291
-0.8945
-0.88
-0.8559769230769232
-0.9337
-0.9335
-0.9268
-0.9073
-0.9293
-0.8922
-0.9088
-0.8898
-0.9206
-0.9793000000000001
-0.8651
-0.9144000000000001
-0.9054
-0.924
-0.9108
-0.9013
-0.9002
-0.8899
-0.9155
-0.8154769230769231
-0.9426
-0.782976923076923
-0.902
-0.9052
-0.8408769230769231
-0.8701
-0.9380000000000001
-0.9408
-0.9729
-0.8825000000000001
-0.9135
-0.9252
-0.9848
-0.9265
-0.9123
-0.9848
-0.9269
-0.9046
-0.8971
-0.9134
-0.8832
-0.9360999999999999
-0.9016
-0.9198
-0.9228999999999999
-0.9012
-0.8488
-0.8601
-0.917
-0.8831
-0.8497
-0.9514
-0.8763000000000001
-0.9196
-0.9269000000000001
-0.9274
-0.9334
-0.9483
-0.8364
-0.9487
-0.9398
-0.9073
-0.9053
-0.9175
-0.9326
-0.927
-0.919
-0.9281
-0.9094
-0.8953
-0.9102
-0.9135
-0.9501
-0.8815999999999999
-0.8906000000000001
-0.9234
-0.9345
-0.9158999999999999
-0.9181
-0.8707
-0.8952
-0.7345538461538461
-0.9514
-0.9235
-0.8724000000000001
-0.9095
-0.7884769230769231
-0.9173
-0.7210307692307691
-0.9094
-0.8847
-0.9319
-0.7986769230769231
-0.89
-0.892
-0.8808
-0.9153
-0.9416
-0.9614
-0.9431
-0.9117999999999999
-0.908
-0.9654
-0.9143
-0.9011
-0.9055
-0.897
-0.9306
-0.9484
-0.958
-0.9128769230769231
-0.9074
-0.9261
-0.8914
-0.9153
-0.7789769230769231
-0.9252
-0.9477
-0.8677
-0.9128000000000001
-0.9248000000000001
-0.8684
-0.9319
-0.9165
-0.9911
-0.9709
-0.93
-0.9396
-0.9724
-0.9173
-0.9
-0.9137
-0.9528
-0.8816999999999999
-0.8553000000000001
-0.9269000000000001
-0.925
-0.8967999999999999
-0.9315
-0.9167
-0.9610000000000001
-0.9117999999999999
-0.8886999999999999
-0.9293
-0.796976923076923
-0.9369000000000001
-0.9398
-0.9733
-0.8844
-0.8226769230769231
-0.8955
-0.9267
-0.9239999999999999
-0.9068
-0.786776923076923
-0.9751
-0.9068
-0.9724
-0.9249
-0.9468
-0.9144
-0.9251
-0.9669
-0.9037
-0.891
-0.9103
-0.9136
-0.9342
-0.8928
-0.8843
-0.9191
-0.8763000000000001
-0.8998
-0.9093
-0.9586
-0.9131
-0.8995
-0.9526
-0.8973
-0.9208999999999999
-0.9342
-0.9334
-0.9172
-0.8107769230769231
-0.9026
-0.9714
-0.9017
-0.9252
-0.9126
-0.8894
-0.777876923076923
-0.7532538461538462
-0.8804
-0.9248000000000001
-0.8934
-0.8934
-0.9293
-0.9267000000000001
-0.917
-0.8447
-0.8992
-0.9179999999999999
-0.9521
-0.9173
-0.8733
-0.9155
-0.8942
-0.7704769230769231
-0.8479
-0.8936
-0.9164
-0.8862
-0.9067000000000001
-0.9016
-0.907
-0.8698999999999999
-0.901
-0.9324
-0.9641
-0.9448
-0.9132
-0.8591
-0.9164
-0.9739
-0.887
-0.9475
-0.8831
-0.8639
-0.9265
-0.8951
-0.9008
-0.9003
-0.9849
-0.9153
-0.9364
-0.9179
-0.9299999999999999
-0.8697
-0.8794
-0.9065
-0.8798
-0.9313
-0.9403
-0.9302
-0.8696
-0.9747
-0.9101
-0.8859
-0.915
-0.8791
-0.8916
-0.9054
-0.9319999999999999
-0.8915
-0.9113
-0.8746
-0.9012
-0.9605
-0.9280999999999999
-0.833376923076923
-0.9425
-0.768576923076923
-0.9415
-0.8110769230769231
-0.8944
-0.9436
-0.9141
-0.856
-0.8578
-0.9262
-0.9065
-0.8873
-0.876
-0.9008
-0.9476
-0.8796
-0.8782
-0.8978999999999999
-0.775576923076923
-0.8996
-0.9326
-0.9734
-0.9364
-0.842376923076923
-0.9601
-0.9263
-0.9439
-0.906
-0.9289000000000001
-0.9141
-0.9225
-0.9085
-0.9281
-0.9572
-0.9271
-0.9607
-0.9494
-0.9518
-0.9584
-0.8982
-0.9391
-0.9396
-0.8983
-0.9
-0.9001
-0.9184
-0.9485
-0.9156
-0.9057
-0.9631
-0.9469
-0.9318
-0.93
-0.9083
-0.9021
-0.9101
-0.8897
-0.9545
-0.9344
-0.9278
-0.8906000000000001
-0.9026
-0.92
-0.9174
-0.758676923076923
-0.9414
-0.8979
-0.8897999999999999
-0.8733
-0.9479000000000001
-0.9151
-0.9394
-0.8984
-0.9076
-0.8873
-0.9506
-0.9566
-0.8805999999999999
-0.9034
-0.8878
-0.9232
-0.8996999999999999
-0.9319999999999999
-0.8986000000000001
-0.9464
-0.9671
-0.8938
-0.8470769230769231
-0.9188
-0.968
-0.91
-0.9029
-0.9069
-0.9097
-0.9348
-0.9165
-0.9097
-0.9314
-0.8985000000000001
-0.8795
-0.9604
-0.905
-0.9394
-0.9386
-0.9843
-0.8376769230769231
-0.9801
-0.9433
-0.9515
-0.827176923076923
-0.9263
-0.923
-0.9313
-0.8881
-0.9341
-0.9061
-0.8868
-0.9192
-0.8123769230769231
-0.9286
-0.9505
-0.9657
-0.9366
-0.9233
-0.9185
-0.9077999999999999
-0.9092
-0.9123
-0.9123
-0.9240999999999999
-0.9183
-0.9347
-0.9454
-0.9179999999999999
-0.7878769230769231
-0.861
-0.9237
-0.9224
-0.8836999999999999
-0.8804000000000001
-0.8954
-0.9482
-0.8582
-0.9068
-0.9122
-0.948
-0.8936999999999999
-0.9387
-0.9352
-0.9414
-0.9314
-0.8258769230769231
-0.9552
-0.9603
-0.9284
-0.9294
-0.9067000000000001
-0.8708
-0.9185
-0.9256
-0.9352
-0.8963
-0.903
-0.9385
-0.9331
-0.9466
-0.8981
-0.9113
-0.9626
-0.9093
-0.9712
-0.9077
-0.9011
-0.9299
-0.8628
-0.9308000000000001
-0.9268000000000001
-0.9061
-0.8606
-0.9010769230769231
-0.9095
-0.8788
-0.9103
-0.9063
-0.9121
-0.9444
-0.9065
-0.9489
-0.9028
-0.8696
-0.9127000000000001
-0.9521
-0.8815999999999999
-0.9168000000000001
-0.6927307692307692
-0.9511000000000001
-0.9276
-0.9363
-0.8568
-0.8944
-0.9303
-0.9256
-0.9350999999999999
-0.8273769230769231
-0.8722
-0.9701
-0.9572
-0.9254
-0.9555
-0.9116
-0.9678
-0.9267
-0.8927
-0.8677
-0.9759
-0.9385
-0.935
-0.9339
-0.9486
-0.9446
-0.9493
-0.9108
-0.9487
-0.9173
-0.8848
-0.892
-0.8835000000000001
-0.8899
-0.93
-0.8764
-0.9614
-0.9555
-0.8624769230769231
-0.9101
-0.8579
-0.9488
-0.9499
-0.9373
-0.8709
-0.8939
-0.786076923076923
-0.9448
-0.762576923076923
-0.9246
-0.9489
-0.8184769230769231
-0.8973
-0.9264
-0.8933
-0.8944
-0.9554
-0.9114
-0.9597
-0.9285
-0.9234
-0.9057999999999999
-0.9275
-0.8203769230769231
-0.8338
-0.9672
-0.8963
-0.9425
-0.9576
-0.8857
-0.9113
-0.8166769230769231
-0.7740769230769231
-0.9687
-0.8974
-0.9127000000000001
-0.923
-0.8694
-0.9225
-0.9605
-0.8887
-0.9397
-0.9057
-0.8999999999999999
-0.91
-0.9468
-0.9904000000000001
-0.9206
-0.9112
-0.919
-0.9263
-0.914
-0.8714999999999999
-0.8779
-0.8916999999999999
-0.9705
-0.9348
-0.9262
-0.9523
-0.8765000000000001
-0.9077999999999999
-0.9065
-0.8825
-0.9379
-0.9550000000000001
-0.9571000000000001
-0.9167
-0.9643
-0.9285
-0.8602000000000001
-0.9162
-0.9521
-0.8793
-0.8543
-0.9116
-0.9086
-0.8992
-0.9772
-0.9496
-0.9198
-0.8815
-0.954
-0.9012
-0.9233
-0.9379
-0.7611769230769231
-0.891
-0.9286
-0.9208999999999999
-0.8984
-0.9053
-0.9516
-0.9002
-0.9076
-0.9275
-0.9316
-0.9124
-0.9095
-0.9322
-0.9354
-0.8140769230769231
-0.9165
-0.9283
-0.9514
-0.8220000000000001
-0.889
-0.9259
-0.8972
-0.804876923076923
-0.9217
-0.9742
-0.9257
-0.9585
-0.8931
-0.9285
-0.8246769230769231
-0.9158
-0.9075
-0.9217
-0.9288
-0.9445
-0.944
-0.9885
-0.8619
-0.8788
-0.8913
-0.8936
-0.8834
-0.9435
-0.8776999999999999
-0.9312
-0.898
-0.9223
-0.8784
-0.9363
-0.9298
-0.9813000000000001
-0.8279769230769232
-0.8872
-0.9306
-0.8929
-0.9399
-0.9632999999999999
-0.9244
-0.9360999999999999
-0.9467
-0.9225
-0.9103
-0.9013
-0.9273
-0.9403
-0.9430000000000001
-0.9092
-0.874
-0.9464
-0.9432
-0.9237
-0.9382999999999999
-0.9052
-0.8983
-0.8975
-0.9579
-0.9177
-0.9194
-0.9461
-0.9327
-0.902
-0.8915
-0.8884
-0.9545
-0.9048
-0.8457769230769231
-0.8449769230769231
-0.8984
-0.894
-0.8972
-0.9418
-0.8444769230769231
-0.8969
-0.8165769230769231
-0.9642
-0.8947
-0.8714999999999999
-0.8477769230769231
-0.9168
-0.9247
-0.921
-0.8956
-0.9427
-0.9007000000000001
-0.9269000000000001
-0.9008
-0.835476923076923
-0.9003
-0.9198
-0.8822
-0.9421999999999999
-0.9577
